1616359301
1616101585
1612643727
1610900203
1607870420
1607796489
1606879248
1606259611
1604789798
1604177140
1602253910
1602122114
1602029222
1601327378
1601083336
1600875153
1600562280
1599839912
1599494973
1599434923
1599171912
1598035351
1597958831
1596659772
1596128320
1595971325
1595968230
1595963326
1595291349
1594307285
1594073072
1594053677
1593971798
1593710964
1593570283
1592411808
1591908816
1591649842
1590543825
1590449444
1590016187
1589568803
1589063137
1588796849
1588733944
1588702762
1588108237
1588030152
1587962005
1587917894
1587599323
1587580358
1587166893
1586991500
1586728045
1586705495
1586388779
1586369848
1586301980
1586270542
1586211539
1586113582
1586020134
1585948999
1585692165
1585598322
1585425550
1585282707
1585175642
1585099565
1584921330
1584629441
1584482368
1584284755
1584212522
1584138666
1584056664
1583692398
1583604249
1583538568
1583086880
1583019331
1582847385
1581778181
1581285462
1580603631
1580510449
1579823419
1579384504
1578973266
1578860717
1578623259
1578091589
1577818269
1577660624
1577487313
1576198181
1576023616
1575756030
1575140939
1574804453
1573495028
1573263042
1570819331
1570221902
1570053049
1569193523
1567879178
1567622547
1567611551
1567371363
1567285719
1567025425
1566848339
1566768831
1565824763
1565534923
1564938543
1564675962
1564616715
1564447495
1564346400
1564077982
1563228259
1562957482
1562884498
1562787551
1562294902
1562008021
1561691902
1561497969
1561423575
1561327477
1560782795
1560729295
1560271426
1560043644
1559944317
1559920951
1559765861
1559511769
1559400400
1559334695
1559161986
1559044299
1558790192
1558650378
1558634774
1558624368
1558396775
1558304436
1558136103
1557962321
1557097956
1557003549
1556762353
1556744078
1556664010
1556538751
1556399302
1556378292
1556309591
1556233408
1556138951
1556071603
1555854333
1555626151
1555453309
1555418709
1555280551
1555255780
1555189443
1554670441
1554502061
1554248285
1554164216
1554073428
1553962504
1553441681
1553212806
1553036823
1552845426
1551714618
1551313993
1551222311
1551055937
1550886687
1550447891
1550273363
1549935768
1549765981
1549546457
1549409198
1549335657
1549320520
1548469940
1548280207
1548085368
1547172153
1546915329
1546547063
1546484096
1546379865
1546120960
1545845013
1545749189
1545400192
1545188787
1544825393
1544652377
1544489392
1544142622
1543893242
1543676335
1542838968
1542740613
1542676096
1542457438
1542066511
1541862835
1541467509
1541344149
1541194202
1540938007
1540850406
1540759691
1540650574
1540416333
1540341614
1540246348
1540168697
1539823825
1539614018
1539459488
1539295451
1539036165
1538780386
1538526367
1538354062
1537996584
1537565088
1537306150
1537216280
1536793627
1536407122
1536337094
1536270994
1536013356
1535752786
1535491625
1535457004
1535053244
1534887583
1534812649
1534366035
1534005273
1533998141
1533825210
1533498048
1533313175
1533259810
1533218235
1532795988
1532736664
1532094804
1531516765
1531339815
1531099159
1530716596
1530545064
1530489944
1530390072
1530287317
1530045360
1529445409
1528682664
1528467464
1527525530
1527109047
1526741949
1526606238
1526240926
1525740041
1525470895
1524918277
1523801353
1523582303
1523365029
1523307122
1523201172
1522890839
1522790344
1522699785
1522615430
1522516370
1522369360
1522285546
1522185092
1522107161
1522001508
1521298882
1520883526
1519088468
1514740064
1510062311
