1614354465
1593498312
1593463627
1593434862
1593360707
1593270998
1593160569
1593080411
1593003367
1592896674
1592740862
1592637732
1592561484
1592486185
1592420144
1592314167
1592205745
1591948737
1591700535
1591616418
1591528230
1591368062
1591185046
1591003083
1590916031
1590820976
1590592424
1590353347
1590305581
1590238842
1590160385
1589970872
1589785057
1589540018
1589351759
1589288038
1589197796
1589063151
1588936520
1588836497
1588753102
1588662787
1588411738
1588328691
1588255365
1588161775
1588076617
1587967832
1587885877
1587803577
1587710097
1587545101
1587366888
1587278223
1587025472
1586936026
1586524495
1586308640
1585994925
1585905709
1585739329
1585564933
1585307672
1585145132
1584873571
1584466958
1584202795
1583906479
1583756388
1583657563
1583056752
1582794899
1582374975
1582278543
1582193000
1582013491
1581928166
1581840169
1581591028
1581412226
1581068443
1580409089
1580117109
1580024769
1579849510
1579676728
1579510963
1579250343
1579082276
1578991344
1578732298
1578645193
1578558360
1578474749
1578390722
1578293867
1577868453
1577855919
1577700695
1577441237
1577357503
1576911380
1576753046
1576743878
1576741936
1576668279
1576664852
1576664479
1576573379
1576500480
1576490768
1576484353
1576481905
1576412920
1576308046
1576214830
1576158412
1576132010
1576062769
1575976517
1575617793
1575538446
1575351357
1575018596
1574765925
1574672576
1574589321
1574500766
1574331739
1574148997
1574068290
1573737204
1573208060
1573097506
1573033685
1572849619
1572590045
1572439676
1572434447
1571990378
1571910088
1571735584
1571560901
1571391047
1571221824
1571217299
1571139657
1571131648
1571046977
1571044676
1571043087
1571042328
1570618339
1570351939
1570185645
1570094374
1569925547
1569916768
1569657510
1569584800
1569577546
1569499588
1569405857
1569320173
1569054526
1568888529
1568796489
1568792688
1568789261
1568621428
1568193431
1567927677
1567857999
1567772537
1567512278
1567241556
1566728045
1566369650
1565500372
1565273130
1565246073
1565177795
1565159280
1565094060
1565089720
1564994164
1564667404
1564652478
1564568314
1564481830
1564468702
1564389001
1564228552
1564128170
1564043864
1563875890
1563795157
1563719687
1563627071
1563609050
1563532446
1563453838
1563368607
1563356188
1563203114
1563191713
1562828623
1562767591
1562681775
1562660658
1562591992
1562422476
1562334006
1562070609
1561985198
1561909406
1561812734
1561729867
1561717953
1561648388
1561208772
1561207125
1561205055
1561203771
1561190966
1561129195
1561122458
1561101666
1560999938
1560922734
1560915365
1560870365
1560757712
1560609928
1560601615
1559662498
1559232714
1559230321
1559222362
1559143150
1558712166
1558709214
1558025108
1558024252
1557767872
1557764914
1557760383
1556901321
1556894259
1556505852
1556468768
1556429975
1556336817
1556119952
1555872157
1555867494
1555864026
1555700491
1555695704
1555689768
1555687788
1555166884
