1593436002
1593431129
1593356497
1593348578
1593341675
1593259330
1593254536
1593250583
1593183126
1593178237
1593173827
1593168342
1593101358
1593089019
1593016256
1592996347
1592981606
1592924298
1592922263
1592916647
1592911855
1592907166
1592841594
1592834938
1592823765
1592813038
1592754561
1592744983
1592729909
1592717892
1592573680
1592570190
1592566013
1592549825
1592490406
1592484426
1592480605
1592476066
1592464249
1592405953
1592395781
1592392243
1592387253
1592379247
1592321762
1592319054
1592317129
1592308432
1592305131
1592234980
1592225353
1592186418
1592185084
1592062895
1592052775
1592031113
1592028328
1591974775
1591971810
1591964377
1591893213
1591887060
1591877568
1591858056
1591807481
1591796865
1591792381
1591772294
1591715483
1591703979
1591695595
1591622078
1591600887
1591598875
1591530919
1591525319
1591465821
1591459857
1591447483
1591438463
1591364411
1591339186
1591276050
1591261010
1591197635
1591111049
1591091719
1591021715
1591006155
1590926545
1590853400
1590760354
1590683632
1590675317
1590669538
1590664843
1590649968
1590593836
1590571133
1590562275
1590505009
1590495669
1590487013
1590421782
1590412339
1590404437
1590399584
1590394181
1590332358
1590323371
1590320484
1590247919
1590219064
1590150657
1590144243
1590068749
1590064609
1590057565
1590047094
1589986379
1589980255
1589970102
1589960812
1589886085
1589881019
1589870938
1589819934
1589806301
1589802023
1589790217
1589732990
1589726913
1589720776
1589703910
1589698282
1589644413
1589631940
1589624236
1589612867
1589558579
1589546074
1589541181
1589531792
1589528603
1589523510
1589472811
1589461266
1589449651
1589440798
1589432076
1589386132
1589378554
1589373165
1589367606
1589367232
1589354840
1589295658
1589279836
1589271996
1589256993
1589205105
1589193628
1589181492
1589132489
1589114721
1589101660
1589045743
1589038024
1589032655
1589027602
1589019393
1589013418
1589007455
1588950275
1588946057
1588920447
1588869375
1588864572
1588857938
1588852747
1588784100
1588778249
1588769068
1588763691
1588759061
1588753599
1588696701
1588689510
1588661486
1588613118
1588604168
1588600058
1588595788
1588518063
1588439072
1588434868
1588427314
1588352309
1588336035
1588321141
1588317859
1588084011
1588078842
1588073235
1588046317
1588007398
1587998711
1587993400
1587919792
1587910006
1587829584
1587822009
1587814292
1587804888
1587740995
1587734978
1587727958
1587656473
1587650235
1587621361
1587570137
1587564130
1587556591
1587489602
1587478908
1587467934
1587462687
1587393850
1587389499
1587383629
1587317922
1587313327
1587300732
1587297415
1587282290
1587234686
1587230208
1587225897
1587221105
1587216791
1587194005
1587131525
1587127513
1587125791
1587121198
1587112277
1587053420
1587044505
1587034506
1586972929
1586961472
1586955627
1586950192
1586948659
1586942786
1586880174
1586879030
1586873797
1586869478
1586864604
1586790830
1586783455
1586779417
1586713194
1586695867
1586673654
1586624083
1586609388
1586606713
1586600086
1586536511
1586523051
1586510370
1586443403
1586437178
1586423742
1586365180
1586356888
1586347263
1586343951
1586328783
1586272520
1586266767
1586259959
1586251682
1586242879
1586180616
1586174678
1586155385
1586100130
1586092013
1586075892
1586018953
1586010225
1586003254
1585989404
1585928255
1585909656
1585843303
1585834882
1585830933
1585805599
1585764790
1585755425
1585743504
1585735743
1585723016
1585668412
1585661835
1585658322
1585643889
1585578798
1585571116
1585552506
1585494788
1585484103
1585476042
1585416530
1585407815
1585392651
1585318736
1585310262
1585299463
1585246690
1585238980
1585148520
1585143251
1585129068
1585070550
1585059821
1585049941
1585043303
1584979637
1584965444
1584956264
1584887778
1584877999
1584866875
1584796879
1584784230
1584716390
1584691669
1584629339
1584621175
1584606145
1584542155
1584530428
1584444831
1584424204
1584357118
1584202697
1584175832
1584093997
1584080758
1584026283
1583938541
1583829022
1583810055
1583757026
1583737685
1583661296
1583599243
1583590750
1583562784
1583483881
1583474909
1583417339
1583400706
1583338856
1583322428
1583310487
1583250489
1583235058
1583221460
1583162500
1583149454
1583068525
1583056092
1582964525
1582889948
1582878455
1582821589
1582812379
1582802662
1582788635
1582707280
1582639032
1582535346
1582469997
1582451578
1582430218
1582381351
1582363081
1582302290
1582296348
1582283960
1582271815
1582202998
1582190869
1582123489
1582042225
1581944518
1581933553
1581921918
1581875503
1581858677
1581851730
1581830499
1581774076
1581766161
1581759868
1581748854
1581691651
1581667461
1581603178
1581590557
1581576440
1581512618
1581498580
1581487329
1581427868
1581408119
1581334525
1581315234
1581261630
1581249799
1581226679
1581160054
1581136771
1581081390
1581061279
1580994308
1580973008
1580801983
1580791770
1580727861
1580537879
1580457088
1580391216
1580385611
1580368555
1580314123
1580218698
1580201149
1580127558
1580104138
1580044862
1580015882
1579948303
1579920489
1579878211
1579837181
1579751288
1579700378
1579680778
1579598182
1579511711
1579369562
1579351087
1579343119
1579261513
1579179110
1579156622
1579079487
1579020500
1579003722
1578990373
1578978930
1578931335
1578895424
1578843391
1578833245
1578824893
1578811730
1578746394
1578737822
1578642217
1578583264
1578553259
1578486216
1578464567
1578405692
1578391568
1578374007
1578325836
1578308477
1578292294
1578245796
1578234811
1578207532
1578149993
1578131229
1578066169
1578053203
1577967359
1577896421
1577877997
1577784017
1577697225
1577688666
1577622266
1577541914
1577447487
1577436525
1577367238
1577352166
1577345260
1577268050
1577252582
1577205797
1577160521
1577116128
1577098306
1577030503
1577008785
1576944236
1576926679
1576845419
1576831223
1576769980
1576745220
1576724619
1576590607
1576580798
1576576105
1576566981
1576490492
1576478959
1576422686
1576395343
1576381270
1576322491
1576303726
1576244484
1576236030
1576229286
1576183256
1576147317
1576127670
1576069029
1576042336
1575985244
1575976966
1575958719
1575905885
1575869982
1575813681
1575800795
1575711873
1575697607
1575641059
1575553004
1575536195
1575520338
1575481437
1575474854
1575447735
1575445200
1575432210
1575396185
1575390026
1575347263
1575288086
1575215829
1575198719
1575118664
1575097230
1575028012
1574961465
1574950036
1574919306
1574853686
1574841749
1574782849
1574770935
1574754403
1574751949
1574613163
1574594291
1574520742
1574508547
1574480443
1574435587
1574415472
1574394659
1574342442
1574330151
1574329188
1574256887
1574247684
1574175409
1574145376
1574134791
1574090562
1574084711
1574063144
1574054568
1574047913
1574005247
1573998192
1573981606
1573966339
1573963703
1573927852
1573921157
1573875411
1573804999
1573747546
1573730758
1573712835
1573710872
1573668015
1573654199
1573544723
1573469003
1573405063
1573376105
1573369621
1573308784
1573291300
1573187411
1573153598
1573153497
1573153244
1573153011
1573144912
1573127286
1573112858
1573100433
1573059568
1573013981
1572960567
1572925815
1572799771
1572793226
1572776244
1572710277
1572709361
1572677659
1572623789
1572607644
1572599813
1572589210
1572536486
1572519509
1572505248
1572437277
1572424908
1572406004
1572273037
1572265285
1572241242
1572188600
1572167018
1572102975
1572096103
1572014160
1571991428
1571935128
1571842377
1571817199
1571752856
1571744959
1571728545
1571676297
1571656854
1571594092
1571584416
1571565342
1571476800
1571423291
1571321179
1571294494
1571218588
1571209882
1571197770
1571078558
1571073454
1570888382
1570878273
1570867344
1570797661
1570783869
1570718300
1570691102
1570640115
1570619315
1570591199
1570554576
1570524190
1570454337
1570440633
1570352734
1570302606
1570276790
1570265706
1570257123
1570195613
1570168122
1570104363
1570086644
1570035983
1570034423
1570004268
1569948395
1569840242
1569825225
1569769272
1569754360
1569738452
1569640774
1569589991
1569575179
1569556877
1569510079
1569499525
1569470984
1569414685
1569396896
1569331857
1569324324
1569309427
1569247247
1569231009
1569156178
1569147833
1569129956
1569077470
1569058627
1569037753
1568985069
1568968527
1568899380
1568878238
1568822999
1568806048
1568800238
1568722474
1568703492
1568608325
1568547683
1568542516
1568466232
1568432977
1568370769
1568363226
1568348003
1568305352
1568287765
1568273836
1568265621
1568250657
1568215172
1568202411
1568187422
1568171051
1568107485
1568090699
1568029097
1568009132
1567942501
1567849750
1567769310
1567755957
1567743460
1567681368
1567610744
1567585932
1567574253
1567510291
1567502757
1567432996
1567418054
1567344917
1567269602
1567239337
1567176153
1567168712
1567155257
1567086106
1567071415
1567057588
1566990081
1566969765
1566909308
1566894138
1566880497
1566829327
1566820141
1566805221
1566800982
1566746401
1566736508
1566726358
1566706829
1566649135
1566488212
1566472215
1566455735
1566400029
1566387238
1566372867
1566291816
1566282591
1566225540
1566219601
1566211079
1566145754
1566137331
1566044770
1566028784
1565940277
1565875326
1565854916
1565697161
1565688548
1565676495
1565618631
1565616937
1565611263
1565594746
1565536216
1565507625
1565429722
1565367013
1565357958
1565341577
1565275842
1565269498
1565183883
1565162350
1565158774
1565096129
1564490562
1564474119
1564473387
1564473212
1564472976
1564464831
1564392022
1564316004
1564244849
1564224949
1564153553
1564136741
1564113624
1564073694
1564042163
1564035542
1563971081
1563960427
1563950141
1563884469
1563798059
1563784023
1563716214
1563629875
1563526696
1563523691
1563437599
1563368795
1563360452
1563349306
1563260912
1563182519
1563006327
1562928295
1562915057
1562848658
1562829320
1562742503
1562664762
1562659139
1562595294
1562562534
1562495537
1562329440
1562322932
1562249108
1562226911
1562163801
1562157317
1562128596
1562076201
1561989460
1561965818
1561907149
1561903416
1561883864
1561816886
1561804784
1561784815
1561743939
1561650600
1561622910
1561533792
1561474478
1561469635
1561450683
1561391391
1561361744
1561358840
1561303925
1561290834
1561224548
1561211512
1561194343
1561185355
1561122859
1561107126
1561095245
1561041593
1561015777
1560933086
1560925215
1560865455
1560831512
1560766039
1560742710
1560679038
1560673028
1560594529
1560495005
1560422424
1560409330
1560399424
1560351028
1560338561
1560235681
1560187506
1560083738
1560006454
1559996064
1559980235
1559903136
1559818525
1559804150
1559749940
1559736678
1559730827
1559722080
1559651324
1559631513
1559564710
1559547299
1559501129
1559467363
1559447183
1559395963
1559389468
1559377294
1559302098
1559286077
1559233661
1559208377
1559196942
1559135172
1559110809
1559055694
1559018877
1558966083
1558962008
1558953840
1558939998
1558782802
1558693765
1558617538
1558594726
1558528762
1558500040
1558438239
1558419906
1558358258
1558341928
1558275618
1558267243
1558191379
1558165850
1558102072
1558079207
1558067409
1557991670
1557910713
1557818954
1557758398
1557726046
1557640216
1557592534
1557578182
1557571159
1557508911
1557490812
1557481329
1557405774
1557380258
1557300311
1557234716
1557220707
1557219836
1557210189
1557156539
1557148200
1557135827
1557057442
1557042596
1556969686
1556952186
1556897080
1556804149
1556793517
1556773247
1556721039
1556650159
1556639708
1556607707
1556592493
1556543218
1556510900
1556370872
1556348034
1556338852
1556279211
1556271557
1556246195
1556212820
1556195559
1556031893
1556008609
1556001948
1555954978
1555912239
1555910535
1555818672
1555769424
1555736857
1555685999
1555607519
1555598637
1555573107
1555566997
1555514241
1555498218
1555482011
1555414561
1555407906
1555392193
1555384374
1555312659
1555249690
1555232280
1555222450
1555162770
1555131459
1555072227
1555072028
1555068247
1555068025
1555066447
1555061475
1555052903
1554991178
1554981058
1554964768
1554918289
1554896409
1554887170
1554827050
1554816094
1554790254
1554741660
1554712449
1554706279
1554646413
1554621401
1554555011
1554458823
1554449277
1554394717
1554390725
1554368006
1554310974
1554285714
1554207657
1554197484
1554104774
1554103384
1554092733
1554045718
1554029314
1554017905
1553954495
1553869060
1553807740
1553807131
1553806550
1553806064
1553805961
1553805892
1553805837
1553802844
1553802180
1553801396
1553772786
1553767990
1553707077
1553677381
1553662998
1553610085
1553596838
1553587469
1553578631
1553517811
1553512228
1553510501
1553505312
1553493611
1553431765
1553424428
1553420021
1553410678
1553407904
1553339844
1553331304
1553265192
1553250200
1553245306
1553171946
1553148039
1553110790
1553074742
1553058673
1552996136
1552983286
1552972935
1552914711
1552908300
1552895060
1552834070
1552833893
1552826844
1552823920
1552810068
1552720790
1552654621
1552642603
1552635316
1552573046
1552561511
1552546631
1552541287
1552497129
1552486234
1552464278
1552394086
1552384337
1552373018
1552370091
1552319422
1552311804
1552288250
1552285227
1552231177
1552210887
1552193860
1552143031
1552134510
1552130012
1552115856
1552068355
1552039493
1552037087
1552028938
1551963302
1551956392
1551945590
1551939121
1551882894
1551875954
1551868578
1551792125
1551778035
1551771369
1551755840
1551716883
1551705221
1551686151
1551672421
1551618282
1551611134
1551604898
1551602612
1551592561
1551535612
1551527082
1551516589
1551432716
1551412224
1551357165
1551352410
1551339759
1551335189
1551279509
1551260844
1551246484
1551189892
1551172410
1551161873
1551120930
1551097287
1551089250
1551073383
1551017906
1551005666
1550992638
1550985129
1550931603
1550920718
1550913232
1550903358
1550838593
1550835134
1550809854
1550762591
1550745137
1550725282
1550668197
1550642820
1550595361
1550576699
1550559946
1550497750
1550482169
1550417881
1550402108
1550320352
1550296995
1550227447
1550200679
1550147907
1550137175
1550076080
1550054973
1550039606
1549990913
1549963297
1549949511
1549892784
1549870131
1549862982
1549811922
1549802749
1549781191
1549722471
1549705673
1549693395
1549632586
1549602615
1549557989
1549536686
1549519606
1549465407
1549446134
1549433494
1549376585
1549361237
1549340463
1549270375
1549261982
1549195960
1549173896
1549116421
1549100198
1549082142
1549034500
1549005316
1548944157
1548925042
1548916842
1548860337
1548829061
1548770417
1548761146
1548751639
1548694324
1548670787
1548657724
1548609624
1548609320
1548608984
1548592587
1548581417
1548562915
1548523193
1548501686
1548490058
1548408985
1548326158
1548309476
1548222198
1548216351
1548162207
1548136307
1548075104
1548047838
1547979223
1547961580
1547893849
1547880878
1547815994
1547797357
1547741221
1547703736
1547622225
1547556120
1547532080
1547473068
1547380339
1547283883
1547215344
1547193973
1547122906
1547039834
1546960883
1546869922
1546756477
1546687683
1546581484
1546430462
1546322133
1546193150
1546169438
1546096839
1546068113
1545987123
1545904821
1545804351
1545730441
1545719593
1545658968
1545550289
1545464837
1545397659
1545311396
1545283514
1545226543
1545198924
1545109632
1545035016
1544941412
1544877591
1544790851
1544758547
1544677875
1544611149
1544595276
1544522482
1544517390
1544442581
1544337934
1544282805
1544281593
1544278837
1544259656
1544250934
1544184914
1544157567
1544112653
1544094247
1544075566
1543986506
1543931579
1543909760
1543909428
1543838842
1543817078
1543756792
1543735166
1543729938
1543664556
1543556859
1543478898
1543472603
1543407857
1543400295
1543381182
1543381089
1543380923
1543333961
1543292032
1543291755
1543235250
1543203089
1543123104
1543122590
1543073204
1542978882
1542974309
1542951440
1542942719
1542887962
1542883437
1542863332
1542807858
1542807720
1542781667
1542781555
1542712520
1542696757
1542696519
1542628869
1542604668
1542604525
1542549507
1542549448
1542530059
1542520631
1542446538
1542444155
1542443774
1542428112
1542428037
1542375238
1542289959
1542268152
1542267982
1542124670
1542094300
1542035921
1541929021
1541928723
1541848491
1541829528
1541748705
1541743909
1541742955
1541680728
1541658747
1541657768
1541595923
1541587296
1541587128
1541571554
1541571338
1541571109
1541517130
1541495321
1541494931
1541494716
1541484685
1541484075
1541428532
1541402972
1541336752
1541313488
1541313269
1541313013
1541248309
1541238503
1541236411
1541214943
1541159561
1540973226
1540973088
1540972846
1540972693
1540972489
1540806229
1540798334
1540797945
1540703939
1540630297
1540616060
1540442279
1540442063
1540441887
1540441698
1540395972
1540285909
1540204493
1540127409
1540113185
1540112940
1540112771
1540053987
1540022167
1540021546
1539947492
1539947274
1539935622
1539934856
1539931317
1539931052
1539758312
1539623211
1539603251
1539603090
1539602923
1539596206
1539499078
1539497925
1539497636
1539325854
1539288912
1539288013
1539165025
1539091195
1538981028
1538850982
1538850573
1538842908
1538720210
1538720108
1538719902
1538719837
1538719721
1538630878
1538482982
1538375358
1538375183
1538374867
1538308572
1538234380
1538223813
1538217155
1538202259
1538145042
1538142686
1537948384
1537948094
1537863336
1537863224
1537862936
1537788430
1537786164
1537514091
1537504152
1537435227
1537345559
1537345368
1537335956
1537259908
1537193882
1537193596
1537119463
1537119281
1537086966
1537086766
1537086389
1537083648
1537032099
1536985371
1536725640
1536661476
1536647698
1536647374
1536640732
1536505423
1536214150
1536214062
1536213412
1536149719
1535977158
1535976998
1535961989
1535958848
1535901916
1535901851
1535881841
1535856210
1535791536
1535704719
1535704136
1535631720
1535528850
1535528696
1535455477
1535454974
1535454404
1535380797
1535371686
1535343379
1535342880
1535342734
1535277184
1535272858
1535271121
1535092558
1535021113
1534953444
1534948470
1534948231
1534948119
1534947994
1534928301
1534822013
1534821718
1534702412
1534702300
1534697279
1534362169
1534329983
1534307534
1534307370
1534226140
1534226010
1534225895
1534225753
1534225674
1534225573
1534225438
1534163938
1534126948
1534084757
1534056482
1534056282
1533898080
1533897830
1533897719
1533892308
1533804058
1533803903
1533801994
1533801745
1533801394
1533729091
1533716528
1533713893
1533713771
1533657616
1533556561
1533556298
1533556125
1533479599
1533479028
1533451934
1533382913
1533320417
1533320369
1533237663
1533196392
1533187355
1533187252
1533187102
1533186947
1533136249
1533135908
1533135712
1533024013
1533023730
1532800705
1532800473
1532794965
1532782615
1532782322
1532782031
1532696537
1532536556
1532414088
1532166079
1532156465
1532093796
1532093662
1532093511
1532093226
1531930143
1531851984
1531851874
1531725493
1531724725
1531724148
1531723931
1531723601
1531675048
1531636706
1531636520
1531623633
1531555504
1531485495
1531485128
1530617728
1530617580
1530617406
1530617295
1530542237
1530432712
1530431425
1530431253
1530431130
1530430911
1530375442
1530340820
1530043242
1529996197
1529928614
1529784522
1529751920
1529751407
1529664230
1529663655
1529663437
1529576773
1529576431
1529576304
1529497844
1529497796
1529356017
1529352281
1529351993
1529351876
1528302420
1528302235
1528302128
1528188652
1528139004
1528117380
1528117330
1528113868
1528113756
1527928676
1527928512
1527928311
1527927971
1527927691
1527567557
1527532758
1527342721
1527330348
1527318959
1527316401
1527300828
1527300729
1527300522
1527256112
1527256095
1527256065
1527255883
1527255799
1527255726
1527255641
1527255610
1527086854
1527062806
1527025705
1527025625
1526976943
1526976850
1526976832
1526976824
1526969340
1526969211
1526969080
1526919829
1526913795
1526913733
1526913648
1526913433
1526913307
1526913215
1526890070
1526651358
1526552839
1526456496
1526456166
1526304395
1526292124
1526099411
1526098630
1526021668
1526021503
1526021417
1526021226
1526021131
1526020962
1526020787
1526020506
1526020108
1525847246
1525847184
1525665907
1525429458
1525161538
1525158808
1525158697
1525158601
1525009513
1525009426
1525009301
1525009038
1525008949
1525008870
1525008815
1524986283
1524984678
1524978116
1524978046
1524977984
1524977887
1524969930
1524838957
1524822880
1524822630
1524822376
1524809036
1524552483
1524552387
1524462613
1524462467
1524462282
1524462067
1524461952
1524461619
1524461584
1524461511
1524413591
1524412098
1524411937
1524411500
1524411353
1524410811
1524408364
1524408269
1524407582
1524407473
1524407196
1524407085
1524381605
1524381457
1524381310
1524381166
1524381008
1524380584
1524380370
1524329653
1524324669
1524324294
1524324162
1524322851
1524316372
1524315564
1524314841
1524309199
1524254238
1524253464
1524222011
1524221401
1524206753
1524159618
1524155471
1524066170
1524061597
1524056932
1524053397
1524053295
1524053204
1524053120
1524053027
1524051874
1524048444
1524047639
1523963090
1523884331
1523860663
1523860489
1523716185
1523452909
1523452552
1523240628
1523239148
1523200328
1523007088
1523006872
1522865745
1522761207
1522761042
1522759667
1522758237
1522679365
1522496557
1522333953
1522333796
1522333125
1522332986
1522332889
1522332780
1522242408
1522242302
1522242175
1522242098
1522240513
1522238788
1522238543
1522238457
1522238250
1522238129
1522151942
1522151810
1522151546
1522151085
1522136814
1522055423
1522008695
1522008326
1521988274
1521986920
1521983720
1521983586
1521981043
1521892680
1521819961
1521790137
1521790008
1521789901
1521788068
1521786996
1521786130
1521786042
1521737684
1521737068
1521732614
1521641040
1521626583
1521528830
1521463720
1521398683
1521360512
1521300690
1521296778
1521190246
1521024584
1521024328
1521024002
1521023787
1521023646
1521023351
1521016190
1520257558
1520257338
1520173283
1520173106
1520104980
1520096475
1520000064
1519999883
1519989379
1519989105
1519988465
1519988341
1519886059
1519822547
1519755661
1519629717
1519623118
1519579189
1519562017
1519551598
1519551259
1519551041
1519550803
1519550611
1519550383
1519474661
1519474539
1519474256
1519473328
1519473066
1519398179
1519379814
1519379442
1519379258
1519379005
1519372219
1519300037
1519297653
1519297174
1519281968
1519216054
1519211812
1519205202
1519188928
1519188669
1519188358
1519187570
1519147900
1519141763
1519137007
1519133737
1519130958
1519128486
1519124533
1519120666
1519119193
1519108830
1519082393
1519081786
1519044992
1519044367
1518967549
1518950723
1518950266
1518948056
1518946565
1518945910
1518939153
1518934404
1518920739
1518898740
1518895581
1518894836
1518884635
1518868284
1518829703
1518806076
1518793542
1518791969
1518790732
1518787070
1518785412
1518779084
1518766136
1518760581
1518756390
1518756324
1518755389
1518748879
1518745624
1518737355
1518735579
1518735421
1518732370
1518731978
1518731974
1518730548
1518726925
1518721365
1518712934
1518709982
1518706757
1518700241
1518698074
1518696754
