1593435881
1593404615
1593362270
1593353246
1593342910
1593335567
1593334533
1593329276
1593315934
1593282563
1593260385
1593255418
1593239856
1593172304
1593163309
1593153182
1593093102
1593073755
1592999938
1592999634
1592981694
1592977320
1592900031
1592891283
1592826491
1592813050
1592762297
1592722634
1592711228
1592706210
1592664290
1592660060
1592642086
1592641307
1592622107
1592575087
1592567502
1592559040
1592555271
1592544590
1592535217
1592497303
1592486280
1592476777
1592472294
1592467602
1592462505
1592402290
1592377187
1592370266
1592305398
1592300797
1592289295
1592237136
1592232327
1592220354
1592216566
1592211559
1592137733
1592130825
1592121364
1592116724
1592107694
1592062316
1592056742
1592051548
1592043748
1591970238
1591965644
1591953751
1591945225
1591940124
1591877113
1591863972
1591859854
1591859114
1591848038
1591807172
1591799041
1591787029
1591784170
1591775214
1591712469
1591703905
1591699642
1591687390
1591676187
1591639392
1591624697
1591620779
1591615461
1591603103
1591598509
1591544687
1591530079
1591526232
1591521602
1591516185
1591456229
1591452011
1591447996
1591443144
1591436956
1591364142
1591358732
1591350965
1591348719
1591334127
1591265989
1591259671
1591243035
1591175654
1591166245
1591102813
1591097013
1591016118
1591004664
1590935293
1590927778
1590841411
1590830354
1590776729
1590759286
1590734022
1590683962
1590675885
1590661479
1590595071
1590561370
1590558104
1590515846
1590490827
1590485342
1590410622
1590383531
1590336209
1590325625
1590307657
1590215961
1590157216
1590072594
1589905607
1589811705
1589734349
1589712253
1589705979
1589623305
1589617346
1589553836
1589528744
1589122579
1589106055
1589027292
1589010699
1588950638
1588933747
1588925005
1588782257
1588759883
1588729920
1588692881
1588671794
1588667633
1588601426
1588588540
1588515051
1588504937
1588432032
1588425129
1588412325
1588347284
1588342726
1588335841
1588324624
1588264671
1588260508
1588004329
1587998161
1587985962
1587976219
1587917002
1587892460
1587804421
1587754625
1587747334
1587729965
1587725224
1587722258
1587655658
1587647544
1587631643
1587624660
1587570780
1587558320
1587549613
1587540236
1587394234
1587368599
1587313733
1587290028
1587277862
1587227974
1587214531
1587195519
1587133792
1587125644
1587120510
1587107572
1587043024
1587036781
1587026384
1586943784
1586937888
1586879317
1586873478
1586869618
1586853102
1586786651
1586771676
1586762779
1586695635
1586686698
1586679331
1586622803
1586602197
1586595753
1586591167
1586532036
1586518666
1586515031
1586510148
1586447234
1586435044
1586426555
1586418468
1586341687
1586329808
1586270542
1586252222
1586242685
1586187542
1586166631
1586157355
1586089153
1586076610
1586071382
1586009410
1586005128
1585996207
1585913343
1585906798
1585897048
1585849894
1585845313
1585825211
1585819268
1585813929
1585745873
1585724342
1585658879
1585645153
1585637036
1585579028
1585570055
1585559301
1585551521
1585497777
1585481632
1585478927
1585413404
1585406598
1585398753
1585385405
1585376527
1585315207
1585310203
1585293267
1585241938
1585221982
1585217551
1585206905
1585143912
1585140499
1585131949
1585128390
1585056055
1585051690
1585042353
1585039613
1585036056
1584956394
1584946657
1584887823
1584874141
1584870797
1584861190
1584799726
1584790603
1584784151
1584777347
1584713554
1584702593
1584694998
1584683777
1584679117
1584634594
1584619090
1584610118
1584605398
1584600035
1584540132
1584527086
1584519687
1584447239
1584439061
1584431322
1584366090
1584342641
1584284921
1584262999
1584257607
1584205997
1584200511
1584194918
1584167074
1584098154
1584089378
1584078570
1584017241
1583989167
1583936747
1583929814
1583911571
1583842182
1583829816
1583824023
1583758127
1583739616
1583663602
1583650838
1583573987
1583562596
1583496964
1583480681
1583391442
1583307635
1583244329
1583224949
1583142921
1583133976
1583065711
1583059905
1583047194
1582964796
1582956845
1582902070
1582887353
1582874380
1582869615
1582800127
1582793862
1582784770
1582711813
1582706331
1582698924
1582623081
1582612841
1582551896
1582543816
1582527575
1582459390
1582448185
1582440627
1582372401
1582357337
1582282260
1582268813
1582200511
1582191455
1582184842
1582018092
1582010407
1581922352
1581919864
1581858722
1581778774
1581774253
1581752853
1581692329
1581685383
1581680658
1581662273
1581582731
1581517042
1581501812
1581488686
1581431936
1581423259
1581412378
1581402622
1581323848
1581313277
1581245515
1581237150
1581230685
1581174676
1581156260
1581152268
1581147646
1581083309
1581070719
1581062847
1580988973
1580972569
1580900225
1580893110
1580882647
1580830183
1580812254
1580804111
1580798078
1580735147
1580717570
1580710618
1580629416
1580623776
1580557921
1580545152
1580540233
1580480678
1580463504
1580456995
1580453679
1580393711
1580382830
1580373799
1580366170
1580300674
1580279020
1580204292
1580194333
1580141415
1580117327
1580107996
1580041153
1580035623
1580028074
1579950857
1579939898
1579936437
1579873120
1579849713
1579766374
1579763370
1579693644
1579683346
1579619146
1579608335
1579515835
1579433697
1579342322
1579335812
1579272921
1579257478
1579254482
1579246204
1579182827
1579169558
1579151950
1579106670
1579089595
1579080083
1578997628
1578988764
1578918144
1578911137
1578899340
1578893540
1578819392
1578812891
1578748881
1578732822
1578726576
1578719034
1578658630
1578647488
1578642918
1578572452
1578565158
1578559135
1578498311
1578485066
1578466090
1578385808
1578252069
1578223455
1578209516
1578202326
1578132986
1578115216
1578113062
1578045919
1577962198
1577948898
1577872927
1577863614
1577796584
1577790695
1577777329
1577772119
1577707426
1577702530
1577687203
1577624203
1577616029
1577605446
1577599506
1577541171
1577532120
1577524935
1577514208
1577465675
1577450392
1577438927
1577432332
1577377736
1577365377
1577359837
1577346817
1577295032
1577287715
1577273033
1577261828
1577196182
1577185173
1577178874
1577097959
1577090210
1577084154
1577029267
1577016425
1577004113
1577000165
1576932088
1576927334
1576919172
1576854349
1576845775
1576839177
1576835222
1576748243
1576740603
1576671756
1576666784
1576660697
1576652333
1576580134
1576573301
1576568828
1576502111
1576494808
1576485644
1576478514
1576403019
1576395263
1576329517
1576322202
1576311394
1576307123
1576260171
1576240795
1576232679
1576222600
1576220651
1576174837
1576163839
1576147821
1576134303
1576057932
1576053061
1576047826
1575983969
1575975195
1575967059
1575963553
1575960347
1575894818
1575885513
1575874207
1575818517
1575809574
1575798187
1575793770
1575719451
1575713255
1575707692
1575702261
1575630924
1575624013
1575618532
1575555512
1575541938
1575534828
1575471948
1575458194
1575445948
1575439681
1575373835
1575362835
1575352281
1575343573
1575297433
1575283431
1575273827
1575268143
1575192587
1575182681
1575172147
1575116040
1575110602
1575100326
1575034613
1575023696
1575015766
1574943582
1574931363
1574924536
1574917025
1574854146
1574845309
1574830474
1574776308
1574766443
1574763126
1574748349
1574690036
1574670870
1574664691
1574608539
1574597486
1574574278
1574500451
1574495720
1574424017
1574417238
1574408059
1574340961
1574333377
1574325974
1574320800
1574237797
1574179531
1574160014
1574154039
1574088228
1574075153
1574066477
1573994848
1573982909
1573978310
1573913614
1573901915
1573894475
1573823989
1573819082
1573813567
1573802823
1573733062
1573717187
1573714187
1573638050
1573631651
1573558376
1573548847
1573543821
1573476230
1573460680
1573454633
1573304558
1573293881
1573211674
1573204119
1573194530
1573132183
1573129627
1573117556
1573027502
1572961218
1572948210
1572939151
1572869577
1572859744
1572847491
1572778567
1572775284
1572682859
1572679010
1572629043
1572601901
1572597729
1572527362
1572520105
1572511478
1572506380
1572447162
1572431277
1572423603
1572359782
1572346039
1572270006
1572254959
1572250647
1572177471
1572093135
1572088882
1572007515
1571994180
1571988820
1571911777
1571901571
1571819290
1571735026
1571728232
1571671387
1571656619
1571647672
1571640592
1571634638
1571559033
1571507907
1571478458
1571469250
1571409698
1571397439
1571320137
1571315203
1571303215
1571296342
1571232666
1571224220
1571211293
1571152363
1571145122
1571127960
1571124056
1571042638
1571034315
1570981792
1570958807
1570953095
1570884559
1570875902
1570871082
1570865734
1570786755
1570782006
1570770200
1570765449
1570704435
1570698005
1570622549
1570618133
1570610893
1570548991
1570521361
1570516918
1570452572
1570433292
1570362454
1570348188
1570288436
1570260636
1570180720
1570170961
1570165446
1570114262
1570105870
1570104055
1570100963
1570090279
1570084263
1570022955
1570016913
1570001813
1569929710
1569927770
1569911521
1569851670
1569841521
1569837790
1569827743
1569823278
1569747624
1569671458
1569661954
1569654463
1569596382
1569584896
1569577778
1569520695
1569503579
1569498118
1569491602
1569486211
1569473128
1569420099
1569414132
1569400651
1569394738
1569318025
1569305976
1569224496
1569219205
1569163354
1569146445
1569136050
1569069990
1569060498
1569052758
1568968335
1568962537
1568889078
1568881344
1568874612
1568801577
1568796147
1568791259
1568729114
1568721227
1568713638
1568641371
1568626373
1568621469
1568547267
1568538928
1568529995
1568475813
1568454806
1568443020
1568438610
1568359309
1568277918
1568269884
1568203241
1568199889
1568186375
1568106643
1568099630
1568029998
1568026720
1568025895
1568016305
1567944024
1567937930
1567928254
1567924259
1567868596
1567853759
1567849880
1567840331
1567765634
1567754945
1567601806
1567579077
1567511381
1567505667
1567496025
1567427930
1567419803
1567412089
1567405086
1567349031
1567320658
1567244481
1567231449
1567167780
1567152935
1566982051
1566965584
1566899164
1566890494
1566808430
1566801936
1566732920
1566725492
1566717041
1566648980
1566640930
1566636210
1566630970
1566563843
1566549905
1566544826
1566539599
1566477048
1566462498
1566453357
1566395360
1566391699
1566282896
1566269538
1566218336
1566202710
1566196391
1566125870
1566119748
1566023366
1565955605
1565940150
1565872110
1565871433
1565860122
1565779879
1565703205
1565698585
1565679658
1565621585
1565613435
1565608308
1565592520
1565556578
1565532044
1565508165
1565428510
1565348463
1565336364
1565168378
1565083542
1565072726
1564996534
1564918995
1564917694
1564908692
1564833647
1564820108
1564811651
1564752482
1564738467
1564735704
1564731461
1564665993
1564656386
1564640772
1564567938
1564557092
1564552690
1564495884
1564487313
1564483058
1564469097
1564395860
1564390848
1564332750
1564301891
1564220165
1564206731
1564157503
1564152915
1564126758
1564058033
1563953258
1563878485
1563864192
1563790938
1563785217
1563774027
1563708869
1563700929
1563619943
1563614875
1563520135
1563451200
1563439813
1563435220
1563370341
1563366922
1563364948
1563347142
1563267177
1563200078
1563177362
1563102869
1563085143
1563007856
1563001863
1562937963
1562931771
1562921902
1562913665
1562840902
1562836081
1562827067
1562752754
1562742526
1562671966
1562665943
1562659569
1562657397
1562576183
1562569496
1562486608
1562475786
1562419934
1562418842
1562409167
1562396115
1562323359
1562315347
1562315073
1562266138
1562246670
1562230920
1562223259
1562139002
1562073412
1562067634
1562062407
1562058942
1562049864
1562045978
1561988964
1561889755
1561883619
1561872180
1561811488
1561801046
1561796710
1561791638
1561725507
1561641899
1561621799
1561617743
1561553825
1561538486
1561526395
1561457128
1561446283
1561439082
1561379939
1561367323
1561291633
1561283189
1561266943
1561213111
1561200834
1561199796
1561185054
1561117873
1561108621
1561098808
1561092695
1561033884
1561030070
1561027229
1561021611
1561015166
1560944345
1560938903
1560927070
1560859294
1560854041
1560841458
1560779896
1560743225
1560681567
1560670172
1560608789
1560588047
1560532447
1560518909
1560501509
1560494784
1560444421
1560436030
1560428046
1560417313
1560409693
1560405024
1560333450
1560323700
1560259881
1560243126
1560237270
1560233145
1560174953
1560079369
1560061362
1559991477
1559981931
1559893056
1559817539
1559810507
1559743923
1559737368
1559707356
1559633516
1559571002
1559457320
1559449956
1559377374
1559285079
1559225617
1559111212
1559041676
1559023493
1558954883
1558780913
1558765250
1558699941
1558600239
1558521147
1558506824
1558432349
1558419543
1558263743
1558258935
1558189222
1558089296
1557998637
1557988312
1557832746
1557747256
1557735563
1557671600
1557644969
1557569948
1557556327
1557492126
1557483023
1557470156
1557381564
1557294148
1557207497
1557133004
1557124140
1557047749
1557039011
1557033642
1556979125
1556964766
1556958831
1556952034
1556947686
1556880046
1556873904
1556864789
1556857261
1556799437
1556793429
1556787140
1556778847
1556773949
1556697891
1556689331
1556608188
1556602060
1556542337
1556526503
1556519001
1556455090
1556434745
1556427837
1556367255
1556280850
1556260283
1556187892
1556183151
1556174345
1556171263
1556100023
1556083922
1556009652
1556001732
1555936797
1555934537
1555919491
1555847959
1555843403
1555828602
1555742154
1555739361
1555679119
1555656041
1555588925
1555568086
1555563211
1555505593
1555501979
1555492890
1555482381
1555418132
1555411571
1555403654
1555393280
1555333689
1555328668
1555317593
1555312659
1555249352
1555246618
1555240393
1555229361
1555164728
1555156398
1555149233
1555137512
1555133081
1555076775
1555067404
1555059113
1555054281
1555046670
1554985448
1554981539
1554969799
1554965328
1554888560
1554878780
1554876549
1554793679
1554731891
1554716782
1554707443
1554698845
1554639184
1554635103
1554619364
1554614852
1554549845
1554538914
1554468875
1554456788
1554368131
1554271346
1554211818
1554203353
1554127690
1554101253
1554025277
1554012227
1553944561
1553932786
1553927227
1553862172
1553858082
1553840274
1553778409
1553758794
1553670107
1553664839
1553584073
1553511720
1553494598
1553423454
1553416172
1553330239
1553319864
1553238391
1553233452
1553171021
1553157633
1553149783
1553080439
1553073143
1553059900
1552984313
1552974296
1552905964
1552892935
1552888758
1552823222
1552818758
1552808455
1552727514
1552720694
1552715036
1552642153
1552629077
1552626184
1552587744
1552555787
1552544780
1552472713
1552461525
1552455607
1552374816
1552370332
1552305646
1552291052
1552283384
1552212850
1552202386
1552197173
1552190843
1552131834
1552123305
1552114687
1552111024
1552031651
1552024952
1551963121
1551956940
1551942280
1551938212
1551874247
1551857727
1551851633
1551788676
1551775420
1551769313
1551766496
1551698833
1551683002
1551678285
1551613289
1551598109
1551592921
1551518308
1551510057
1551505050
1551431397
1551420921
1551354678
1551350059
1551337814
1551332377
1551268564
1551247179
1551240548
1551186105
1551084564
1551077864
1551004590
1550992470
1550987403
1550920054
1550900209
1550830747
1550823488
1550821046
1550813801
1550727416
1550652203
1550647365
1550565241
1550479805
1550470532
1550401681
1550385423
1550302984
1550298825
1550295441
1550209742
1550153355
1550134514
1550126013
1550046627
1550039440
1549962492
1549953255
1549948956
1549874593
1549863462
1549692383
1549604622
1549523659
1549517861
1549440521
1549431603
1549363580
1549344529
1549263541
1549192039
1549172057
1549103899
1549097900
1549089531
1549000751
1548913400
1548849826
1548827510
1548762044
1548740505
1548664204
1548584349
1548578017
1548570782
1548488864
1548414765
1548398086
1548332276
1548328299
1548311607
1548229540
1548224953
1548159267
1548147840
1548139539
1548069561
1548053884
1547968659
1547962954
1547877844
1547808566
1547792103
1547712950
1547705163
1547630187
1547620041
1547472440
1547465900
1547447180
1547364242
1547360818
1547203205
1547188773
1547101655
1547030043
1547015977
1546945546
1546930624
1546861229
1546846440
1546758116
1546684473
1546670106
1546595977
1546506732
1546505182
1546418802
1546349134
1546331934
1546291274
1546249615
1546242922
1546240160
1546174382
1546169889
1546072944
1545977418
1545904470
1545745701
1545734156
1545655967
1545639616
1545633346
1545584747
1545562585
1545469722
1545457691
1545384858
1545374426
1545323319
1545319937
1545224195
1545215212
1545116056
1545040317
1545033131
1544954068
1544949519
1544857294
1544795774
1544787588
1544769682
1544636987
1544598128
1544511251
1544432643
1544424758
1544344925
1544269145
1544178679
1544165651
1544078268
1543991390
1543905747
1543832251
1543818710
1543744834
1543647291
1543571356
1543478153
1543401734
1543387991
1543313430
1543299507
1543215515
1543127659
1543043823
1542968685
1542954977
1542885856
1542871387
1542725797
1542611767
1542537382
1542522857
1542364296
1542349794
1542199569
1542177730
1542091691
1542007108
1541924585
1541850811
1541825764
1541759394
1541746896
1541674168
1541661971
1541600050
1541593944
1541523390
1541504785
1541496441
1541486018
1541409057
1541399718
1541245219
1541163252
1541153480
1541141024
1541069233
1541053793
1540967770
1540880829
1540806149
1540724832
1540462960
1540365328
1540293833
1540276477
1540121514
1540039284
1539932480
1539861790
1539845358
1539758555
1539671833
1539587491
1539512705
1539499225
1539433677
1539413274
1539333680
1539252942
1539240290
1539153041
1539082270
1539065299
1539001109
1538906304
1538897502
1538832783
1538743409
1538649457
1538574819
1538567971
1538485607
1538379245
1538300925
1538289351
1538216290
1538205770
1538181617
1538119519
1538105294
1538050075
1538035419
1538028253
1537945880
1537870145
1537859243
1537781365
1537770313
1537690965
1537616786
1537600964
1537439506
1537428256
1537355931
1537278406
1537253564
1537169120
1537090009
1537079699
1537013393
1536916971
1536907595
1536820535
1536753692
1536739630
1536734563
1536673169
1536572082
1536564610
1536494209
1536477458
1536400238
1536393194
1536322230
1536313556
1536302721
1536238951
1536219197
1536150417
1536130289
1536042923
1536042746
1535956726
1535895846
1535785520
1535709322
1535637474
1535627036
1535613218
1535535219
1535521817
1535461181
1535454510
1535444803
1535376561
1535358437
1535357615
1535288399
1535278661
1535273243
1535202087
1535190772
1535177488
1535115789
1535099444
1535091853
1535033927
1535024827
1535018621
1534939163
1534925866
1534771191
1534754883
1534748102
1534686180
1534669270
1534663566
1534604754
1534598877
1534595810
1534522088
1534509828
1534493154
1534423599
1534334505
1534329642
1534314745
1534229738
1534154398
1534148487
1534140792
1534065377
1533986729
1533977321
1533904343
1533896554
1533890100
1533810475
1533788486
1533731829
1533652144
1533648783
1533631874
1533572025
1533562248
1533544133
1533467900
1533455461
1533397966
1533388321
1533378099
1533363645
1533298098
1533287231
1533209543
1533206173
1533202193
1533187839
1533124447
1533024875
1532963437
1532855436
1532784476
1532771368
1532764409
1532623506
1532606996
1532534722
1532521963
1532517896
1532497362
1532423963
1532423607
1532253701
1532067302
1531996031
1531845903
1531832585
1531570084
1531559564
1531491084
1531460676
1531406743
1531315662
1531127929
1531122569
1531048957
1531048253
1531044240
1530967694
1530965554
1530954579
1530864120
1530791411
1530789159
1530788138
1530776367
1530692043
1530607950
1530537755
1530436719
1530422746
1530274262
1530273937
1530181913
1530008460
1529996207
1529925653
1529917943
1529912287
1529842194
1529839855
1529760535
1529751419
1529650951
1529487393
1529320747
1529304524
1529236358
1529129148
1529062830
1528965275
1528957711
1528800533
1528798029
1528792364
1528708524
1528618188
1528463957
1528442723
1528204349
1528202642
1528201950
1528201152
1527933878
1527850862
1527763236
1527751430
1527689356
1527599253
1527514308
1527513734
1527412383
1527319902
1527237716
1527163724
1527161583
1527148208
1527058663
1526983951
1526908871
1526896099
1526892406
1526796829
1526721470
1526718107
1526646160
1526637911
1526549880
1526542140
1526489043
1526375670
1526288234
1525938940
1525761059
1525692558
1525683192
1525605033
1525601306
1525510656
1525443184
1525428959
1525338931
1525262797
1525255076
1525174170
1525160642
1525152617
1525086814
1525078544
1525071893
1524989076
1524909558
1524904376
1524812143
1524738230
1524737605
1524720294
1524664209
1524642031
1524637502
1524569760
1524564364
1524554690
1524485493
1524469651
1524404598
1524391866
1524383838
1524377497
1524368348
1524329901
1524312591
1524306163
1524298969
1524286646
1524234184
1524227985
1524217042
1524209415
1524208457
1524142459
1524129623
1524121939
1524119580
1524058293
1524049411
1524036878
1523979257
1523963444
1523955939
1523881385
1523865585
1523789667
1523783777
1523776836
1523768149
1523716268
1523708128
1523685163
1523626303
1523616891
1523610881
1523525767
1523520907
1523428422
1523355742
1523276569
1523272776
1523256490
1523254008
1523199146
1523179792
1523103351
1523098281
1523087154
1523022876
1523009274
1522996139
1522957115
1522928439
1522847705
1522833364
1522763967
1522752532
1522740560
1522731360
1522650946
1522578641
1522570437
1522479758
1522411143
1522406317
1522399845
1522332365
1522327463
1522319483
1522235006
1522234512
1522214109
1522151371
1522131331
1522073945
1521993827
1521954019
1521887155
1521884138
1521875689
1521808499
1521782464
1521706999
1521638993
1521621751
1521551604
1521547503
1521529018
1521451049
1521384895
1521361874
1521353419
1521278319
1521193191
1521025281
1520926242
1520772222
1520752726
1520746956
1520685057
1520672503
1520665392
1520599111
1520588061
1520580512
1520515415
1520430514
1520347878
1520345384
1520321009
1520252286
1520233648
1520228384
1520154758
1520143665
1519990805
1519982255
1519972524
1519911063
1519906419
1519823472
1519812929
1519810849
1519728717
1519714520
1519649913
1519646856
1519629788
1519619974
1519563352
1519543993
1519484709
1519450745
1519401640
1519380314
1519380017
1519366739
1519366367
1519303805
1519283328
1519278942
1519217143
1519210898
1519201384
1519194680
1519187991
1519101213
1519098780
1519097465
1519092012
1519090508
1519088495
1519080127
1519079634
1519075561
1519071275
1519065975
1519050761
1519046677
1519044556
1519043477
1518962112
1518960760
1518951791
1518950590
1518946125
1518944945
1518943525
1518934033
1518933101
1518928285
1518876219
1518864885
1518812012
1518809773
1518803395
1518790769
1518788728
1518779866
1518779564
1518774006
1518771701
1518762376
1518753853
1518750911
1518747396
1518733419
1518728877
1518726731
1518717482
1518715769
1518715095
1518705216
1518700203
1518693678
1518685225
1518679591
1518673518
1518668417
1518660585
1518652898
1518639970
1518622048
1518566046
1518557860
1518552150
1518538410
1518441238
1516534228
1516531290
1516426407
1516368728
1516358387
1516349649
1516339404
1516278274
1516260347
1516200128
1516196055
1516181001
1516162002
1516089583
1516009155
1516000245
1515912839
