1617735708
1617482692
1617395773
1617388941
1617304774
1617221290
1616533303
1615495091
1615231982
1614800496
1614733308
1613950891
1613948035
1613509166
1613503113
1613070624
1612897684
1612824709
1612561671
1612479681
1611767965
1611767899
1611358295
1611004550
1610996163
1610921787
1610919897
1610317799
1610237404
1610146693
1610141414
1609653515
1609372587
1609367621
1608918567
1608762355
1608509978
1608077844
1608068040
1607393041
1607391655
1606693959
1606604380
1606508466
1606247332
1606246431
1605577122
1605344459
1605303779
1602877264
1602864700
1602712020
1602002762
1601837643
1601763177
1601757963
1601318190
1601243466
1601236159
1601072686
1600907319
1600900641
1600825297
1600731135
1600728750
1600366903
1600366666
1600366479
1599772046
1599515385
1599075923
1598999822
1598739696
1598716996
1598470155
1598227349
1598130663
1597966686
1597875534
1597788071
1597693255
1597247722
1597085883
1597084695
1597076060
1596661185
1596494546
1596492621
1596489677
1596399221
1596293454
1596262098
1595969604
1595966698
1595201147
1595197115
1595119712
1595031601
1594761902
1594425753
1594424875
1594326255
1594310201
1594247068
1594236074
1594162327
1594161727
1594094869
1594077965
1593981190
1593902074
1593901432
1593813160
1593706506
1593659465
1593658266
1593480300
1593479395
1593445973
1593304742
1593303479
1593117579
1593039901
1592676297
1592625727
1592602579
1592232489
1592181774
1592178000
1592087228
1592080600
1592004016
1591994544
1591836620
1591829992
1591738222
1591565907
1591561007
1590440884
1590187327
1589905905
1589839408
1589838723
1589669063
1589570608
1589384529
1589319482
1589317813
1589127648
1588887737
1588719705
1588719408
1588717469
1588535141
1588533781
1588532684
1588454354
1588453743
1588277524
1588274631
1588203684
1588193145
1588103266
1588023126
1588022372
1588022293
1587942343
1587940028
1587939695
1587849782
1587746452
1587733229
1587675738
1587674429
1587503845
1587502438
1587501175
1587498215
1587408025
1587405680
1587240303
1587233865
1587225014
1587069960
1587069487
1586990392
1586898801
1586897208
1586744015
1586729947
1586727099
1586725337
1586644248
1586553836
1586473376
1586459756
1586390876
1586363934
1586294911
1586126634
1586116285
1586102485
1586040738
1586038640
1585955104
1585952463
1585881497
1585851621
1585786530
1585775652
1585774448
1585697436
1585696261
1585696061
1585690312
1585689719
1585611837
1585610121
1585609896
1585605834
1585523262
1585523172
1585520562
1585517144
1585435650
1585433428
1585345113
1585259776
1585253550
1585177985
1585175851
1585171948
1585072258
1585057749
1585006596
1585001380
1584918938
1584917192
1584911861
1584839727
1584839433
1584743442
1584742783
1584725587
1584724309
1584720720
1584666085
1584654381
1584650883
1584638365
1584578483
1584577161
1584576376
1584485257
1584402894
1584393893
1584320180
1584315881
1584236043
1584218644
1584143720
1584069562
1583973096
1583972502
1583798184
1583774312
1583713809
1583548885
1583548494
1583458861
1583458378
1583371291
1583295835
1583286672
1583285398
1582929943
1582141029
1582070376
1581985637
1581977908
1581976628
1581799720
1581780769
1581626018
1581618313
1581531608
1581359894
1580680105
1580666805
1580597791
1580575622
1580320136
1580096220
1580064015
1580019411
1579974623
1579537278
1579391826
1579391485
1579246000
1578788712
1578781484
1578680215
1578432094
1578432044
1578353666
1578353272
1578343658
1578268482
1578247191
1578195162
1578169464
1578163983
1578107845
1578085100
1578011045
1578009493
1577990534
1577895753
1577816828
1577736246
1577735778
1577663269
1577562392
1577487819
1577336835
1576862828
1576461973
1576372277
1576281670
1576026894
1575936342
1575658077
1575590153
1575509235
1575480633
1575326591
1574996074
1574992819
1574959194
1574903139
1574894617
1574872368
1574810401
1574804716
1574804492
1574727964
1574720571
1574651332
1574648318
1574626691
1574196255
1573376905
1573251065
1573149694
1573087133
1572724302
1572623455
1572573638
1572561268
1572560299
1572559820
1572559401
1572461107
1572460038
1572415442
1572413844
1572406874
1572295702
1571943242
1571890886
1571865094
1571862026
1571760429
1571596689
1571533738
1571533614
1571532994
1571189670
1571189130
1571188985
1571013494
1570926537
1570841737
1570753995
1570730222
1570725629
1570651576
1570650408
1570582631
1570492888
1570491848
1570397544
1570395158
1570301482
1570222901
1570221585
1570221245
1568922990
1568867770
1568848376
1568693152
1568692165
1568659501
1568605047
1568409175
1568230992
1568057618
1567989765
1567462363
1567461363
1567371684
1567363053
1567313804
1567269578
1567206664
1567182633
1567180082
1567178911
1567054684
1567042913
1567029088
1567016222
1566778934
1566770148
1566759449
1566706874
1566685435
1566681323
1566681242
1566627240
1566611619
1566513291
1566511670
1566358686
1566330146
1566265783
1566168166
1566144691
1566137085
1566091256
1566090584
1566089463
1566073293
1565982388
1565926105
1565899269
1565897181
1565897027
1565578669
1565578533
1565562103
1565498757
1565302467
1565299496
1565238667
1565233648
1565218792
1565215957
1565136159
1565060893
1565058194
1564957303
1564954678
1561313689
1560899843
1560779061
1560728697
1557706515
1557706185
1557493664
1557493481
1557335710
1557335593
1557266603
1557260692
1557260486
1557147250
1557147058
1557146856
1557070396
1557070290
1557070122
1556222904
1553884035
1553878813
1553878727
1552836953
1552760146
1552704692
1552433643
1552172843
1552072925
1551817098
1551718368
1551717642
1550885200
1550774102
1550508757
1550453500
1550335667
1550174967
1550081466
1550005457
1549737185
1549582899
1549222654
1548803629
1548284609
1547769506
1547672631
1547409453
1547166238
1546631467
1546628849
1546372149
1545929482
1545929050
1545595838
1545419961
1545256344
1545156418
1545072740
1544820711
1544392630
1544153773
1543848193
1543613912
1543525944
1543517381
1543517272
1543517178
1543250531
1543250024
1543164631
1542938910
1542830109
1542482891
1542406980
1542406542
1542378899
1541610753
1541610691
1541220314
1540994630
1540602795
1540309570
1540253596
1540215047
1540148449
1539980376
1539957021
1539450410
1539116357
1538836909
1538106319
1537117202
1537117050
1537116587
1537029296
1536965005
1536964086
1536857411
1536857056
1536856591
1536773301
1536771611
1536771189
1536770078
1536702066
1536589563
1535417184
1535291976
1534834260
1533657582
1533586353
1533583040
1533582764
1533502067
1533492170
1533184407
1532823247
1532823125
1532391378
1532391367
1532045500
1531877889
1531877783
1531877754
1531416783
1531370469
1531082114
1531081700
1531063677
1530918776
1530660281
1530485839
1530310719
1530036875
1529872768
1529783777
1529420592
1529340028
1529196661
1529109965
1529101053
1529000762
1528997534
1528840897
1528840863
1528840831
1528814697
1528586917
1528497310
1528425834
1528303401
1528218921
1528157069
1528052646
1528052610
1527807271
1527807189
1527721600
1527714628
1527525102
1527379740
1527258607
1527197619
1527186342
1527186217
1527186141
1527116140
1527115596
1527036696
1526775981
1526757373
1526757051
1526577656
1526577465
1526152142
1526151111
1526069555
1525964001
1525963748
1525889710
1525883431
1525723028
1525722789
1525547696
1525361966
1525361471
1525361223
1525293798
1525181628
1525132236
1525119157
1524875548
1524784836
1524609932
1524609832
1524609661
1524237804
1524064447
1524064216
1524000419
1523911201
1523736012
1523735793
1523666345
1523666232
1523475637
1523475512
1523475457
1523233289
1523131729
1523131576
1522962707
1522962567
1522962371
1522884015
1522881422
1522877903
1522709218
1522709087
1522708384
1522708117
1522614707
1522611134
1522609412
1522555252
1522517931
1522517263
1522465999
1522362799
1522352437
1522352248
1522273811
1522173384
1522169330
1522168755
1522087343
1522087260
1521927593
1521927289
1521926908
1521925189
1521839234
1521839154
1521743350
1521742544
1521742288
1521659028
1521492267
1521492175
1521405766
1521317454
1521317241
1521316901
1521150780
1521074425
1521074257
1520880771
1520720774
1520720768
1520623040
1520622295
1520552316
1520450934
1520449220
1520448990
1520448824
1520444394
1520380643
1520380024
1520288165
1520287595
1520287466
1520281809
1520181347
1520109702
1520109549
1519931392
1519924562
1519761832
1519748431
1519747720
1519747104
1519744051
1519670965
1519670630
1519670242
1519589559
1519434121
1519236060
1519174683
1519172179
1519171745
1519171463
1519149636
1519119007
1519098659
1519090888
1519061502
1518938343
1518932889
1518927557
1518918280
1518905096
1518897195
1518890229
1518877721
1518875847
1518874794
1518867167
1518815610
1518814695
1518802993
1518757941
1518736880
1518731343
1518730242
1518717647
1518717113
1518710289
1518708061
1518707522
1518698432
1518694427
1518681153
1518675268
1518661175
1518655396
1518651663
1518649888
1518642278
1518626786
1516581823
1516581560
1516581082
1516414346
1516411713
1516322567
1516232139
1516230471
1516222048
1516220575
1516148570
1516147516
1516147368
1516067348
1515949781
1515704494
1515703990
1515680354
1515627517
1515607802
1515607706
1515606832
1515535474
1515535283
1515508008
1515438651
1515376465
1515376342
1515375542
1515189686
1515189195
1515087372
1515006976
1514937907
1514937030
1514766919
1514663566
1514653119
1514646771
1514582987
1514582658
1514568048
1514567663
1514567309
1514492073
1514486755
1514482075
1514333622
1514325812
1514325570
1514150127
1514149782
1513973642
1513887018
1513811869
1513810965
1513711912
1513711660
1513626372
1513626072
1513464120
1513463937
1513463807
1513382958
1513359652
1513358353
1513101289
1513100738
1513100384
1513024084
1513023744
1513023523
1513023220
1512929481
1512859277
1512829153
1512790341
1512750410
1512706430
1512698400
1512654027
1512590313
1512588922
1512583499
1512528630
1512528494
1512506725
1512506599
1512429612
1512341692
1512341359
1512337798
1512330157
1512252395
1512243751
1512238153
1512190040
1512163188
1512150720
1512141845
1512113555
1512106660
1512078735
1512063570
1511991648
1511905903
1511900522
1511895818
1511823968
1511823737
1511813126
1511554851
1511554474
1511554283
1511553891
1511535890
1511474547
1511295395
1511294681
1511294518
1511294421
1511279452
1511030035
1511029878
1510884662
1510872652
1510872624
1510866059
1510865547
1510791155
1510788149
1510605361
1510601511
1510524365
1510523110
1510436953
1510356925
1510275069
1510266088
1510265697
1510184922
1510100971
1510097780
1509915183
1509833564
1509832697
1509832342
1509832141
1509831869
1509740489
1509657718
1509655137
1509650281
1509647061
1509566430
1509513442
1509414810
1509403039
1509042489
1509042352
1508892408
1508713960
1508703385
1508691242
1508549313
1508549233
1508549023
1508430979
1508363023
1508362848
1508362416
1508362303
1508361966
1508283298
1508257592
1508110183
1508108948
1508108851
1508108565
1508108359
1508001459
1507942978
1507942580
1507942134
1507826354
1507826116
1507754693
1507653150
1507578972
1507566460
1507413093
1507412520
1507327032
1507242581
1507242402
1507242036
1507095092
1507094697
1506981901
1506911473
1506911029
1506910562
1506793951
1506698883
1506658731
1506542548
1506450141
1506370664
1506370081
1506295689
1505958446
1505693441
1505525345
1505402064
1505401779
1505352430
1505245876
1505141851
1504999514
1504890192
1504888696
1504831936
1504737157
1504735992
1504708673
1504645015
1504637849
1504533443
1504464261
1504217185
1504215735
1504124530
1504117802
1503864976
1503856596
1503856570
1503856553
1503765429
1503518788
1503512897
1503419967
1503414191
1503345691
1503335604
1503334388
1503174582
1503071699
1503071360
1503071173
1503001795
1502921252
1502891452
1502755337
1502754500
1502682630
1502658826
1502571415
1502565545
1502490010
1502489306
1502489241
1502488298
1502479658
1502392263
1502391676
1502300709
1502155272
1502139023
1501960751
1501702812
1501529160
1501435447
1501435068
1501261558
1501108190
1501107597
1501022216
1501021296
1500925442
1500671854
1500670331
1500665703
1500397773
1500391201
1500311916
1500245446
1500233240
1500066933
1500066690
1499989271
1499978225
1499920177
1499887630
1499886223
1499813971
1499813068
1499540469
1499387577
1499382841
1498862371
1498660002
1498600496
1498509133
1498503834
1498447148
1498266789
1498238982
1498174426
1497908709
1497810397
1497746567
1497745949
1497744422
1497551427
1497484819
1497484611
1497397971
1497299531
1497115124
1497047056
1497046898
1496878779
1496781107
1496780490
1496779733
1496687141
1496505028
1496443366
1496443302
1496359853
1496350994
1496265785
1496256949
1496173582
1496168089
1496168047
1496082412
1496076540
1496074988
1495919957
1495917639
1495917437
1495916789
1495842886
1495842336
1495742826
1495742480
1495741964
1495684984
1495584238
1495583825
1495583557
1495410369
1495410118
1495408399
1495304085
1495234371
1495230050
1495140666
1495140021
1495133535
1495058114
1494967993
1494896194
1494707146
1494629076
1494626410
1494536831
1494517671
1494509777
1494459161
1494431293
1494372197
1494371615
1494370819
1494254711
1494254272
1494200310
1494043752
1494014619
1493939694
1493909813
1493751272
1493750225
1493745737
1493743001
1493683608
1493683511
1493683101
1493681901
1493610005
1493569188
1493519828
1493490080
1493489396
1493442375
1493438178
1493244141
1493239886
1493239542
1493236420
1493164325
1493163860
1493163584
1493077780
1493075370
1493042590
1492993908
1492993125
1492991198
1492904346
1492903681
1492889500
1492814601
1492735212
1492734578
1492635321
1492635050
1492557340
1492557290
1492462904
1492462757
1492281228
1492126020
1492125606
1492114533
1492041049
1492040793
1491863073
1491862583
1491781851
1491667373
1491605315
1491506327
1491498152
1491355647
1491355553
1491355383
1491244556
1491243408
1491078377
1491077611
1491067932
1490997903
1490995910
1490995748
1490917503
1490904127
1490717267
1490716959
1490658360
1490658038
1490642041
1490563887
1490391421
1490370579
1490298273
1490220494
1490196671
1490025708
1490024685
1489972148
1489777428
1489721838
1489696609
1489614521
1489530276
1489441066
1489440782
1489440259
1489365496
1489364523
1489283101
1489249101
1489248350
1489179827
1489178575
1489177399
1489098970
1489098648
1489092342
1489009106
1488994067
1488979827
1488849135
1488760882
1488756312
1488582199
1488581749
1488474687
1488463778
1488408760
1488408216
1488407550
1488318886
1488317197
1488302374
1488230901
1488215733
1488215019
1488209630
1488124092
1488123826
1488123224
1488122606
1488037282
1487983727
1487963893
1487963725
1487950345
1487889023
1487884216
1487880152
1487822962
1487804510
1487803324
1487797903
1487724831
1487698055
1487690981
1487550182
1487549994
1487382729
1487295231
1487294919
1487200417
1487200182
1487200145
1487118992
1487118036
1487102457
1486947053
1486946707
1486946350
1486852496
1486837523
1486777894
1486776653
1486771257
1486685463
1486408113
1486406996
1486406473
1486324966
1486324112
1486316176
1486255449
1486155440
1486155201
1486139025
1485963431
1485909112
1485908412
1485908045
1485822237
1485821483
1485821304
1485819325
1485538647
1485478669
1485478056
1485380950
1485380411
1485380356
1485380198
1485295586
1485294896
1485291734
1485223461
1485123196
1485118702
1484962285
1484941398
1484936137
1484879314
1484784111
1484600283
1484600096
1484512047
1484509504
1484509069
1484352442
1484339665
1484178190
1484098195
1483995354
1483929264
1483660760
1483659572
1483581192
1483580691
1483579652
1483480038
1483476956
1483474558
1483471161
1483468016
1483406255
1483405575
1483323632
1483304035
1483303647
1483230359
1483048339
1483047049
1483046418
1482972304
1482971797
1482971391
1482881671
1482880868
1482867927
1482860795
1482797698
1482797318
1482784278
1482774502
1482615730
1482614437
1482533638
1482521142
1482469613
1482439397
1482374004
1482372855
1482372453
1482300604
1482298527
1482289655
1482201534
1482199575
1482103391
1482041221
1482034250
1481946736
1481940784
1481848818
1481848268
1481765121
1481667075
1481656655
1481571033
1481567156
1481566653
1481412681
1481390317
1481248748
1481244932
1481243873
1481127080
1481086063
1481071410
1480991708
1480979325
1480899602
1480716421
1480553723
1480545407
1480359059
1480358640
1480301042
1480201583
1480200974
1480168665
1480131591
1479940065
1479862539
1479764891
1479764444
1479495676
1479422122
1479421473
1479420573
1479336654
1479329589
1479263387
1479169832
1479067178
1478882886
1478882530
1478725824
1478644711
1478455295
1478454626
1478311079
1478286116
1478191596
1478117106
1477956990
1477787868
1477787576
1477613746
1477613111
1477524435
1477337886
1477267218
1477266173
1477182641
1477007314
1477004668
1476837044
1476835466
1476834276
1476655613
1476652592
1476651785
1476651374
1476570316
1476493922
1476322457
1476283365
1476234166
1476232727
1475989035
1475959983
1475797217
1475452821
1475361476
1475273188
1475206389
1475198597
1475174300
1475011341
1474943629
1474933163
1474850198
1474670490
1474490006
1474489634
1474489112
1474327829
1474327009
1474326381
1474317696
1474237746
1474054183
1473988057
1473983771
1473972898
1473905409
1473798964
1473789270
1473706269
1473465695
1473420082
1473202497
1473202317
1473008743
1472916063
1472915935
1472665698
1472665177
1472664505
1472568435
1472567758
1472508542
1472176796
1472176520
1472176044
1472085425
1472084933
1471998152
1471896264
1471825982
1471825693
1471663342
1471376507
1471306084
1471304715
1471304633
1471195558
1471112118
1470963395
1470792141
1470682626
1470425983
1470356296
1470356123
1470164793
1470164717
1470164627
1470164509
1469997318
1469567890
1469497509
1469497447
1469497378
1469497300
1469497259
1469489611
1469412539
1469304473
1469241826
1468983179
1468982476
1468799995
1468711125
1468632367
1468464515
1468464311
1468285630
1468285436
1468274905
1468194605
1468194372
1468193877
1468193538
1468102919
1468035675
1468029368
1468027440
1468013817
1468002589
1467929524
1467929069
1467925669
1467846866
1467846304
1467655609
1467654078
1467653914
1467653505
1467653319
1467653198
1467652926
1467601334
1467579136
1467406774
1467402087
1467401304
1467323544
1466911391
1466910427
1466910114
1466730285
1466555951
1466375899
1466374230
1466357115
1466291848
1466290137
1466222890
1466222439
1466202851
1465943790
1465772021
1465771799
1465698659
1465596318
1465430921
1465345792
1465269098
1465259283
1465256172
1464995264
1464828981
1464827149
1464739436
1464572813
1464391739
1464391534
1464304221
1464133629
1464127728
1464127648
1463965720
1463965269
1463877306
1463788437
1463788253
1463787688
1463617751
1463496808
1463438706
1463353623
1463180830
1463173756
1463014133
1463009296
1463004908
1462927856
1462925729
1462661922
1462661637
1462573200
1462571163
1462497147
1462326970
1462227567
1462227493
1462227394
1462055253
1462055155
1462044864
1461889018
1461451760
1461362182
1461362077
1461122884
1461102233
1461102155
1461027194
1461026054
1461023960
1460938741
1460938683
1460856597
1460678922
1460600425
1460489768
1460489699
1460395576
1460394929
1460394743
1460337508
1460315087
1460162247
1460077308
1459947612
1459811047
1459810993
1459645327
1459644623
1459641945
1459473025
1459472308
1459373009
1459296044
1459214464
1459123043
1459030884
1459029292
1458954074
1458837913
1458780813
1458770851
1458527337
1458527290
1458495084
1458430577
1458430499
1458177209
1458089710
1458089383
1457914422
1457913943
1457913475
1457912373
1457833404
1457823295
1457823241
1457745250
1457737470
1457713459
1457568150
1457568080
1457404731
1457228860
1457228803
1457228714
1457142394
1456882126
1456881456
1456793759
1456617522
1456616823
1456537198
1456536971
1456536749
1456365504
1456357846
1456345230
1456277898
1456194412
1456193970
1456193282
1456106815
1456106558
1456106420
1456018523
1456018147
1455937167
1455934834
1455934438
1455930307
1455673784
1455673455
1455587554
1455582676
1455414418
1455413010
1455327361
1455327194
1455321030
1455244170
1455238714
1455159003
1455156525
1455155702
1455155325
1455067405
1455066369
1454809970
1454803135
1454717424
1454716769
1454716701
1454552756
1454550995
1454465039
1454464062
1454463590
1454295958
1454292219
1454283916
1454109192
1454034973
1454033762
1454032567
1453947469
1453947409
1453860573
1453771483
1453771347
1453769711
1453690463
1453690233
1453689867
1453515592
1453515412
1453515259
1453429790
1453429561
1453429018
1453428169
1453256378
1453255829
1453169856
1453169781
1453169627
1453169518
1452997539
1452996336
1452995668
1452823157
1452822616
1452822422
1452819124
1452736593
1452733495
1452566409
1452565134
1452561785
1452469775
1452444101
1452289557
1452223487
1452219193
1452218452
1452217083
1452135122
1452134385
1452126012
1452120364
1452050354
1451954757
1451875270
1451874052
1451854005
1451699906
1451534290
1451525104
1451521970
1451364700
1451354325
1451354279
1451353717
1451321424
1451268434
1451260921
1451181904
1451171616
1451005098
1451002176
1450919361
1450918629
1450901982
1450900963
1450842081
1450841681
1450841162
1450836964
1450736245
1450575816
1450406438
1450405984
1450404837
1450302877
1450139817
1450042311
1450035506
1449974072
1449971799
1449971570
1449970425
1449802045
1449801611
1449801208
1449628990
1449627583
1449626912
1449540899
1449460156
1449344234
1449283885
1449282609
1449200827
1449198200
1449195879
1449108344
1449107834
1449003926
1448932170
1448931773
1448831263
1448773071
1448684921
1448645303
1448594082
1448588365
1448410094
1448333832
1448333369
1448332684
1448243125
1448240283
1448161089
1448069307
1447987407
1447987124
1447895286
1447803752
1447803427
1447722210
1447721687
1447721012
1447549297
1447549000
1447548826
1447544721
1447465798
1447385263
1447384885
1447371790
1447296996
1447208184
1447203879
1447200265
1447122944
1447121992
1447121585
1447032117
1447032098
1446866485
1446865960
1446767926
1446767837
1446767787
1446692558
1446688844
1446587438
1446508015
1446507984
1446430552
1446429478
1446352171
1446255763
1446255602
1446158707
1446158656
1446158606
1446073921
1446071826
1446071770
1445986812
1445986779
1445906191
1445906068
1445826874
1445813744
1445723300
1445723212
1445655315
1445655189
1445482025
1445481692
1445481247
1445390152
1445389838
1445305204
1445304660
1445222926
1445218679
1445218182
1445200378
1445125344
1445123243
1445122364
1444962499
1444944326
1444869821
1444869369
1444868333
1444786756
1444786186
1444702635
1444701864
1444699144
1444618391
1444618282
1444536628
1444519035
1444450215
1444434244
1444354802
1444352793
1444348207
1444267959
1444266823
1444172907
1444172850
1444096946
1444096845
1444095981
1444003582
1444003501
1444003350
1443917912
1443916833
1443745319
1443745221
1443743733
1443662239
1443659690
1443485229
1443483486
1443389612
1443389565
1443389511
1443321056
1443306745
1443304642
1443228650
1443228424
1443227227
1443141448
1443133669
1443131310
1443059427
1443058583
1442960311
1442960120
1442870845
1442870673
1442786807
1442784852
1442783723
1442630045
1442625238
1442538627
1442532165
1442529536
1442449308
1442448610
1442448407
1442365689
1442365574
1442364882
1442266585
1442266002
1442183938
1442176821
1442176579
1442097626
1442092371
1442091394
1442009427
1442007848
1442004366
1441920085
1441919908
1441839311
1441834614
1441834539
1441749428
1441592024
1441490669
1441446079
1441407373
1441407323
1441310906
1441248099
1441240951
1441143982
1441054214
1440986604
1440903603
1440799583
1440717622
1440619396
1440466371
1440376159
1440250914
1440250836
1440194711
1440194695
1440142117
1440024087
1439850107
1439848583
1439683928
1439609095
1439579309
1439424851
1439422162
1439325486
1439311166
1439273004
1439257825
1439085250
1439063066
1438988075
1438737787
1438735862
1438639759
1438558167
1438557557
1438469460
1438134076
1438128541
1438123995
1438091480
1438003698
1437841093
1437624662
1437616897
1437479879
1437395337
1437315889
1437170845
1437161044
1437004815
1436570459
1436495792
1436494292
1436413156
1436398238
1436398141
1436395662
1436223237
1436135936
1436032072
1435875599
1435875321
1435875265
1435521403
1435185575
1435015937
1435015862
1435013660
1434842782
1434842662
1434842492
1434825363
1434771144
1434769142
1434756027
1434583336
1434480057
1434430964
1434383195
1434335353
1434235909
1434231538
1434141536
1434050658
1434034196
1433613172
1433446470
1433123956
1432867891
1432856074
1432332779
1432161257
1432009391
