1618169573
1617732458
1617648930
1617577563
1617343297
1617125379
1617078800
1617048558
1616958419
1616481424
1616442787
1616356755
1616107886
1616000590
1615765163
1615429944
1615067621
1615053331
1614712079
1614632220
1614475875
1614382044
1614104570
1614028460
1613760961
1613497588
1613436395
1613288145
1613255507
1613161330
1612895407
1612816684
1612719260
1612549327
1612487628
1612295311
1612224394
1612210720
1612160356
1612036447
1611957297
1611686690
1611613422
1611357272
1611272966
1611087372
1611002232
1610699899
1610402838
1610315884
1610129678
1609795589
1609648869
1609646494
1609373056
1609200864
1608952246
1608850071
1608572915
1608515197
1608500774
1608231758
1608058114
1607977885
1607895020
1607823442
1607454631
1607382987
1607371838
1607216520
1607115150
1606962392
1606953889
1606780443
1606611902
1606447493
1606332947
1606077310
1606005275
1605943612
1605568201
1605561782
1605408946
1605298178
1605249001
1605034634
1604954219
1604942770
1604862901
1604801730
1604708237
1604600189
1604429551
1604351605
1604207280
1604080799
1603952878
1603845092
1603752596
1603741740
1603660141
1603393656
1603300498
1603215838
1603151102
1603133267
1602969639
1602722090
1602655756
1602611204
1602540294
1602535978
1602271402
1602004419
1601940369
1601757616
1601747296
1601687655
1601397802
1601240432
1601139493
1600991834
1600899264
1600794394
1600758640
1600721739
1600463616
1600275251
1600190387
1600107996
1600022847
1599948289
1599861633
1599692954
1599687406
1599520787
1599512856
1599500977
1599323597
1599239613
1599150235
1598815908
1598673585
1598626660
1598541125
1598472716
1598463756
1598427378
1598294946
1598213890
1598211082
1598051207
1597861361
1597771286
1597700973
1597592226
1597515772
1597433253
1597361879
1597171812
1597085881
1596912198
1596656530
1596602995
1596565447
1596494824
1596301601
1596229702
1596137850
1596042110
1595962532
1595880822
1595798669
1595788340
1595712506
1595637600
1595544848
1595439546
1595396589
1595271689
1595189920
1595091347
1595030876
1594971144
1594833476
1594745153
1594683299
1594580857
1594487666
1594263170
1594232880
1594145596
1594065413
1593971353
1593882446
1593804581
1593719742
1593632745
1593625644
1593540088
1593495994
1593467146
1593364781
1593285490
1593190694
1593028503
1593022384
1592934013
1592894721
1592782029
1592760134
1592601698
1592502806
1592416795
1592252761
1592201765
1592164776
1591993027
1591987749
1591907872
1591893932
1591815989
1591764863
1591656068
1591642452
1591550115
1591487971
1591473896
1591376309
1591299687
1591202597
1591049909
1590789517
1590772151
1590618638
1590601302
1590516124
1590440769
1590349535
1590081269
1589908813
1589741078
1589665093
1589651582
1589563750
1589488092
1589388758
1589232572
1589135691
1588958447
1588876524
1588799262
1588625478
1588529906
1588384464
1588268861
1588205053
1588094566
1587928854
1587851539
1587756054
1587575085
1587412633
1587348444
1587252551
1587231314
1587077173
1586984087
1586881941
1586807612
1586716778
1586638382
1586464536
1586364990
1586285422
1586206379
1586122704
1586030197
1585947371
1585809096
1585598593
1585505364
1585429663
1585330239
1585264990
1585159062
1585122589
1585077440
1584996076
1584909774
1584824858
1584807665
1584738309
1584721644
1584561565
1584554347
1584474097
1584314339
1584227402
1584133593
1584058186
1583950078
1583862589
1583802139
1583796341
1583648773
1583623340
1583270137
1583193546
1583092452
1583055478
1583000680
1582918769
1582655708
1582609420
1582493640
1582413171
1582396162
1582318855
1582143754
1582063692
1581981825
1581883268
1581799981
1581706352
1581485566
1581444229
1581382374
1581364511
1581278468
1581211541
1581207205
1581124511
1581016833
1580943638
1580849353
1580760370
1580599148
1580496693
1580324410
1580238335
1580060139
1579988317
1579898046
1579630176
1579564185
1579461494
1579378148
1579227459
1579025865
1578836521
1578780621
1578592319
1578266822
1578200041
1578181716
1578005090
1577903493
1577822558
1577639555
1577574631
1577301474
1577254910
1577128974
1576950602
1576809373
1576704398
1576541905
1576444737
1576200876
1575820561
1575753123
1575580672
1575234312
1575165541
1575153678
1574898257
1574626961
1574541903
1574377379
1574198091
1574012660
1573932633
1573753542
1573669201
1573333867
1573149282
1572808164
1572717640
1572628137
1572293697
1572142854
1572125581
1572032565
1571969890
1571776649
1571619793
1571513139
1571427284
1571114352
1570987395
1570835189
1570564924
1570481108
1570389743
1570312694
1570046646
1569791555
1569526027
1569176226
1569009247
1568748290
1568450016
1568146521
1567970455
1567617101
1567371326
1566860599
1566753116
1566682626
1566502323
1566324067
1566062998
1565978716
1565919385
1565759431
1565724814
1565553756
1565381687
1565284510
1564942452
1564620001
1564326654
1564166068
1564100099
1563999006
1563739050
1563651319
1563495104
1563141637
1562883821
1562779872
1562631825
1562520375
1562359960
1562203996
1562087867
1561839555
1561762340
1561741620
1561477416
1561465576
1561299236
1561237567
1561038571
1560942080
1560941952
1560718183
1560554068
1560291698
1560109794
1559791150
1559430608
1558473324
1555308254
1553993928
1553815693
1553241220
1552862507
1552860981
1551754631
1546218430
1544993760
1534564621
1533194796
1533146330
1531768468
1526715377
1525895046
1525548665
1525024491
1524374576
1523690963
1522860076
1522521353
1522395285
1521965911
1521875665
1521774405
1521529186
1521398100
1521351136
1521181526
1521180678
1520064592
1519034558
1518641984
1516223891
1514144839
1513986878
1513986754
1513836322
1513803248
1513757582
1513155191
1512750053
1511420139
1509158761
1508309984
1507099231
1504753256
1504656379
1499912189
1499841608
1499840584
1499738208
1499640937
1499561258
1499560943
1499560262
1498441986
1498441746
1498441490
1498440969
1498440317
1498439838
1497801051
1497725943
1497130068
1496562178
1495868714
1494555461
1494432568
1492268501
1491853354
1491852726
1491694270
1491148764
1489902343
1489645361
1489548727
1489548371
1489548059
1489296382
1489176703
1489175513
1488931407
1488838331
1488763707
1488649922
1488519741
1488437380
1488153191
1488142042
1488141715
1488141417
1488130839
1488040233
1487985527
1487730425
1487483355
1487461499
1487460782
1487460669
1487121229
1486968423
1486860768
1486532530
1486531909
1486453155
1486345667
1486262039
1486185486
1485736710
1485736252
1485487946
1485242282
1485196805
1485132836
1485132493
1484900725
1484712095
1484516914
1484467747
1484454301
1484293547
1484260150
1484248047
1484190105
1483991961
1483858766
1483757138
1483569041
1483127654
1482982509
1482981887
1482895874
1482892310
1482686827
1482544486
1482522597
1481488818
1480913666
1480913398
1480478865
1480464728
1480400078
1480276579
1480010607
1479850272
1478902372
1478234989
1478233846
1478233600
1478233294
1478232979
1477354248
1477346425
1477097399
1477097221
1476038099
1475437901
1474329072
1474093395
1473974248
1473536471
1473228802
1473042669
1473021292
1472936062
1472872737
1472402588
1472193724
1472193491
1471993712
1471747102
1471660518
1471471019
1471282207
1471206984
1471028130
1470767323
1470713774
1470619667
1470612164
1470424388
1470086807
1470073968
1469830945
1469669669
1469669489
1469551072
1469324301
1469056438
1468983135
1468960041
1468806219
1468706163
1468623661
1468540450
1468534028
1468357541
1468282233
1468271401
1468091764
1468029250
1468025492
1468022554
1467927109
1467926096
1467849134
1467847385
1467846742
1467840779
1467834960
1467746794
1467746570
1467678246
1467678198
1467652720
1467590398
1467502849
1467502050
1467492847
1467487274
1467338498
1467332860
1467306889
1467306772
1467247783
1467246332
1467245825
1467151966
1467151515
1467082945
1467076173
1467075954
1467063652
1466992143
1466980325
1466961028
1466801556
1466800772
1466731829
1466722332
1466651995
1466645929
1466536477
1466535410
1466474084
1466462070
1466455788
1466375317
1466374960
1466373057
1466370026
1466298213
1466284713
1466120995
1466120409
1466116438
1466023145
1466022632
1465960040
1465941632
1465941439
1465941156
1465867196
1465860196
1465848708
1465772349
1465771906
1465679992
1465616229
1465615763
1465587917
1465526663
1465511463
1465502684
1465502368
1465425776
1465425081
1465324527
1465256191
1465253512
1465158976
1465158405
1465155823
1465094761
1465087355
1465008967
1464999733
1464998926
1464915131
1464910484
1464837372
1464826581
1464825575
1464746003
1464744688
1464649274
1464648733
1464648488
1464634600
1464573256
1464568473
1464562883
1464488130
1464484742
1464484327
1464394339
1464392269
1464223855
1464223659
1464222921
1464217106
1464145833
1464134431
1464134304
1464045178
1464043974
1463957736
1463946749
1463867156
1463846533
1463705578
1463700075
1463631731
1463631455
1463536896
1463530605
1463451629
1463446738
1463445613
1463440744
1463349062
1463348828
1463338005
1463280102
1463279659
1463271507
1463262482
1463192593
1463187780
1463099164
1463001366
1462935377
1462932032
1462931686
1462837474
1462758925
1462731295
1462726687
1462647163
1462503016
1462502546
1462496482
1462496290
1462412054
1462411667
1462409851
1462322223
1462318546
1462307513
1462237596
1462236739
1462236544
1462128096
1462064805
1462061587
1461890867
1461890430
1461804367
1461804196
1461719269
1461718962
1461718011
1461534421
1461526000
1461523733
1461456327
1461450831
1461436134
1461360040
1461359741
1461292532
1461204989
1461197588
1461196853
1461123035
1461116741
1461026843
1461026533
1461026393
1461025499
1460938014
1460937652
1460937283
1460937096
1459988239
1459986084
1459712677
1459445512
1458953983
1458866621
1458865747
1458264278
1458002176
1458001887
1457654747
1457064316
1456791186
1456694980
1456624119
1456351821
1456282722
1456187075
1456080348
1455480006
1455414094
1455413611
1455239235
1454972254
1454895728
1454469927
1454268639
1453753732
1453341910
1453171852
1453061257
1452910263
1452730084
1452550709
1452464527
1452389953
1452377680
1452130831
1452036733
1451950169
1451852245
1451763732
1451684158
1451595804
1451530736
1451500774
1451250995
1451071681
1450985248
1450928116
1450915997
1450901255
1450832355
1450826146
1450638420
1450579668
1450314048
1450231188
1450150259
1450056570
1449965245
1449899997
1449805313
1449793602
1449614416
1449543960
1449454306
1449346370
1449201889
1449201354
1448771361
1448770676
1448766999
1448162877
1447571577
1447119253
1446686809
1446087289
1445916618
1445813976
1444180460
1443245259
1443061133
1442718846
1441942176
1441941100
1441345632
1440565087
