1618102459
1617312103
1617040465
1616794794
1616530925
1616450496
1616281384
1615495377
1615159692
1614895381
1614798554
1614723627
1614624038
1614116253
1614030367
1613611019
1611961160
1609472246
1608488756
1608256338
1608085635
1607829062
1607742020
1607457694
1607036108
1606159299
1605564170
1603491761
1603409233
1603306741
1603139341
1602198982
1598899392
1597964851
1597518993
1597437977
1596998475
1595709074
1595005505
1594764924
1594704998
1594256948
1593224716
1593028485
1592506643
1592260938
1592256317
1592247287
1591990061
1591987681
1591749590
1589839321
1588551959
1586298891
1585231804
1583008456
1581972516
1580853682
1580518045
1580342216
1580172624
1579896565
1579576450
1579407265
1578522702
1578429150
1578350712
1578255050
1577822822
1577557277
1575835345
1575153973
1574788633
1574724327
1573498687
1572996393
1572815985
1572295686
1571078660
1570232195
1570223552
1569869299
1569099065
1569017579
1568916662
1566409641
1566068248
1565543834
1562460690
1562369321
1561486481
1560293799
1560194241
1559185875
1558708583
1556576887
1556057685
1555809269
1554425678
1554152432
1552596833
1552186313
1551927886
1551300052
1551223337
1550877119
1550724666
1550466238
1550462371
1550190287
1550044865
1549669198
1549597404
1549070000
1548723641
1547962814
1547744827
1547574246
1547425240
1547419532
1547322308
1547018187
1547006512
1546898908
1546837375
1546450525
1546392642
1545941326
1545169259
1544930319
1544840449
1544754416
1544645736
1544591526
1544591100
1544590803
1544462867
1536123937
1535959336
1533622356
1533527968
