1617847146
1617496298
1617230233
1617209969
1617129576
1617058781
1616969361
1616965331
1616793535
1616722737
1616722552
1616258218
1616256988
1616255432
1616091573
1615373962
1615282036
1615161826
1615076824
1614649767
1614275125
1614129128
1614128759
1614124331
1614018199
1613871296
1613837133
1613699321
1612047950
1611964649
1611962619
1611597681
1611336560
1611280958
1611263347
1611167357
1611088288
1611081179
1611079163
1611078965
1611018642
1611017511
1611016718
1611005012
1610993445
1610924037
1610921492
1610920518
1610919486
1610917628
1610822357
1610817864
1610656386
1610651360
1610646714
1610645273
1610589418
1610588997
1610559949
1610500115
1610469059
1610419822
1610409738
1609799901
1608568880
1608146289
1607656607
1607471638
1607311128
1607295274
1607202626
1607099827
1607097380
1607039104
1606941640
1606587824
1606573996
1606413288
1606400418
1606356985
1606355910
1604255261
1603821341
1603556461
1603400226
1603225043
1603218919
1602517879
1602443603
1602437040
1602029825
1601428051
1601337941
1601232191
1601148796
1601141469
1601050914
1600990050
1600984338
1600881084
1600879356
1600816037
1600795717
1600732968
1600620685
1600378077
1600043853
1600041750
1600017547
1599967158
1599962713
1599957059
1599952748
1599868400
1599868103
1599866989
1599187069
1599065797
1599065224
1599059991
1598996135
1598995145
1598994866
1598989908
1598405683
1598201202
1598129430
1596397335
1596396965
1595467302
1595377920
1595284756
1595025567
1594954316
1594847187
1594776844
1594771169
1594568179
1594566010
1594502360
1594502067
1594501088
1594423125
1594422522
1594420006
1594419277
1594314832
1594246748
1594239105
1594165688
1594163843
1593965864
1593646715
1593646291
1593646040
1593645796
1593645541
1593628200
1593540041
1593539099
1593385557
1593363901
1593343743
1593293738
1593203924
1593121156
1593121071
1593100862
1593039250
1593038147
1593034400
1592945186
1592875700
1592595079
1592499991
1592496422
1592494815
1592443138
1592350387
1592348726
1592345345
1592338821
1592271420
1592270571
1592270083
1591903719
1591899808
1591791919
1591739851
1591727261
1591712195
1591639869
1591633472
1591553579
1591552031
1591542332
1591493090
1590522888
1590522709
1590500629
1590444874
1590367983
1590367752
1590269084
1590265567
1590257201
1590256620
1590016628
1589932471
1589560986
1589401500
1589392650
1589226906
1589069339
1588894590
1588721911
1588462487
1588360319
1588026324
1587857606
1587838584
1587774863
1587749873
1587666662
1587605590
1587575585
1587512042
1587492967
1587433010
1587422953
1587338029
1587322999
1587157712
1587067275
1586997709
1586897279
1586823974
1586735767
1586735629
1586704426
1586644441
1586472822
1586401558
1586394781
1586358026
1586299362
1586191794
1586130025
1586110037
1586034883
1585929852
1585854516
1585783136
1585581385
1585518006
1585516276
1585404615
1585354524
1585348698
1585252194
1585174745
1585010954
1584993163
1584920784
1584916470
1584827817
1584751284
1584656481
1584584927
1584563852
1584480842
1584308129
1584203267
1584135366
1584020435
1583965990
1583956167
1583784601
1579535985
1577062210
1576961102
1576819304
1576723554
1576251454
1576204417
1575849058
1566747710
1566096271
