1618243744
1617766848
1617589028
1616694553
1616356271
1616274807
1616271352
1615246797
1614051845
1613959985
1613593665
1613406570
1613245075
1613174127
1613080172
1612995329
1612392960
1612311705
1612278982
1612232416
1610911954
1610152982
1609889881
1609300125
1609015236
1608866475
1608496670
1608321495
1607976356
1607880124
1607381975
1606834236
1606433523
1606406374
1605924051
1605716142
1605476805
1605228222
1604600587
1604273547
1604090234
1603940889
1603404161
1603304364
1603221962
1602535213
1602296720
1601691525
1601002554
1600818903
1600299508
1599931217
1599755478
1599602451
1599367143
1598469860
1598418528
1598210498
1598120522
1597159606
1596898458
1596814604
1596695368
1596497729
1596142470
1594759009
1594572786
1593738075
1593641338
1593020037
1592684361
1592674865
1592620938
1592434230
1590030087
1589681031
1589318260
1588805919
1587857499
1587159451
1586713012
1586458066
1585618535
1585202113
1583720449
1582084997
1581802012
1581696965
1579713991
1576097873
1575656138
1575243043
