1593495488
1593486770
1593455378
1593453174
1593449274
1593441387
1593425466
1593421659
1593414628
1593403658
1593395894
1593363081
1593356940
1593342420
1593329362
1593324873
1593321875
1593311643
1593269147
1593260881
1593255993
1593251427
1593247890
1593231876
1593189558
1593172923
1593165970
1593145315
1593141383
1593108001
1593098620
1593088712
1593058823
1593023910
1592992673
1592969727
1592920537
1592909949
1592890478
1592853450
1592813086
1592800717
1592747776
1592732885
1592729522
1592722371
1592715498
1592707701
1592672255
1592642302
1592580536
1592570554
1592563515
1592558547
1592554612
1592542187
1592482553
1592467998
1592465186
1592462643
1592459570
1592453063
1592414082
1592400858
1592396910
1592391762
1592370967
1592363597
1592319458
1592318190
1592306252
1592298434
1592297088
1592293643
1592279458
1592228903
1592222930
1592221738
1592212581
1592209023
1592206585
1592203168
1592200202
1592195382
1592149820
1592133213
1592117882
1592104931
1592100842
1592058992
1592052108
1592032057
1592019251
1592012969
1591965199
1591963665
1591956669
1591952983
1591950670
1591947516
1591941501
1591935882
1591880102
1591876739
1591867238
1591861950
1591859658
1591851167
1591803056
1591801251
1591794483
1591784376
1591782323
1591779824
1591778589
1591770618
1591762496
1591707945
1591700924
1591696347
1591693923
1591690828
1591684360
1591681316
1591632123
1591624150
1591619049
1591612299
1591607798
1591604087
1591592025
1591537903
1591523863
1591512400
1591502199
1591458943
1591444389
1591433017
1591431074
1591428313
1591416392
1591376459
1591366819
1591352244
1591348243
1591345921
1591327121
1591270930
1591264921
1591260942
1591254773
1591249584
1591243166
1591192498
1591186594
1591174425
1591171707
1591155627
1591104107
1591092931
1591088475
1591086325
1591081126
1591074483
1591070926
1591016624
1591012353
1591004920
1590999840
1590996701
1590994695
1590981981
1590939071
1590931720
1590929202
1590909760
1590903787
1590895942
1590844006
1590835537
1590825074
1590822451
1590815820
1590811423
1590766576
1590751650
1590735466
1590729812
1590727079
1590722004
1590719032
1590672664
1590666588
1590662675
1590647259
1590642112
1590632574
1590587388
1590577663
1590576220
1590571883
1590562386
1590558100
1590549473
1590504480
1590500678
1590490437
1590484612
1590474057
1590458695
1590414613
1590409954
1590395718
1590382917
1590379015
1590331183
1590327698
1590319365
1590311215
1590309817
1590296539
1590292483
1590289389
1590242747
1590235538
1590232243
1590225471
1590219643
1590213794
1590205665
1590204027
1590167054
1590160847
1589968795
1589965063
1589953044
1589906756
1589880651
1589876016
1589873759
1589867389
1589817201
1589809698
1589798590
1589793579
1589781466
1589736382
1589729333
1589723777
1589707788
1589701731
1589648990
1589632704
1589622025
1589617222
1589611885
1589602266
1589556109
1589545924
1589534113
1589512702
1589476343
1589467321
1589451859
1589446613
1589443284
1589430683
1589426683
1589382349
1589371491
1589359507
1589354762
1589349530
1589293408
1589284389
1589275417
1589270722
1589261888
1589209406
1589204292
1589188494
1589185732
1589179875
1589172600
1589120268
1589109800
1589106172
1589101237
1589095900
1589091610
1589021631
1589015676
1589008307
1589007263
1588945610
1588939804
1588936073
1588929462
1588924458
1588915056
1588913043
1588861721
1588850058
1588839268
1588774923
1588760179
1588755208
1588744087
1588691740
1588673225
1588667439
1588657522
1588655044
1588600184
1588587387
1588581240
1588577628
1588564531
1588506014
1588486817
1588477305
1588418867
1588406520
1588397670
1588334656
1588331263
1588328422
1588316261
1588315632
1588266005
1588240827
1588213932
1588172092
1588154427
1588084677
1588076189
1588069312
1588065078
1587984933
1587983165
1587971434
1587968578
1587964070
1587916650
1587886152
1587871843
1587837647
1587817776
1587808072
1587787852
1587743119
1587737306
1587737030
1587723709
1587719423
1587704128
1587664452
1587660204
1587647576
1587639642
1587632810
1587630813
1587629108
1587617456
1587571549
1587562062
1587553103
1587549258
1587544484
1587541867
1587537895
1587527281
1587477030
1587468404
1587461917
1587458905
1587450124
1587447948
1587443257
1587395739
1587377770
1587375874
1587371872
1587359848
1587309881
1587297357
1587293818
1587289191
1587286741
1587282633
1587274200
1587273756
1587227305
1587217394
1587208786
1587207551
1587199538
1587190344
1587189047
1587142366
1587128540
1587123402
1587118216
1587115270
1587108186
1587101153
1587056163
1587044335
1587038215
1587035509
1587033153
1587027661
1587025331
1587011670
1587006367
1586961764
1586954944
1586947361
1586936540
1586925945
1586923814
1586877351
1586870869
1586861811
1586857782
1586850507
1586846694
1586841928
1586834673
1586785366
1586776945
1586774742
1586773095
1586766843
1586765735
1586754423
1586748728
1586705542
1586703047
1586687011
1586681547
1586679839
1586675594
1586666410
1586621541
1586616549
1586604332
1586601429
1586599842
1586588032
1586578425
1586540647
1586529543
1586518691
1586512510
1586504079
1586501878
1586499785
1586431281
1586422589
1586418033
1586405466
1586363424
1586355744
1586341691
1586339216
1586324043
1586283973
1586269488
1586265709
1586253416
1586251222
1586242591
1586232850
1586188194
1586178706
1586173855
1586162551
1586157887
1586149235
1586079775
1586079104
1586077147
1586071046
1586056858
1586010030
1585993104
1585987011
1585980358
1585969143
1585937029
1585920682
1585911676
1585907481
1585904814
1585893915
1585837648
1585831139
1585824984
1585817326
1585806835
1585794162
1585768415
1585746863
1585743583
1585732364
1585724266
1585722686
1585716711
1585710721
1585670993
1585650177
1585645285
1585642688
1585632027
1585628983
1585597830
1585588350
1585578817
1585567160
1585564918
1585554794
1585552120
1585539480
1585513402
1585482922
1585475382
1585470284
1585468231
1585459281
1585398751
1585388532
1585384786
1585377149
1585371742
1585365443
1585310577
1585300410
1585295189
1585289716
1585286040
1585275743
1585241671
1585220584
1585213964
1585211940
1585207828
1585199572
1585192426
1585156815
1585152484
1585140606
1585125637
1585123127
1585118346
1585103624
1585067259
1585053827
1585046056
1585042265
1585039027
1585023047
1585018815
1585016629
1584969709
1584960016
1584955409
1584950745
1584946227
1584937022
1584891816
1584885598
1584878357
1584868096
1584866846
1584863494
1584855224
1584801136
1584787831
1584781373
1584778817
1584773056
1584772724
1584760828
1584715548
1584713121
1584701289
1584697458
1584692432
1584688495
1584676400
1584674914
1584634780
1584625145
1584612674
1584604519
1584601560
1584583800
1584547834
1584541478
1584511126
1584509377
1584455894
1584452027
1584447899
1584439713
1584428778
1584425665
1584421720
1584415106
1584363140
1584354358
1584352008
1584347691
1584345917
1584329046
1584296899
1584285334
1584272518
1584270316
1584267996
1584261653
1584258327
1584249582
1584245298
1584203303
1584197587
1584193115
1584179925
1584177185
1584173384
1584167762
1584118892
1584117343
1584112426
1584107659
1584094819
1584089405
1584035570
1584023496
1584018236
1584012611
1584009952
1583985906
1583983876
1583941748
1583937878
1583935101
1583931209
1583914120
1583906311
1583903406
1583862502
1583851455
1583837889
1583832539
1583826598
1583823847
1583822203
1583817458
1583813023
1583777536
1583768518
1583752659
1583745681
1583742713
1583741686
1583735342
1583730166
1583675173
1583657543
1583656765
1583654283
1583653230
1583638147
1583594530
1583587475
1583583256
1583578116
1583564166
1583562045
1583558135
1583507376
1583500382
1583490809
1583487872
1583483561
1583477817
1583467936
1583432528
1583427102
1583415867
1583412578
1583403831
1583395830
1583384428
1583341327
1583335091
1583330542
1583315576
1583313371
1583308305
1583296801
1583253870
1583249744
1583243450
1583239085
1583227435
1583219063
1583215843
1583210043
1583161763
1583159852
1583154085
1583146440
1583133040
1583122163
1583083772
1583075705
1583072216
1583065994
1583063977
1583055858
1583036259
1583033906
1582998688
1582986834
1582981023
1582976593
1582956915
1582950617
1582945862
1582907027
1582903673
1582899456
1582895582
1582879531
1582870874
1582829251
1582821807
1582813411
1582812910
1582798885
1582796867
1582791684
1582783583
1582744671
1582729635
1582722526
1582720025
1582710471
1582708737
1582701807
1582693582
1582643454
1582634159
1582628426
1582626154
1582613908
1582608622
1582571035
1582549268
1582538382
1582525497
1582519960
1582471519
1582465711
1582448582
1582442495
1582434726
1582434367
1582397795
1582387401
1582374842
1582373355
1582364340
1582359953
1582356446
1582353291
1582307790
1582305252
1582288253
1582281363
1582278286
1582275224
1582267497
1582256561
1582218621
1582209581
1582202184
1582200329
1582185182
1582178450
1582172068
1582137442
1582129219
1582111700
1582106943
1582104556
1582099900
1582094683
1582091689
1582082558
1582032053
1582026554
1582024846
1582018289
1582010738
1582002146
1581999852
1581954445
1581945468
1581939977
1581934179
1581931151
1581927449
1581921141
1581912563
1581879486
1581862227
1581858078
1581856189
1581848300
1581841453
1581839963
1581838738
1581825176
1581793405
1581786635
1581771314
1581769359
1581763552
1581751882
1581748136
1581706099
1581683296
1581679308
1581668490
1581667588
1581656715
1581648603
1581621206
1581620318
1581611403
1581608371
1581590394
1581572952
1581571909
1581566581
1581562161
1581519017
1581510533
1581503918
1581501394
1581497802
1581491736
1581480739
1581476591
1581446572
1581440120
1581434338
1581431915
1581414575
1581413738
1581399542
1581399123
1581397651
1581355833
1581344192
1581340336
1581331365
1581327633
1581321891
1581317745
1581276935
1581272896
1581265141
1581259872
1581249717
1581245369
1581243271
1581232280
1581226889
1581222861
1581182712
1581175513
1581166484
1581159162
1581131661
1581100929
1581097193
1581073027
1581072017
1581064380
1581045474
1581009464
1581002897
1580971293
1580970167
1580929173
1580926427
1580899679
1580897981
1580895070
1580881730
1580878185
1580874862
1580827637
1580822666
1580816052
1580812973
1580800534
1580798899
1580754116
1580753866
1580748969
1580735201
1580731001
1580712890
1580707965
1580703301
1580648952
1580647739
1580641659
1580635071
1580629904
1580624896
1580621990
1580574550
1580559307
1580556005
1580540793
1580497104
1580476405
1580461773
1580455020
1580442219
1580401288
1580372073
1580324167
1580315473
1580308934
1580286035
1580271666
1580225537
1580213882
1580208220
1580207730
1580194218
1580190988
1580151612
1580129665
1580126986
1580120479
1580110399
1580097537
1580065697
1580063148
1580057417
1580055173
1580053023
1580040406
1580024695
1580023506
1579980415
1579970659
1579969344
1579954649
1579949628
1579948306
1579945709
1579940493
1579932896
1579923673
1579868153
1579862937
1579857027
1579854741
1579850401
1579849074
1579838475
1579784904
1579778277
1579775575
1579761472
1579755777
1579749392
1579720021
1579708380
1579706084
1579701716
1579699339
1579679449
1579629167
1579616612
1579605299
1579600595
1579599553
1579599194
1579593613
1579546121
1579530037
1579524529
1579503827
1579452761
1579434679
1579368277
1579360606
1579350143
1579349204
1579337291
1579327264
1579288389
1579276597
1579275724
1579259701
1579254856
1579245053
1579236352
1579204018
1579170743
1579166010
1579158453
1579156304
1579156074
1579148265
1579092335
1579084588
1579077919
1579065719
1579008896
1578907834
1578906574
1578844147
1578834972
1578833712
1578830649
1578822156
1578757611
1578751321
1578737038
1578717089
1578702197
1578672098
1578669660
1578667041
1578645924
1578600006
1578569225
1578565503
1578564460
1578555015
1578512252
1578511796
1578495711
1578483114
1578481570
1578477072
1578465404
1578458471
1578423670
1578412792
1578411173
1578409178
1578386135
1578375103
1578373997
1578333853
1578330403
1578328374
1578326869
1578326431
1578318776
1578310240
1578293942
1578291680
1578198767
1578168913
1578159566
1578154442
1578149038
1578137362
1578133288
1578071504
1578057606
1578055649
1578052236
1578036618
1578036312
1578033990
1577971374
1577969575
1577963362
1577958631
1577958272
1577902440
1577886849
1577857884
1577824626
1577804426
1577799919
1577784329
1577780845
1577774663
1577764419
1577710484
1577692053
1577687597
1577650181
1577647955
1577639275
1577632539
1577612068
1577608608
1577605231
1577596585
1577560814
1577552240
1577545038
1577513641
1577474061
1577450183
1577440205
1577431244
1577426820
1577367532
1577366286
1577355763
1577350904
1577333881
1577286219
1577216811
1577194031
1577188381
1577161445
1577159397
1577126509
1577113885
1577112221
1577095144
1577018919
1577017767
1576950139
1576948237
1576942815
1576930279
1576906499
1576859002
1576844186
1576832771
1576831343
1576821284
1576783382
1576766955
1576751573
1576749072
1576744868
1576740152
1576733951
1576732534
1576686154
1576681500
1576672304
1576662420
1576656103
1576610588
1576607837
1576584699
1576511017
1576509718
1576498100
1576479692
1576478068
1576477041
1576437662
1576429752
1576412551
1576401346
1576399618
1576392517
1576343694
1576334221
1576321252
1576314157
1576306284
1576242840
1576237928
1576211785
1576156044
1576153118
1576141024
1576137309
1576070650
1576052914
1576049996
1576043461
1576040182
1576006358
1575982075
1575958209
1575918696
1575893099
1575892222
1575878473
1575875317
1575830702
1575822843
1575811211
1575804327
1575782458
1575731022
1575718394
1575704912
1575650796
1575648015
1575625627
1575611590
1575575939
1575564413
1575559430
1575516461
1575457396
1575453994
1575452352
1575448930
1575366118
1575352250
1575311304
1575299618
1575293010
1575289732
1575283852
1575283574
1575266491
1575219683
1575209638
1575204646
1575174188
1575142170
1575112745
1575107776
1575096093
1575087894
1575086752
1575049645
1575023373
1575005217
1574998629
1574998227
1574947918
1574929507
1574858549
1574856808
1574786572
1574782100
1574777508
1574749524
1574691743
1574678664
1574673685
1574670431
1574623747
1574616378
1574589403
1574516481
1574490258
1574479174
1574401345
1574399227
1574352868
1574338994
1574323169
1574260752
1574246065
1574229209
1574227594
1574224526
1574179750
1574173892
1574083024
1574076593
1574067640
1574022030
1573988749
1573966735
1573913287
1573890658
1573833567
1573820188
1573809978
1573803274
1573802911
1573703509
1573642334
1573624752
1573622340
1573571040
1573568633
1573487958
1573470590
1573463622
1573455631
1573446146
1573398989
1573378452
1573375307
1573370622
1573365245
1573363058
1573309513
1573199097
1573194364
1573130440
1573121316
1573052231
1573036210
1572969452
1572951121
1572945817
1572874579
1572853992
1572853659
1572843621
1572782064
1572774654
1572721210
1572689856
1572681926
1572680873
1572603077
1572588869
1572588450
1572546525
1572526362
1572433304
1572366007
1572365343
1572344858
1572319081
1572281547
1572251414
1572239666
1572231964
1572185462
1572170838
1572167562
1572092814
1572071975
1572004175
1571982538
1571902578
1571900311
1571899689
1571884602
1571824297
1571805896
1571803968
1571740054
1571739699
1571681142
1571676966
1571676861
1571663351
1571645193
1571643593
1571642728
1571634449
1571581450
1571492940
1571407313
1571407106
1571406200
1571388196
1571384269
1571282573
1571277183
1571257096
1571232511
1571220288
1571215044
1571213550
1571211206
1571166309
1571142343
1571126255
1571107685
1571049386
1571046021
1571044872
1571032825
1571018471
1570969494
1570962955
1570960022
1570958180
1570899540
1570869157
1570856704
1570782717
1570704219
1570702784
1570701400
1570699946
1570697501
1570690056
1570648500
1570613768
1570613166
1570612149
1570533344
1570532647
1570530838
1570522873
1570521827
1570443305
1570392633
1570375584
1570370775
1570354521
1570343619
1570303380
1570302541
1570276558
1570265932
1570265411
1570195204
1570187488
1570186875
1570185757
1570185406
1570171999
1570164942
1570100135
1570099965
1570086769
1570071141
1570031633
1570017392
1570011489
1570011239
1569996121
1569937653
1569915097
1569914815
1569914324
1569831701
1569822649
1569822538
1569818313
1569816403
1569763736
1569752910
1569752297
1569750543
1569743282
1569727636
1569726677
1569667160
1569665841
1569665340
1569654707
1569593798
1569584773
1569567185
1569556536
1569516149
1569481041
1569480955
1569404143
1569403915
1569402864
1569391168
1569336053
1569335929
1569335743
1569321061
1569314371
1569306562
1569306362
1569160890
1569160587
1569077244
1569041077
1569005365
1568983566
1568975815
1568803215
1568803014
1568800481
1568800033
1568799598
1568798520
1568689389
1568639313
1568624221
1568611307
1568610650
1568610159
1568609674
1568609472
1568386989
1568357129
1568291298
1568288076
1568279264
1568278309
1568207262
1568190483
1568180412
1568179577
1568024525
1568007774
1568007472
1567934980
1567934637
1567933937
1567918293
1567918067
1567868821
1567868434
1567860925
1567771620
1567771520
1567748537
1567747215
1567692236
1567662801
1567661775
1567604807
1567604505
1567505569
1567505059
1567504684
1567504606
1567411829
1567397603
1567397469
1567397397
1567355061
1567344879
1567344435
1567344131
1567342844
1567342742
1567342680
1567341648
1567276462
1567275880
1567272926
1567272387
1567272137
1567271615
1567271365
1567255246
1567246719
1567226705
1567187850
1567187782
1567186844
1567183565
1567160658
1567159566
1567158995
1567142224
1567057920
1566991137
1566990653
1566971317
1566970816
1566933567
1566930896
1566930002
1566927287
1566891355
1566880147
1566818053
1566817227
1566816932
1566806773
1566806333
1566795358
1566748144
1566726599
1566726374
1566665553
1566664274
1566638896
1566622838
1566622550
1566622289
1566564705
1566562656
1566561843
1566558918
1566496059
1566495764
1566473764
1566460708
1566457474
1566412474
1566411306
1566367637
1566324005
1566323588
1566316002
1566313285
1566281346
1566279990
1566226496
1566216659
1566214617
1566214052
1566213828
1566212734
1566191553
1566191316
1566190241
1566149682
1566147911
1566139280
1566138882
1566129020
1566128522
1566106493
1566106215
1566062735
1566062337
1566061819
1566061099
1566059025
1566023148
1566022811
1566020114
1566018176
1565968497
1565968131
1565967699
1565967341
1565967004
1565963848
1565961552
1565945298
1565933279
1565886342
1565886137
1565885833
1565859776
1565859589
1565859273
1565859062
1565858781
1565852772
1565842249
1565780189
1565779822
1565779549
1565778836
1565777476
1565777101
1565776563
1565710256
1565709961
1565709491
1565698431
1565696003
1565695673
1565687306
1565676053
1565675805
1565675546
1565626745
1565626103
1565617717
1565611251
1565582081
1565581613
1565581261
1565539426
1565446629
1565444980
1565444705
1565443512
1565423381
1565422897
1565421703
1565411339
1565365181
1565358020
1565328099
1565275131
1565272443
1565271578
1565271294
1565267271
1565264880
1565264221
1565263335
1565184282
1565165817
1565164254
1565161877
1565086807
1565083307
1565082508
1565078300
1565077266
1565076141
1565075544
1565071355
1565012771
1564981470
1564980862
1564937619
1564934386
1564921247
1564906663
1564904351
1564902989
1564902395
1564899176
1564888079
1564886248
1564845824
1564832740
1564815215
1564815023
1564803232
1564772796
1564772265
1564771769
1564771332
1564740198
1564739767
1564738201
1564737907
1564737091
1564736779
1564736615
1564683596
1564683106
1564682480
1564682118
1564680519
1564668227
1564635449
1564635231
1564577804
1564572150
1564571798
1564570267
1564567852
1564567774
1564563561
1564544380
1564541707
1564501408
1564496431
1564475636
1564472703
1564469198
1564414134
1564390544
1564389756
1564389295
1564386167
1564383096
1564379416
1564374283
1564366059
1564330562
1564305595
1564305454
1564304035
1564303393
1564300685
1564293151
1564281589
1564244922
1564244151
1564237164
1564232107
1564216776
1564197205
1564154250
1564140794
1564134825
1564134393
1564133440
1564132045
1564121778
1564085725
1564078000
1564077793
1564059598
1564054935
1563993669
1563969233
1563966781
1563963775
1563940423
1563881142
1563880531
1563879092
1563878537
1563809741
1563791443
1563790668
1563789235
1563788238
1563762767
1563702560
1563700888
1563695915
1563648255
1563610721
1563532889
1563531617
1563531293
1563523496
1563510345
1563505067
1563471578
1563458484
1563450002
1563448160
1563445078
1563390197
1563381613
1563362753
1563359291
1563356943
1563353463
1563339731
1563291849
1563273061
1563272250
1563270715
1563270212
1563269462
1563253460
1563246411
1563186275
1563175302
1563174612
1563126639
1563118241
1563109176
1563103539
1563075728
1563044106
1563035618
1563013156
1563011797
1563007139
1563006485
1563004332
1563002380
1562993501
1562993391
1562987017
1562945199
1562944042
1562926858
1562915847
1562903339
1562870474
1562846779
1562834965
1562830354
1562829360
1562790126
1562788400
1562768028
1562742638
1562734499
1562725930
1562657311
1562652940
1562647497
1562643444
1562601675
1562572801
1562570968
1562567207
1562557097
1562508389
1562495055
1562492937
1562485593
1562444593
1562427165
1562415918
1562400447
1562392885
1562392738
1562392393
1562385874
1562337869
1562336238
1562320957
1562315221
1562312304
1562311408
1562302574
1562266793
1562248773
1562248382
1562234958
1562231853
1562227996
1562227576
1562211705
1562154551
1562153838
1562083664
1562079076
1562077385
1562066752
1562066024
1562065022
1562057846
1562044114
1562040179
1561993480
1561988471
1561976603
1561970375
1561916131
1561903441
1561891464
1561820354
1561810257
