1615082345
1614914608
1614800172
1614626468
1614206927
1614030063
1613944046
1613850240
1613770513
1613674749
1613604319
1613587731
1613423528
1613351666
1613246173
1613006039
1612839575
1612829609
1612828892
1612743701
1612648039
1612566162
1612470271
1612389930
1612327170
1612222428
1611967206
1611699231
1611622667
1611601624
1611525234
1611433087
1611353352
1611270694
1611189984
1611180185
1611088834
1610999674
1610834132
1610739350
1610479867
1610409035
1610320696
1610236803
1610221445
1610137104
1609902599
1609806565
1609804474
1609708986
1609614911
1609203540
1609202671
1608924247
1608924172
1608767133
1608766721
1608765209
1608679234
1608679115
1608679034
1608587017
1608586985
1608586913
1608581148
1608499087
1608416115
1608328200
1608250719
1608241609
1608230972
1608148387
1608057413
1607983453
1607715866
1607624297
1607536796
1607531627
1607399672
1606958203
1606947318
1606865699
1606773935
1606604882
1606510871
1606504638
1606433679
1606245097
1606174170
1606095527
1606000370
1605903478
1605818646
1605738363
1605600838
1605559939
1605473686
1605385058
1605120372
1604961048
1604882523
1604827196
1604783780
1604695496
1604528366
1604265128
1604199170
1604191647
1604182377
1604011744
1604006000
1603832335
1603832279
1603661381
1603503932
1603486792
1603315053
1603310659
1602903767
1602890808
1602888159
1602806677
1602627114
1602543267
1602456256
1602194148
1602105818
1602096843
1602015392
1601920814
1601847877
1601754616
1601662544
1601597476
1601506081
1601502647
1601486484
1601408839
1601324353
1601234964
1601174174
1601171582
1600889654
1600735791
1600719395
1600641003
1600560046
1600547943
1600461637
1600447811
1600294355
1600202321
1600121646
1600048710
1600038669
1599956567
1599947987
1599812691
1599612119
1599430298
1599334693
1599206885
1599082231
1598998681
1598899789
1598732104
1598647947
1598475160
1598470940
1598400474
1598387259
1598121996
1598048961
1597896998
1597879630
1597878414
1597794336
1597612938
1597542325
1597529117
1597455336
1597436162
1597365354
1597342682
1597268040
1597178310
1597104864
1596996076
1596913387
1596857423
1596742080
1596652948
1596652333
1596572148
1596571856
1596488449
1596397595
1596253084
1596133715
1595895216
1595796385
1595728764
1595534975
1595523891
1595192381
1595096961
1595031995
1594849204
1594676043
1594594008
1594496240
1594415959
1593907944
1593897230
1593842958
1593730949
1593639689
1593638097
1593279541
1593040839
1593031991
1592889005
1592875475
1592771812
1592690611
1592602939
1592601974
1592427081
1592420765
1592272381
1592266941
1592192870
1592167076
1592098996
1592075547
1592009692
1591993129
1591954159
1591909930
1591904622
1591897659
1591829518
1591815876
1591743171
1591729937
1591660666
1591629318
1591585168
1591572683
1591534106
1590825803
1590789866
1590719206
1590701244
1590692853
1590617436
1590549582
1590548669
1590535300
1590529202
1590450808
1590439074
1590356224
1590353138
1590288501
1590279477
1590192830
1590190523
1590101582
1590091756
1590028255
1590011208
1589930684
1589847554
1589846357
1589836787
1589835640
1589771117
1589748071
1589742285
1589596489
1589583723
1589505388
1589413642
1589407821
1589396920
1589356394
1589328536
1589248392
1589232616
1589152560
1589070857
1589059537
1588973973
1588966932
1588896024
1588885447
1588878455
1588808865
1588801181
1588724393
1588712659
1588638606
1588628383
1588625026
1588538313
1588476907
1588462647
1588364533
1588362182
1588281751
1588277085
1588209019
1588196945
1588123189
1588065469
1587940425
1587840390
1587765497
1587689912
1587344160
1587261955
1587164917
1587159077
1587077141
1587000145
1586979641
1586901464
1586732568
1586709579
1586651949
1586635987
1586566725
1586468504
1586395195
1586254059
1586213598
1586134973
1586133879
1586126810
1586046643
1586033219
1585966159
1585878211
1585684538
1585614162
1585591527
1585530180
1585521380
1585443636
1585350036
1585349020
1585267735
1585259586
1585189376
1585178348
1585172114
1585098441
1585093434
1585008117
1584999119
1584932354
1584826693
1584740178
1584653623
1584601266
1584497439
1584417267
1584316303
1584261872
1584224104
1584055770
1583709537
1583526399
1583056433
1582850229
1582827740
1582768563
1582750470
1582661575
1582401794
1582323693
1582322852
1582245087
1582146804
1582063095
1581894843
1581893687
1581530237
1581481489
1581469937
1581462479
1581204010
1581116319
1581053251
1581019826
1580943487
1580778606
1580690852
1580333656
1580187546
1579667576
1579473398
1579310987
1579310889
1579136378
1578780937
1578697717
1578452781
1578446056
1578084481
1577693386
1577693350
1577679940
1577664290
1577588047
1577581789
1577574412
1577570324
1576796414
1576223872
1575934470
1575486811
1575419946
1575356838
1575330121
1574987285
1573856135
1573689530
1573689366
1573597167
1573263299
1573002760
1572063898
1572047579
1571956777
1570734965
1570306841
1569798594
1569486112
1569440585
1569197053
1568805729
1568510681
1568332830
1567552885
1567377867
1567244824
1567089192
1567008223
1566782155
1566343553
1565907141
1565857479
1565856089
1565745286
1565730393
1565544840
1564698360
1564291566
1564291409
1563263391
1559447447
1558586080
1557137425
1557033265
1556982526
1556417796
1556069803
1555842417
1555267971
1554876923
1554750426
1554695681
1554578736
1554527176
1554447242
1554366631
1549834156
1548550616
1537122727
1519164106
1480809692
1480809419
1452730849
1452545916
1452471233
1452201259
1452117047
1452025759
1451938983
1451872607
1451605526
1450820939
1450728402
1450633024
1449543175
1449456570
1448858871
1448750011
1448197999
1447982304
1447807254
1447040219
1440877823
1440647896
1440445642
