1618262061
1618097727
1618007403
1617829444
1617390179
1617221619
1616800042
1616613477
1616352886
1616200721
1616095623
1616013276
1615768995
1615687315
1615335777
1615245537
1615084354
1614919788
1614728193
1614633062
1614475854
1614379726
1614037698
1613856682
1613767336
1613706235
1613435803
1613257341
1613179976
1612908832
1612823720
1612650089
1612497797
1611784185
1611369563
1611265573
1611111247
1610831780
1610675112
1610496941
1610395567
1610312340
1610080899
1609897112
1609725230
1609349803
1609277767
1609107605
1608938726
1608844106
1608760604
1608586770
1608414609
1608242861
1608180013
1607799619
1607721381
1607630378
1607548277
1607479824
1607375360
1607291758
1607123993
1607046417
1606930263
1606856911
1606798818
1606699034
1606601259
1606514884
1606333275
1606245828
1606078019
1605829619
1605739132
1605640219
1605048313
1604955842
1604884179
1604613699
1603652687
1603492596
1603312418
1603232162
1603139395
1602878800
1602813607
1602710961
1602620442
1602539187
1602364613
1602283684
1602197785
1602016403
1601935910
1601247044
1601161275
1601072993
1600636617
1600557877
1600457445
1600375260
1600298504
1600225222
1600040228
1599867752
1599675942
1599587789
1599346651
1599263341
1599161360
1599079853
1598983206
1598835152
1598738016
1598646159
1598554775
1598131051
1597969538
1597452151
1597372487
1597000595
1596930024
1596562456
1596489359
1595958916
1595702973
1595281765
1594765488
1594251846
1594151654
1593639778
1593565812
1593387072
1593317046
1593134860
1592949098
1592866444
1592520746
1592355671
1592278592
1591662082
1591321459
1591052938
1590869511
1590620586
1590174186
1590097341
1590009104
1589833979
1589740814
1589582787
1589501850
1589321219
1589150733
1589065366
1588978851
1588712828
1588197095
1587947637
1587842517
1587489300
1586988022
1586809029
1586641151
1586465119
1586199870
1586134424
1586040596
1585939276
1585861082
1585773089
1585605631
1585535456
1585431921
1585344692
1585239257
1585070230
1584918908
1584822240
1584737838
1584641588
1584564095
1584498765
1584405928
1584205009
1584137137
1583872478
1583699288
1583541130
1583283339
1583186400
1582919589
1582841330
1582765280
1582145110
1581794355
1581545991
1581459158
1581117447
1580775593
1580599406
1579979618
1579901068
1579648481
1579205568
1578958484
1578633083
1578001928
1577064012
1576446197
1576273301
1575661142
1574970670
1574879378
1574569137
1574390718
1573851786
1572996215
1572710785
1571790442
1571683128
1571536542
1571428476
1571276912
1571175010
1570304010
1570221787
1569700142
1569271716
1568494981
1568327506
1566084450
1565824081
1565563187
1565213496
1565104898
1564881365
1564871661
1563580807
1563336131
1562808426
1560967381
1560915360
1560044285
1557629028
1557587596
1557083630
1556977728
1555168298
1554666184
1554524257
1553976687
1550889982
1547255292
1545446931
1544837864
1542927995
1542499934
1541862749
1540411987
1529814882
1527302640
1526697119
1524274072
1523673159
1523064423
1521259068
1520655928
1520044424
1519532577
1519456174
1519120463
1518911194
1519128996
1518731184
1518670266
1519043608
1518684307
1518642504
1518611127
1516502633
1516333853
1515395794
1515128544
1514525662
1514348074
1513827163
1513560880
1513473577
1512794045
1512538523
1512186652
1512017507
1511590765
1511325208
1510990604
1509940196
1509769557
1509601620
1509504745
1509415884
1508312674
1507970224
1507626368
1507439003
1507343776
1507088966
1506908505
1506485167
1506220848
1506135772
1505968129
1505702346
1505360794
1505192104
1504946809
1504670427
1504587122
1504331937
1504238667
1503974549
1503729488
1503548541
1503285162
1503121904
1502861651
1502595465
1502347840
1501988704
1501734662
1501645424
1501570510
1501380727
1500869898
1500622237
1500178333
1500090791
1500003971
1499829994
1499744593
1499483575
1498964509
1498794073
1498710753
1498617665
1498536894
1498268301
1498184425
1497931748
1497837199
1497666674
1497577846
1497512583
1497410697
1497061774
1496977063
1496890283
1496637187
1496543188
1496458909
1496370910
1496288887
1496197687
1496118554
1496024382
1495948011
1495861785
1495593465
1495510656
1495332889
1495251909
1495161055
1494903175
1494804256
1494736313
1494643214
1494394914
1494313249
1494211218
1494130086
1494045959
1493779200
1493707960
1493529698
1493435353
1493344978
1493271143
1493175701
1493101704
1493013166
1492833205
1492745361
1492662894
1492570908
1492485547
1492397471
1492313239
1492150999
1492051758
1491972958
1491880123
1491794603
1491710597
1491535499
1491446576
1491368758
1491199427
1491015777
1490933419
1490762990
1490672881
1490414345
1490327585
1490072698
1489980411
1489897477
1489805622
1489721061
1489548498
1489336200
1489213436
1488947327
1488690993
1488604483
1488514814
1488347338
1488088927
1488000931
1487917108
1487739488
1487568980
1487483012
1487402811
1487277584
1487134438
1486968475
1486825146
1486617970
1486444447
1486272529
1486188845
1486099276
1485990559
1485674566
1485589180
1485492998
1485167760
1484953339
1484794795
1484630656
1484529037
1484505535
1484371410
1484280530
1484184090
1484020778
1483845234
1483758305
1483556428
1483404433
1483161794
1482633103
1482549046
1482459428
1482032436
1481954358
1481849630
1481606358
1481430605
1481345475
1481173193
1481014924
1480827822
1480735063
1480658027
1480389129
1480218686
1480132465
1480050329
1479942622
1479789458
1479616813
1479558316
1479445328
1478991930
1478925697
1478750658
1478582364
1478318333
1478167312
1477890456
1477715252
1477620207
1477536080
1477364202
1477255944
1477102491
1476909308
1476757002
1476583604
1476507902
1476415347
1476327102
1476238584
1476139440
1475980541
1475895549
1475715808
1475637988
1475588304
1475549669
1475462366
1475421835
1475291884
1475202041
1475121978
1475038979
1474953090
1474825633
1474775313
1474727756
1474689757
1474571872
1474512912
1474429373
1474344482
1474173832
1474084881
1473965218
1473892067
1473825948
1473744503
1473654234
1473571603
1473490063
1473398751
1473370074
1473312470
1473225015
1473136549
1473054127
1472972492
1472886579
1472796395
1472762246
1472703458
1472621090
1472531883
1472367271
1472307103
1472246702
1472184143
1472168185
1472103300
1471994264
1471929631
1471841736
1471771420
1471683691
1471580024
1471512221
1471338638
1471165296
1470906070
1470826274
1470734167
1470650971
1470550632
1470467541
1470380595
1470293904
1470210864
1470122178
1470034454
1469950748
1469862177
1469778306
1469688675
1469605436
1469516960
1469431113
1469346570
1469256700
1469127605
1469082751
1468988219
1468915962
1468858283
1468746522
1468662873
1468400439
1468312560
1468166167
1468098205
1467960611
1467901807
1467801460
1467727232
1467626544
1467555076
1467492514
1467450119
1467386628
1467216050
1467135311
1467045878
1467044780
1467043131
1466875560
1466870546
1466869994
1466869135
1466789272
1466786076
1466783891
1466699801
1466698521
1466697580
1466611872
1466608561
1466606603
1466532634
1466524606
1466523127
1466521968
1466383350
1466381362
1466379537
1466004407
1466001332
1465999552
1465654208
1465652946
1465652116
1465570178
1465568807
1465568027
1465396183
1465395803
1465395334
1465075526
1465058499
1465057870
1464898576
1464800231
1464800022
1464799251
1464617658
1464615668
1464615000
1464469575
1464450448
1464448945
1464447754
1464294510
1464282623
1464270129
1464269350
1464182076
1464181412
1464180759
1463953675
1463951276
1463950375
1463707773
1463706735
1463706200
1463449797
1463448359
1463447321
1463275107
1463272685
1463271476
1463269449
1463023743
1463022865
1463021995
1463018926
1462763433
1462759856
1462757178
1462721101
1462717777
1462683403
1462681602
1462501155
1462499224
1462497856
1462417494
1462416411
1462415424
1462413334
1462246133
1462240389
1462238526
1462237291
1462056918
1462053186
1462050771
1462049844
1461894947
1461893565
1461891993
1461876007
1461809281
1461808455
1461806669
1461806197
1461715179
1461714983
1461714312
1461645738
1461639224
1461637199
1461538973
1461538274
1461536339
1461468550
1461468487
1461468396
1461454344
1461360743
1461359433
1461358802
1461356605
1461192990
1461192525
1461191970
1461104532
1461101102
1461099629
1461022401
1461022161
1461021444
1460931408
1460931329
1460931259
1460845642
1460845589
1460845506
1460840226
1460766576
1460766375
1460766067
1460686239
1460677172
1460676001
1460673796
1460585563
1460581522
1460491619
1460413071
1460412966
1460412898
1460330970
1460330900
1460330829
1460329601
1460243808
1460242637
1460241395
1460158088
1460158034
1460154986
1460079676
1460078962
1460078072
1460062180
1459986665
1459984203
1459981388
1459977502
1459815148
1459814929
1459814717
1459729244
1459728109
1459726403
1459725212
1459545508
1459544730
1459544390
1459474475
1459472128
1459471202
1459385433
1459384144
1459381624
1459379469
1459210093
1459209057
1459207102
1459046544
1459042779
1459037086
1459033405
1458863010
1458861657
1458860578
1458856881
1458782867
1458782274
1458774695
1458695038
1458693775
1458692828
1458614264
1458613887
1458612917
1458528591
1458528533
1458528463
1458526299
1458347856
1458346543
1458343418
1458335753
1458269335
1458265233
1458263572
1458262392
1458165557
1458164967
1458163709
1458161188
1458087324
1458085140
1458082315
1458000988
1457998987
1457997138
1457919598
1457919034
1457917845
1457830960
1457827727
1457826570
1457745071
1457743997
1457742042
1457739123
1457657434
1457656617
1457654848
1457648849
1457572747
1457571583
1457567641
1457485195
1457483379
1457481780
1457396631
1457396374
1457393769
1457313911
1457311939
1457310085
1457227613
1457226358
1457225084
1457223459
1457140310
1457138546
1457136821
1457056587
1457055842
1457052437
1457050663
1456966214
1456964822
1456964151
1456957114
1456881454
1456879400
1456878151
1456794189
1456792733
1456790964
1456708093
1456706729
1456704825
1456620688
1456618518
1456617339
1456615810
1456533864
1456532010
1456530758
1456521246
1456450356
1456447535
1456364117
1456362439
1456360795
1456275540
1456273842
1456271823
1456270597
1456193715
1456191192
1456190190
1456189848
1456104245
1456101288
1456099028
1455929719
1455928721
1455927306
1455925616
1455847983
1455845852
1455843546
1455832551
1455760202
1455758383
1455757148
1455669014
1455665958
1455664822
1455584690
1455581962
1455578004
1455495503
1455493831
1455492612
1455411375
1455410241
1455408040
1455322519
1455321065
1455320247
1455242981
1455240808
1455234755
1455226034
1455149668
1455148372
1455147037
1455064630
1455061818
1454807262
1454805874
1454804655
1454803520
1454720968
1454720211
1454718521
1454717290
1454632658
1454630652
1454629372
1454551776
1454551404
1454550312
1454459492
1454459023
1454458229
1454374965
1454374104
1454373678
1454283966
1454283625
1454282113
1454198928
1454197650
1454196740
1454194162
1454110383
1454109211
1454108339
1454031977
1454030984
1454028918
1454016283
1453940055
1453938690
1453937527
1453936378
1453859613
1453858255
1453857708
1453785716
1453783821
1453691470
1453684716
1453680548
1453596247
1453594995
1453593750
1453425093
1453340176
1453338061
1453336622
1453257546
1453254105
1453252389
1453165320
1453164012
1453162581
1453080635
1453079555
1453077412
1452993999
1452992473
1452991602
1452990616
1452904657
1452903324
1452821117
1452819371
1452817572
1452814229
1452726484
1452725160
1452654198
1452653157
1452651781
1452551938
1452550951
1452548914
1452547430
1452546755
1452546132
1452459927
1452458808
1452457404
1452395841
1452395111
1452392914
1452392002
1452390836
1452376204
1452297611
1452296415
1452295238
1452219378
1452217955
1452217054
1452201961
1452201359
1452200615
1452126953
1452115671
1452115034
1452113962
1452031393
1452030712
1452029699
1452027799
1452027239
1452026664
1451943079
1451941878
1451940852
1451853449
1451852445
1451851549
1451765678
1451764737
1451761001
1451690489
1451688829
1451688165
1451593871
1451593018
1451592386
1451522815
1451522023
1451520336
1451512195
1451503622
1451502620
1451425395
1451425339
1451425279
1451353646
1451353529
1451353451
1451347815
1451347718
1451347641
1451257301
1451257254
1451257201
1451195014
1451194972
1451194921
1451156091
1451093912
1451093874
1451093831
1450992292
1450992214
1450992177
1450912128
1450912057
1450912024
1450826781
1450826398
1450826336
1450826283
1450737699
1450737389
1450737307
1450639130
1450639038
1450638906
1450554723
1450554395
1450554178
1450391451
1450391327
1450391208
1450302245
1450302175
1450302120
1450214292
1450213667
1450213537
1450038288
1450038201
1450038119
1449959497
1449958977
1449958374
1449957523
1449886625
1449886581
1449886542
1449872774
1449872400
1449871745
1449782243
1449781920
1449781626
1449710243
1449611856
1449611384
1449611053
1449534921
1449534333
1449534088
1449445397
1449445223
1449445089
1449364574
1449363433
1449363386
1449363342
1449185594
1449185496
1449185327
1449100408
1449100067
1449099936
1449007238
1449003553
1449003359
1449003130
1448846826
1448846762
1448846677
1448835976
1448835770
1448835502
1448739425
1448666099
1448666028
1448652670
1448652515
1448652102
1448567453
1448567303
1448567133
1448477315
1448476951
1448476675
1448464085
1448402952
1448212370
1448211735
1448211445
1448119812
1448119658
1448119346
1447891686
1447891507
1447887841
1447887573
1447795608
1447795131
1447794549
1447723792
1447616708
1447616324
1447615853
1446925012
1446483773
1446151361
1445711874
1445372533
1445298058
1445297942
1444503277
1444426508
1443897150
1443843139
1443831263
1443300582
1443138975
1442959502
1442958599
1441502283
1441331451
1441303981
1441240416
1441238594
