1618194788
1617761873
1617165768
1616393129
1615847181
1614495635
1614395094
1614310960
1614057583
1612753586
1612022455
1611935479
1611290420
1610857829
1610432806
1609886118
1609727559
1609211794
1608825406
1608393687
1608185006
1607405925
1606364228
1606278551
1606185196
1605928657
1605331862
1605241232
1605069995
1604457294
1603853127
1603425408
1602732018
1602622969
1602428689
1602387569
1602030285
1601867534
1601169825
1600918406
1600736137
1600390701
1600222053
1599793058
1599358393
1599268635
1599016241
1598925005
1598554812
1598397344
1598059861
1597890205
1597711996
1597544424
1597454596
1597284804
1597195094
1597114019
1596681981
1596480452
1596135328
1595973712
1595791322
1595557159
1595466699
1595418928
1595209933
1595038863
1594862300
1594777323
1594690991
1594178203
1594170652
1593651612
1593479766
1593219617
1593046820
1592874039
1592701232
1592574921
1592444179
1592269638
1591920903
1591838379
1591315135
1591234161
1591145627
1590699748
1590339130
1590171745
1589994986
1589829886
1589581748
1589474185
1589391123
1589210383
1588785664
1588608461
1588267208
1588015371
1587848232
1587750081
1587582162
1587421826
1586987094
1586809705
1586734647
1586646993
1586559559
1586472473
1586294463
1586125746
1586026142
1585876017
1584846942
1584655154
1584562580
1584317339
1584232717
1583352638
1583266663
1583091471
1582586780
1582394059
1582319031
1581992962
1581804622
1581461987
1581380236
1581118251
1581032481
1580588610
1580425187
1580170152
1580074212
1579479468
1579392022
1579309020
1579047919
1578873692
1578797974
1578704655
1578524850
1578259908
1578079987
1577992074
1577835366
1577750456
1576979976
1576153788
1576032143
1575836956
