1618257514
1617423101
1616783234
1616605247
1616451019
1616351979
1616261821
1616042347
1616040553
1616034183
1616002939
1615732375
1615695808
1615667558
1615648849
1615591544
1615506294
1615478027
1615442902
1615410670
1614892570
1614645204
1614495248
1614306271
1613942363
1613722515
1613687892
1613609268
1613602178
1613601454
1613498476
1613368699
1613356713
1613257710
1613150984
1612986251
1612925848
1612848856
1612653959
1612507464
1612467084
1612413368
1612372938
1612129429
1611880610
1611866826
1611796026
1611788889
1611772705
1611679095
1611645400
1611452687
1611432805
1611361276
1611361130
1611006662
1610660689
1610603749
1610568207
1610422933
1610215195
1609977523
1609893851
1609718360
1609481172
1609376732
1609369459
1609367737
1608750223
1608706108
1608657331
1608596879
1608315114
1608192445
1608180049
1608175355
1608139775
1608135112
1607924189
1607894907
1607627012
1607559492
1607557094
1607488765
1607455515
1607384224
1607380078
1607280876
1607273747
1607222452
1607153390
1607149384
1607103260
1607036683
1607017213
1606955594
1606889781
1606874026
1606780001
1606611317
1606603329
1606442542
1606408278
1606364665
1606335752
1606286099
1606111429
1606087213
1606065863
1605986114
1605961848
1605958815
1605958181
1605897399
1605864697
1605716898
1605660540
1605660378
1605549645
1605541652
1605483136
1605317646
1605313948
1605310631
1605298564
1605222358
1604982553
1604902698
1604863068
1604811071
1604780126
1604771028
1604748652
1604679069
1604541919
1604537227
1604535022
1604378885
1604192766
1604127057
1604080418
1604079542
1604070398
1604011293
1603950530
1603921462
1603913619
1603810989
1603735814
1603564295
1603552582
1603481768
1603478788
1603406136
1603378957
1603287593
1603214044
1603210766
1603147787
1603140714
1603077958
1603029784
1602986391
1602911782
1602814474
1602810366
1602638922
1602556158
1602360065
1602262279
1602116520
1602114106
1602096869
1601858514
1601857372
1601831987
1601766771
1601608877
1601520416
1601400282
1601342424
1601321297
1601320132
1601263956
1601256244
1601154592
1601095937
1601069966
1601061632
1600994800
1600806082
1600733482
1600573141
1600544166
1600538680
1600526033
1600462892
1600457175
1600277672
1600137590
1600135841
1600033564
1600022909
1599895236
1599895125
1599881494
1599860710
1599860679
1599844206
1599809981
1599704117
1599594741
1599451730
1599431931
1599415630
1599341720
1599097988
1599085551
1599010780
1598985093
1598922929
1598826968
1598804380
1598667255
1598498325
1598480501
1598409619
1598241237
1598236597
1598232944
1598142363
1598124044
1597998987
1597970807
1597894919
1597877077
1597868643
1597791281
1597773503
1597697088
1597600838
1597584008
1597557204
1597451850
1597416048
1597413002
1597411493
1597356755
1597214788
1597047176
1597044555
1596908227
1596748728
1596742875
1596675143
1596659884
1596610813
1596595913
1596573202
1596500893
1596496352
1596477366
1596403248
1596402801
1596331804
1596316738
1596307354
1596303042
1596269720
1596257380
1596248444
1596246208
1596242216
1596220143
1596162627
1596155332
1596148964
1596128310
1596126485
1596067694
1596035044
1595985263
1595965351
1595909627
1595896888
1595813220
1595808008
1595788502
1595697597
1595645458
1595623774
1595616970
1595615850
1595460910
1595439345
1595402437
1595386654
1595383751
1595357223
1595300061
1595277417
1595272652
1595271116
1595264365
1595257399
1595220620
1595192378
1595185594
1595107245
1595034235
1594973094
1594971731
1594962813
1594960717
1594956958
1594952700
1594949754
1594833799
1594830094
1594777667
1594771195
1594764089
1594696043
1594680360
1594676573
1594630148
1594622610
1594612439
1594600152
1594590738
1594581752
1594527321
1594523075
1594509780
1594502695
1594496365
1594491509
1594438516
1594427517
1594404640
1594322480
1594263231
1594172616
1594169425
1594160278
1594159494
1594157889
1594146097
1594060085
1593983925
1593793870
1593657198
1593547525
1593545507
1593540900
1593536726
1593532024
1593391997
1593384566
1593313779
1593277264
1593218258
1593142519
1593132384
1593063447
1592846201
1592610962
1592249740
1592243776
1592009018
1591993038
1591937842
1591921733
1591848267
1591845271
1591784359
1591759657
1591707979
1591682189
1591644136
1591576715
1591568749
1591503491
1591487094
1591479084
1591416791
1591403599
1591398064
1591286649
1591137587
1591055595
1590978439
1590882808
1590588262
1590440811
1590358230
1590288458
1590203440
1590186867
1590023488
1589942916
1589916878
1589908453
1589843887
1589841585
1589818477
1589765007
1589669287
1589640530
1589590788
1589571835
1589508826
1589493729
1589460710
1589320278
1589155786
1589135998
1589070305
1588894762
1588805173
1588776133
1588714906
1588620198
1588617196
1588546410
1588371180
1588185009
1588026220
1587802373
1587746767
