1618155660
1618063455
1617636201
1617300767
1617199595
1617029278
1616941436
1616783216
1616684380
1616607066
1616525163
1616440141
1616176286
1616007895
1615832156
1615736031
1615486793
1615306556
1614795371
1614784008
1614712151
1614620844
1614440532
1614277846
1614097550
1613842715
1613766104
1613665426
1613571891
1613489364
1613402169
1613231872
1613142101
1613056865
1612989145
1612972899
1612718139
1612692537
1612458039
1612199550
1611864073
1611849047
1611692787
1611681655
1611428636
1611417017
1611333699
1611252291
1611166840
1611162976
1611083204
1610993174
1610826964
1610728982
1610648514
1610560357
1610551921
1610290650
1610200321
1610130469
1610042704
1609947124
1609770600
1609522426
1609261502
1609074948
1608653757
1608569694
1608487926
1608472557
1608226846
1608143707
1608041534
1607794898
1607695829
1607628262
1607606809
1607101987
1607081629
1607024178
1607000295
1606943232
1606924566
1606770634
1606592744
1606502194
1606488428
1606330896
1606321117
1606226876
1606145416
1605886143
1605785980
1605725583
1605459819
1605291593
1605216824
1605099448
1604741597
1604681219
1604588950
1604517046
1604330587
1604265770
1604257701
1604090033
1604083862
1603987064
1603915162
1603804414
1603312251
1603276189
1603219252
1602944783
1602755921
1602709310
1602695797
1602616526
1602588857
1602523626
1602166191
1602090126
1601994353
1601831587
1601745466
1601740383
1601662307
1601654437
1601646360
1601568253
1601488207
1601468074
1601406612
1601402558
1601381503
1601310728
1601130493
1601037508
1600878981
1600700102
1600447040
1600430176
1600416384
1600274207
1600070293
1599845045
1599662432
1599562643
1599414999
1599034335
1598803115
1598706772
1598536807
1598442557
1598367406
1597838047
1597751976
1597602206
1597571567
1597516604
1597235244
1596797961
1596735447
1596626314
1596364352
1596215348
1596134077
1596108749
1596021193
1595958230
1595755313
1595332067
1595253032
1595172231
1595072075
1594905573
1594810823
1594651263
1594634779
1594590972
1594563780
1594400911
1594043122
1593952936
1593879473
1593802015
1593707756
1593517664
1593458534
1593357410
1593264857
1593173457
1592996067
1592909532
1592847864
1592731957
1591965745
1591881424
1591649365
1591564385
1590687893
1589469594
1588845657
1588701667
1588090586
1587660532
1587646346
1586610209
1586552288
1586456532
1586198385
1586177864
