1618280964
1618204619
1618165606
1618095393
1618023936
1617936414
1617832615
1617667675
1617575609
1617507521
1617391225
1617289889
1617061209
1616792646
1616730240
1616638440
1616442602
1616363797
1616277039
1616177734
1616102812
1616038011
1616006776
1615950406
1615868079
1615694210
1615575144
1615527404
1615399518
1615263345
1615181000
1615055939
1614994136
1614920576
1614830728
1614744898
1614658986
1614583936
1614484493
1614394656
1614311052
1614189693
1614133129
1614022484
1613935569
1613882088
1613846807
1613784799
1613754097
1613683056
1613596178
1613535072
1613430052
1613374283
1613274312
1613160070
1613106482
1613014975
1612904905
1612740222
1612669384
1612589247
1612477751
1612327837
1612239215
1612205090
1612154548
1612125382
1612062393
1611545524
1611435560
1611346239
1611293769
1611198642
1611119351
1610835686
1610734842
1610682146
1610574278
1610467243
1610420052
1610304458
1610078340
1609878996
1609813137
1609559264
1609200474
1609112691
1608947432
1608870063
1608671235
1608618413
1608500604
1608186053
1607809768
1607734392
1607561046
1607303819
1606775476
1606582402
1606530574
1606457428
1606372248
1606247254
1606082301
1605899866
1605127139
1604981962
1604960107
1604875962
1604780676
1604700231
1604536366
1604366732
1604285645
1603650709
1603567701
1602977745
1602468141
1602271980
1602124254
1601487856
1601175246
1600656678
1600580152
1600488378
1600311814
1600233451
1600033103
1599958624
1599866884
1599795718
1599706817
1599604048
1599450640
1599363946
1599273759
1599100511
1599012297
1598926456
1598910483
1598832336
1598757290
1598742497
1598684709
1598595150
1598567268
1598502037
1598490994
1598411163
1598398105
1598295532
1598292481
1598245098
1598244021
1598134715
1598068514
1598059886
1597953396
1597860020
1597793477
1597718740
1597630000
1597554564
1597477209
1597438180
1597376934
1597290638
1597269410
1597205332
1597193787
1597104167
1597093620
1597031897
1596929807
1596867426
1596826499
1596757501
1596670867
1596608259
1596483882
1596411035
1596403218
1596337991
1596162725
1596084209
1596005834
1595884515
1595792760
1595717266
1595626379
1595556182
1595551718
1595537769
1595485463
1595480556
1595394189
1595386618
1595313385
1595200521
1595102816
1595045185
1595031722
1594960226
1594923674
1594873968
1594794515
1594779037
1594698347
1594689958
1594610864
1594591634
1594587971
1594482845
1594448571
1594326995
1594279697
1594187679
1594093062
1594049126
1593919910
1593835387
1593757097
1593751493
1593660305
1593573171
1593484010
1593412446
1593314104
1593307186
1593222683
1593195148
1593131258
1593039726
1592947294
1592943045
1592884903
1592863425
1592792934
1592777864
1592724493
1592689716
1592604715
1592597138
1592541645
1592517434
1592511882
1592447694
1592358964
1592279473
1592253479
1592193181
1592180942
1592096133
1592072247
1592025311
1592017205
1591923489
1591902759
1591821924
1591744105
1591727542
1590987297
1590884919
1590803492
1590710124
1590633796
1590562855
1590532958
1590514324
1590481241
1590447021
1590390525
1590363009
1590270304
1590190530
1590109634
1590096834
1590086419
1590014014
1590007267
1589932171
1589855456
1589849403
1589759771
1589743852
1589690211
1589575492
1589567623
1589506024
1589501503
1589419719
1589414427
1589335645
1589325965
1589247704
1589234801
1589227929
1589166908
1589158076
1589082994
1589076115
1589058091
1589048159
1588975680
1588904003
1588818538
1588786246
1588711630
1588703381
1588637311
1588627075
1588614886
1588554677
1588470356
1588454440
1588369231
1588283636
1588204812
1588194927
1588119686
1588100696
1588016184
1587958966
1587944792
1587869103
1587849892
1587767610
1587764277
1587675057
1587601351
1587592126
1587582551
1587578512
1587510566
1587505253
1587500207
1587412289
1587346544
1587343254
1587342027
1587330932
1587319269
1587238203
1587151278
1587087113
1587077621
1587051880
1586989758
1586981662
1586895082
1586827640
1586800951
1586716409
1586653234
1586637793
1586562049
1586541876
1586468485
1586455437
1586370427
1586293375
1586271414
1586210098
1586199613
1586192444
1586122576
1586119425
1586029183
1585968969
1585958794
1585942925
1585865481
1585854067
1585776333
1585688743
1585680859
1585624545
1585614911
1585583208
1585446899
1585422962
1585352712
1585348796
1585329548
1585272397
1585250352
1585246745
1585155732
1585096276
1585072616
1585004480
1585000384
1584902626
1584837990
1584820920
1584733810
1584650143
1584648492
1584571884
1584559079
1584486827
1584477860
1584476174
1584386419
1584119838
1584031416
1583955945
1583868905
1583800083
1583782275
1583701139
1583618961
1583524054
1583523933
1583436690
1583364229
1583264814
1583188787
1583104904
1583097030
1583009076
1582999859
1582920170
1582852821
1582831928
1582783703
1582739513
1582682125
1582518207
1582515699
1582491853
1582421310
1582164286
1582070451
1581959805
1581542229
1581459427
1581450836
1581377348
1581292351
1581283405
1581193165
1581105914
1581102814
1580931130
1580855662
1580839238
1580724138
1580675748
1580631498
1580530701
1580455026
1580330124
1580253124
1580241327
1580234207
1580189735
1580156365
1579984107
1579917550
1579822551
1579811641
1579722347
1579687162
1579634646
1579587165
1579466375
1579386569
1579213777
1579145063
1579109911
1579028476
1579027806
1578794319
1578777079
1578723342
1578686611
1578637128
1578604088
1578563355
1578476240
1578336697
1578290137
1578217095
1578196013
1578100657
1578029830
1577997084
1577905600
1577840772
1577721976
1577653058
1577607762
1577564844
1577521007
1577423035
1577318124
1577224927
1577131849
1576831424
1576270452
1576177447
1576110144
1575403138
1575321662
1575226786
1575148672
1574993618
1574887397
1574801578
1574709980
1574625578
1574465431
1574365187
1574307680
1574199059
1574117668
1574023039
1573769612
1573611697
1573466532
1573280220
1572631554
1572563456
1572404154
1572224836
1571688608
1571629271
1571523513
1571370359
1570991802
1570859272
1570700952
1570581236
1570481721
1570400490
1570314407
1570042702
1569802715
1568229107
1568044544
1567886231
1567800085
1567368025
1567197396
1567025496
1566270341
1566164630
1566049988
1565938864
1565830550
1565726893
1565474354
