1615251742
1614005518
1611606487
1610934888
1608234709
1607636226
1607046216
1606965851
1606420644
1606410710
1605903716
1605893138
1605892584
1605400734
1605296108
1604934270
1600873394
1600573099
1600456341
1598303814
1595349421
1595035150
1594680747
1594323361
1594323063
1591475799
1591475612
1591475429
1589519460
1588298794
1587101589
1586567533
1585805549
1585778704
1584654835
1584220943
1583766363
1583422756
1582986055
1582810122
1582659155
1582120388
1581589640
1579300175
1577486400
1577486194
1577124099
1576866565
1576546472
1576513664
1576006615
1576005031
1575851327
