1618127153
1617963362
1617346542
1615900580
1615335777
1614853654
1613568303
1612871989
1612871672
1612595899
1611054357
1609493948
1608355426
1608355215
1607857727
1607811312
1607212472
1606602695
1606573191
1606543532
1606523407
1606308935
1604386107
1604216378
1604214870
1604214149
1603870538
1601870544
1601359411
1601342581
1600585978
1600496675
1600493561
1600488593
1598451368
1597995446
1597992011
1597941046
1597503634
1596815478
1596215741
1596112642
1596081961
1594017632
1592840505
1591807320
1591681746
1590589717
1590507044
1590307695
1590070494
1589939115
1588172513
1588089305
1587659746
1587467734
1586880470
1586439267
1586339845
1585994488
1585922789
1585831669
1585499050
1585107943
1584937498
1584843201
1584790909
1584436377
1583846055
1583450937
1582985759
1582934405
1582457905
1581755537
1581743554
1581558642
1580818631
1580784318
1580767843
1580279070
1580213974
1580105771
1579691612
1578987768
1578569196
1576193418
1574155900
1574067800
1573978107
