1618244979
1618169136
1618157437
1618085189
1618067771
1617987533
1617975155
1617908009
1617887702
1617824711
1617816935
1617735475
1617665284
1617628620
1617568034
1617467344
1617459370
1617403388
1617378538
1617284192
1617214806
1617195283
1617145093
1617050802
1616954643
1616844318
1616794549
1616776624
1616712057
1616689333
1616676785
1616634764
1616612210
1616599498
1616589973
1616535697
1616523034
1616505355
1616452576
1616439869
1616424670
1616408516
1616372474
1616353807
1616327526
1616299444
1616268245
1616252772
1616201534
1616183461
1616165381
1616147723
1616111386
1616097902
1616079519
1616013164
1615996875
1615980495
1615934307
1615914319
1615900520
1615851489
1615841483
1615826646
1615803010
1615750739
1615734436
1615719273
1615676447
1615645290
1615633002
1615580957
1615558707
1615542719
1615499508
1615483689
1615472010
1615410990
1615393806
1615379369
1615347546
1615325854
1615314541
1615299487
1615282852
1615201770
1615151137
1615142933
1615134908
1615118575
1615079598
1615068165
1615049455
1615040267
1615016278
1614976901
1614967915
1614938893
1614916843
1614878247
1614867318
1614829665
1614809737
1614788977
1614780841
1614774042
1614718463
1614694194
1614682432
1614629497
1614611567
1614587539
1614539084
1614515566
1614503874
1614485643
1614468482
1614441963
1614420261
1614364450
1614329137
1614303441
1614275706
1614249884
1614228678
1614187177
1614161504
1614139720
1614102710
1614020713
1613984506
1613723251
1613584505
1613578869
1613536044
1613352566
1613263429
1613233692
1613175445
1612987631
1612953980
1612901943
1612841013
1612681035
1612628640
1612586564
1612548422
1612499297
1612461273
1612367554
1612337598
1612276614
1612235107
1612155097
1611807526
1611722409
1611638784
1611569928
1611470896
1611421801
1611289920
1611138554
1610907874
1610879635
1610744789
1610409321
1610340178
1610238270
1610226852
1610151669
1610129010
1610064041
1609994167
1609959487
1609953883
1609902730
1609562193
1609532047
1609462847
1609360744
1608958807
1608927124
1608782507
1608606183
1608509239
1608422905
1608223139
1608148306
1608060276
1608001621
1607963823
1607882283
1607820666
1607806395
1607744066
1607728773
1607643924
1607554126
1607536087
1607486643
1607369070
1607128349
1607110967
1607058017
1607056599
1607049029
1607031473
1606957147
1606872388
1606856222
1606851903
1606771383
1606681735
1606619154
1606517938
1606509769
1606450409
1606445788
1606416971
1606269895
1606257428
1606250017
1606169414
1606100097
1606018743
1606013755
1605923958
1605916773
1605914119
1605838350
1605817357
1605753159
1605728093
1605649648
1605500176
1605410906
1605384449
1605327778
1605308877
1605304970
1605291118
1605200343
1605124180
1605032152
1604904897
1604895698
1604874113
1604857255
1604833122
1604811123
1604775974
1604727738
1604703908
1604688454
1604675024
1604639388
1604608638
1604523933
1604463572
1604452364
1604433973
1604417832
1604378418
1604344273
1604287999
1604242501
1604162630
1604108170
1604095018
1604029300
1604003872
1604001268
1603988463
1603988074
1603906236
1603852373
1603839594
1603834300
1603820586
1603747271
1603566319
1603515221
1603490957
1603388096
1603337459
1603316499
1603037997
1602949016
1602859826
1602673067
1602247235
1601953981
1601845962
1601793950
1601754017
1601419467
1601009344
1600546760
1599968588
1599709689
1599635537
1599605949
1599536945
1599526951
1599191390
1599017913
1598930976
1598844470
1598818144
1598758624
1598672483
1598642317
1598586575
1598568154
1598498759
1598382064
1598158287
1597888505
1597776231
1597692583
1597608870
1597520622
1597349774
1597173913
1596915065
1596827441
1596654529
1596570402
1596395568
1596052244
1595878617
1595788652
1595707265
1595616623
1595532966
1595442325
1595359044
1595270332
1595187954
1594876005
1594841253
1594785568
1594512627
1594323253
1594240107
1594234554
1594146749
1594093518
1594055854
1594007177
1593890930
1593813772
1593710269
1593666453
1593568240
1593543390
1593453086
1593379551
1593321422
1593296078
1593123483
1593119124
1593067672
1593028566
1593010998
1592930095
1592850058
1592839807
1592815376
1592689004
1592678716
1592611170
1592524813
1592508103
1592359124
1592327078
1591824643
1591563611
1591548432
1591469961
1591391484
1591223827
1591132169
1591042875
1590883143
1590811258
1590779115
1590730364
1590692408
1590604574
1590543876
1590525147
1590513354
1590469778
1590435873
1590267070
1590097186
1590012372
1589922849
1589846135
1589780293
1589747715
1589739980
1589610215
1589563486
1589476543
1589433337
1589346118
1589307363
1589297997
1589221598
1589153608
1589130354
1589060612
1589043533
1588971812
1588887085
1588873082
1588800124
1588736729
1588626650
1588533706
1588357204
1588268780
1588218998
1588182801
1587940884
1587872129
1587758674
1587747536
1587699651
1587617325
1587589967
1587526676
1587506036
1587443294
1587419155
1587353757
1587260275
1587251219
1587094693
1587074072
1587069460
1587016092
1586993356
1586981646
1586908137
1586837922
1586814107
1586791424
1586788275
1586661278
1586642280
1586578774
1586490768
1586468895
1586465375
1586377761
1586316805
1586309323
1586231065
1586209107
1586146282
1586128746
1586058935
1586042687
1585971953
1585960852
1585940757
1585859722
1585690981
1585678760
1585625944
1585619671
1585592495
1585566303
1585529494
1585453224
1585436905
1585423586
1585396736
1585363050
1585323244
1585279823
1585256553
1585195104
1585186604
1585172899
1585160411
1585112066
1585102199
1585089574
1585075277
1585054474
1585005205
1584977468
1584913471
1584892747
1584835601
1584804751
1584750996
1584718621
1584676156
1584667840
1584645032
1584591838
1584582636
1584567256
1584560972
1584496307
1584468114
1584452919
1584408601
1584354760
1584343831
1584331185
1584317635
1584301874
1584243362
1584240502
1584214780
1584180405
1584149514
1584123003
1584112182
1584076862
1584007581
1583984976
1583978342
1583955077
1583875971
1583863918
1583844183
1583812415
1583806463
1583776729
1583768318
1583724026
1583648159
1583641439
1583594538
1583569398
1583555602
1583469831
1583383262
1583374961
1583350216
1583339642
1583320405
1583300826
1583291226
1583286328
1583272182
1583254997
1583200943
1583193960
1583150399
1583133207
1583090179
1583082670
1583037074
1583009720
1583006021
1582951332
1582944197
1582909290
1582868601
1582851438
1582832518
1582820893
1582784777
1582777522
1582765346
1582679664
1582661828
1582648379
1582601959
1582567689
1582562559
1582499259
1582484676
1582454806
1582432294
1582426739
1582412267
1582398532
1582331016
1582309816
1582303383
1582259528
1582252569
1582238965
1582222734
1582145846
1582130381
1582079872
1582076344
1582048473
1582001099
1581981583
1581918087
1581908032
1581883648
1581876388
1581814988
1581743834
1581733580
1581710814
1581654199
1581626009
1581617525
1581589727
1581536020
1581483910
1581445039
1581416272
1581389949
1581373520
1581329740
1581294772
1581265819
1581223344
1581216108
1581197535
1581187044
1581158379
1581155920
1581154474
1581148970
1581113986
1581039518
1581033834
1581007732
1580963530
1580950514
1580929967
1580917621
1580813388
1580808770
1580805709
1580803497
1580801768
1580770294
1580756207
1580711051
1580671873
1580580254
1580576851
1580531581
1580522627
1580515060
1580504141
1580445319
1580430703
1580359339
1580352379
1580343227
1580272835
1580267167
1580255390
1580173315
1580161055
1580154861
1580084660
1580028651
1579998464
1579988146
1579905538
1579899776
1579832606
1579825509
1579823417
1579815053
1579810150
1579754505
1579750547
1579714175
1579672117
1579668136
1579664718
1579646516
1579585256
1579574563
1579563079
1579554104
1579547969
1579512135
1579506002
1579504806
1579482697
1579460077
1579319347
1579245635
1579127235
1579127015
1579085127
1579080980
1578897178
1578377640
1578218966
1578130321
1578126809
1578125467
1578121605
1578018115
1577917317
1577854952
1577779414
1577753993
1577700328
1577657457
1577646121
1577617493
1577608126
1577524477
1577355401
1577351547
1577268991
1577255021
1577181230
1577178853
1577175903
1577171610
1577092870
1577066169
1577012132
1577009838
1577004850
1576835552
1576820218
1576657328
1576620117
1576491928
1576490984
1576428236
1576395356
1576390940
1563275286
1562938001
1562366384
1562358255
1562233103
1562219187
1562181785
1562180276
1562101444
1562049568
1562032282
1561890131
1561715412
1561710627
1561391855
1561283972
1561283022
1561280211
1561278658
1561274768
1561195733
1561025420
1561021459
1561013992
1560942853
1560938872
1560937614
1560925886
1560900504
1560897017
1560803066
1560765970
1560760524
1560679937
1560676776
1560665844
1560621173
1560326056
1560322386
1560321178
1560247717
1560243754
1560137126
1560095283
1559987536
1559892088
1559890212
1559467227
1559380614
1559378140
1559371367
1559288054
1559276078
1559092464
1558976803
1558935558
1558768513
1558753391
1558677126
1558601031
1558592448
1558064380
1558057701
1557994491
1557963432
1557917388
1557884195
1557554541
1557347819
1557331088
1557098892
1556874730
1556677261
1556495660
1555914816
1555640198
1555574070
1555573293
1555568213
1555428951
1555225913
1555225141
1554879441
1554832619
1554787089
1554775205
1554688240
1554595544
1554539168
1554285099
1554273508
1554175598
1554170278
1554161227
1553983520
1553830992
1553485113
1553219461
1552891603
1552855326
1552807878
1552294108
1552007413
1551938788
1551928374
1551735873
1551551334
1551246061
1551170015
1551161850
1551156902
1550959985
1550732779
1550632199
1550548409
1550508286
1550390146
1550389058
1550386129
1550341806
1550297215
1550294498
1550111043
1549962438
1549961093
1549843133
1549786374
1549164174
1548911645
1548307484
1548115473
1547964059
