1615661535
1614804739
1614034090
1612807768
1612656415
1612563083
1611606126
1611345825
1611194438
1611190195
1610660284
1610433544
1610307141
1609804449
1609699570
1609551961
1608853613
1608321116
1608015382
1607829749
1607708454
1607675161
1607633797
1607630784
1607629184
1607543657
1607533304
1607489708
1607280005
1607238761
1607153089
1607105307
1607044736
1607038429
1606938088
1606680781
1606675998
1606675651
1606585185
1606531990
1606447343
1606421482
1606419693
1606373364
1606196949
1605931274
1605923279
1605918017
1605821359
1605815207
1605671283
1605591308
1605508936
1605488596
1605335740
1605290847
1605252765
1605131360
1604973228
1604380561
1604376964
1604259211
1604193343
1604178416
1604095301
1604007321
1603738688
1602997877
1602981138
1602806107
1602724828
1602651373
1602377181
1601778958
1601141825
1600917144
1600898807
1600825467
1600714518
1600563324
1600545914
1600402471
1600373685
1600303011
1600111299
1599949083
1599865742
1599765185
1599695278
1599679099
1599523778
1599426127
1599119967
1599013955
1599002695
1598989590
1598979600
1598900944
1598774265
1598741870
1598735106
1598688273
1598649408
1598565937
1598556693
1598424137
1598076506
1598040790
1598036208
1597454333
1596863885
1596482031
1596353872
1596329313
1596312855
1595971297
1595879062
1595805342
1595631743
1595184436
1594240794
1593976484
1593808974
1593668210
1593636963
1593480636
1593457961
1593278700
1593230552
1593069878
1593054467
1592986645
1592864211
1592859018
1592780057
1592771140
1592420419
1592382627
1592357846
1592291365
1592249485
1592154443
1592118228
1592085587
1592000967
1591813330
1591724343
1591500344
1591469956
1591395105
1591378021
1591226849
1591214168
1590971431
1590944807
1590868803
1590803880
1590701651
1590698217
1590689000
1590632060
1590631880
1590629033
1590558303
1590532448
1590526423
1590473014
1590439968
1590437682
1590392479
1590371794
1590359270
1590302919
1590266449
1590214778
1590174747
1590174501
1590110524
1590100676
1590059986
1590050096
1590023748
1590008053
1589916524
1589908921
1589863899
1589833835
1589790690
1589779564
1589760878
1589755136
1589671533
1589663755
1589587863
1589578586
1589523351
1589508575
1589484207
1589427911
1589404518
1589320847
1589235188
1589220768
1589213845
1589162123
1589141028
1589137424
1589079139
1589067889
1589006888
1588989535
1588967447
1588951361
1588914975
1588905846
1588829536
1588810882
1588757509
1588754792
1588730610
1588711178
1588665732
1588624073
1588619979
1588569053
1588557649
1588540233
1588482405
1588455327
1588450039
1588399798
1588375662
1588339514
1588321865
1588231606
1588204439
1588188166
1588146335
1588133316
1588110167
1588053964
1588035182
1588018380
1588007875
1587970071
1587934496
1587880865
1587868116
1587802705
1587791288
1587768709
1587763975
1587715548
1587657142
1587602634
1587581267
1587497830
1587420382
1587346890
1587333386
1587321357
1587261001
1587236432
1587226799
1587178283
1587152080
1587145865
1587068348
1586909865
1586897493
1586719218
1586541461
1586468442
1586401605
1586286070
1586208888
1586194913
1586134714
1586122798
1586115806
1585697482
1585177632
1584297306
1584132613
1583539550
1583440202
1581295110
1580945689
1580938872
1580059646
1577037949
1573871659
1573708718
1572982542
1570842757
1570322549
1570048333
1566086775
1564498126
1564437041
1564356676
1564278033
1564276989
1564203395
1538627250
1536352152
1535693703
1535487035
1535486777
1535486547
1535132404
1535090529
1532113262
1530744613
1529182400
1529176137
1527958169
1527877619
1527877557
1525817895
1525060127
1525059869
1525043891
1524870541
1524803205
1524701557
1523224594
1522599573
1521669188
1521238207
1515541360
1513846776
1513805605
1513713516
1513652943
1513576053
1512882682
1512882346
1512595621
1512343727
1512015153
1511644192
1510815770
1505069059
1503963187
1503865688
1503865644
1503791349
1503791109
1502574533
1502400975
1502331757
1502331736
1502331710
1502234239
1501546073
1501350276
1501171490
1501171332
1501171152
1500779776
1500772209
1500658980
1500166682
1499534941
1498914680
1498669756
1498669527
1498669451
1498254124
1498244080
1498227775
1497735171
1497735061
1497735024
1497487246
1497200471
1497140864
1496953410
1496516615
1496262693
1496069017
1496068929
1496068869
1495911712
1495410409
1495393807
1495326403
1495308825
1495308719
1495118370
1495065182
1494900187
1494803413
1494645658
1494603491
1494543453
1494266336
1494025656
1494006673
1493999876
1493999839
1493766157
1493743688
1493344202
1493265988
1493230195
1493230065
1493172824
1493147031
1493146932
1493073273
1492962199
1492962094
1492962020
1492961980
1492830298
1492830059
1492711514
1492658616
1492584356
1492584290
1492528161
1492528114
1492282659
1492227235
1492107704
1492098175
1492098078
1491937009
1491936963
1491800640
1491769989
1491769949
1491769918
1491677238
1491676782
1491676746
1491676712
1491622434
1491446680
1491428442
1491427923
1491162275
1491099691
1490895980
1490719375
1490719316
1490575672
1490548037
1490531151
1490531077
1490531053
1490493467
1490304223
1490287018
1490286990
1490196859
1490114782
1490114303
1490114273
1490114232
1489864917
1489668106
1489668082
1489668023
1489451612
1489451597
1489451588
1489451562
1489106799
1488931210
1488825279
1488825190
1488769293
1488757736
1488757709
1488682239
1488682173
1488681707
1488268093
1488268059
1488268014
1488071770
1487975688
1487975664
1487871646
1487871630
1487871600
1487635495
1487560606
1487473515
1487385330
1487284689
1487284667
1487284641
1487207280
1487207243
1487207187
1487115848
1487037512
1486767952
1486708653
1486708589
1486708532
1486684075
1486494842
1486494808
1486494765
1486331807
1486167082
1486165708
1486165637
1486165578
1485898852
1485661893
1485661833
1485547334
1485462426
1485462149
1485462010
1485121847
1484841951
1484841926
1484841872
1484682207
1484674679
1484607632
1484607547
1484607482
1484538292
1484437519
1484356374
1484251803
1484251639
1484179484
1483913113
1483672271
1483395414
1483385612
1483385505
1483364523
1483303478
1482781042
1482780983
1482780902
1482539167
1482218086
1481668423
1481668331
1481668150
1481585451
1481572659
1481415136
1481338040
1481049859
1480896296
1480819022
1480729029
1480721298
1480640100
1480552319
1480552239
1480551435
1480551391
1480551374
1480526563
1480526542
1480526527
1480450073
1480449951
1480449872
1480293148
1480267691
1480267502
1480267458
1480189104
1480139968
1480139958
1480139944
1479942917
1479858750
1479789595
1479789568
1479789551
1479661972
1479661813
1479660364
1479660352
1479577736
1479519109
1479514843
1479409413
1479316105
1479155610
1478992428
1478992358
1478987727
1478949157
1478482592
1478395237
1478391320
1478132293
1478132265
1478132138
1477942312
1477506774
1477453142
1477453105
1477453085
1477123196
1476944655
1476944615
1476944586
1476725387
1476725371
1476725359
1476475165
1476048458
1476048305
1476048126
1475876536
1475875933
1475874774
1475874760
1475874758
1475874747
1475518849
1475517603
1475517359
1475269361
1475269078
1475269042
1475249733
1475249623
1475249522
1475103649
1475100109
1475098297
1475085087
1475005514
1475005282
1474922297
1474922153
1474763418
1474761826
1474761399
1474760928
1474738604
1474737965
1474678379
1474555142
1474555103
1474508128
1474507712
1474503493
1474485077
1474484804
1474394731
1474394267
1474385925
1474385894
1474322968
1474243199
1474242768
1474230715
1474129744
1474119592
1474118719
1473990157
1473971524
1473907269
1473896206
1473819354
1473819134
1473702070
1473701960
1473556021
1473555493
1473388786
1473352170
1473351858
1473272031
1473270319
1473258227
1473258032
1473091089
1473090769
1473090545
1473007789
1473007390
1473007351
1472939723
1472931814
1472930424
1472929904
1472916276
1472916055
1472778190
1472745529
1472745183
1472744764
1472744445
1472688083
1472600666
1472590031
1472590004
1472584832
1472584301
1472485427
1472485329
1472485267
1472485086
1472420046
1472404479
1472403953
1472403835
1472397234
1472346015
1472334632
1472334487
1472334247
1472334179
1472274147
1472263538
1472259091
1472259041
1472258873
1472216500
1472172743
1472171230
1472171142
1472168763
1472092308
1472070818
1472070716
1472056412
1471985393
1471984509
1471972782
1471895622
1471895426
1471758363
1471758190
1471757955
1471748989
1471745293
1471736472
1471736384
1471732242
1471632043
1471627364
1471627275
1471626977
1471562452
1471562369
1471562237
1471562122
1471557640
1471477323
1471477197
1471477016
1471473275
1471454909
1471365183
1471365094
1471298860
1471294101
1471293484
1471222726
1471218442
1471218303
1471201417
1471200825
1471200608
1471151097
1471142397
1471121353
1470953415
1470952878
1470952738
1470952589
1470937135
1470877578
1470877350
1470877113
1470874177
1470859454
1470855099
1470854843
1470854612
1470780954
1470780521
1470692692
1470686590
1470678019
1470511346
1470511191
1470511044
1470504056
1470428318
1470337517
1470260055
1470258739
1470257413
1470257354
1470257275
1470168969
1470168847
1470000348
1470000208
1470000115
1470000019
1469985425
1469908249
1469825657
1469825409
1469824877
1469824720
1469812211
1469812097
1469811923
1469811793
1469811644
1469811544
1469811453
1469732114
1469731971
1469728603
1469726691
1469726456
1469726314
1469726015
1469723210
1469645044
1469644996
1469644856
1469644614
1469567590
1469565480
1469565190
1469558825
1469558703
1469558385
1469557893
1469472999
1469472892
1469467637
1469467538
1469467420
1469467280
1469316916
1469316764
1469316487
1469316232
1469315503
1469147153
1469146522
1469146445
1469146013
1469064137
1469064068
1468880571
1468880247
1468880156
1468879998
1468879902
1468879845
1468879684
1468510331
1468479414
1468479192
1468478943
1468478859
1468478533
1468442693
1468442624
1468372588
1468372392
1468372173
1468372087
1468371939
1468360743
1468360635
1468360372
1468354208
1468353767
1468300765
1468300594
1468273476
1468273350
1468273275
1468273223
1468272928
1468189735
1468182504
1468176534
1468176401
1468114778
1468101662
1468099985
1468034988
1468034864
1468031768
1468031688
1468031581
1468027858
1468027731
1468027626
1468027540
1468027394
1468026356
1468026264
1468026180
1468003685
1467939738
1467933422
1467933160
1467931872
1467927935
1467927843
1467927492
1467927301
1467912347
1467911812
1467911608
1467911438
1467903558
1467901957
1467896195
1467896092
1467895963
1467895878
1467895787
1467895717
1467839366
1467825708
1467825382
1467825174
1467825060
1467824922
1467824562
1467821188
1467821096
1467821002
1467820550
1467820460
1467820378
1467820338
1467760899
1467760811
1467760678
1467760516
1467760310
1467760148
1467760051
1467754305
1467752789
1467752533
1467752370
1467752319
1467752220
1467751721
1467751529
1467738853
1467686671
1467686553
1467686459
1467686069
1467685990
1467685903
1467681271
1467681033
1467659733
1467659166
1467659013
1467649126
1467598429
1467574675
1467566249
1467565824
1467565722
1467565419
1467565135
1467565004
1467564830
1467519002
1467518640
1467518444
1467518315
1467518202
1467518121
1467476697
1467476384
1467474524
1467419450
1467419355
1467419260
1467418621
1467418446
1467418253
1467411442
1467159740
1467159560
1467150087
1467074496
1467074172
1467073945
1467060271
1466984374
1466983981
1466961522
1466899169
1466897963
1466889511
1466889366
1466883636
1466883401
1466882704
1466882460
1466882392
1466882281
1466881951
1466881785
1466836659
1466548875
1466532712
1466532299
1465870393
1465870233
1465870063
1465869814
1465869714
1465247190
1465247051
1465011735
1464749595
1464730174
1464587223
1464495255
1464377912
1464377805
1464377553
1464377426
1464316470
1464188462
1464149091
1464117726
1464114919
1463973180
1463967436
1463966899
1463682949
1463597419
1463513903
1463513650
1463513393
1463513288
1463513117
1463512429
1463170851
1463163957
1463110667
1463110360
1463096498
1463096286
1463032764
1463011457
1463011143
1462981002
1462980912
1462980772
1462934470
1462934321
1462931729
1462891203
1462891109
1462890959
1462890845
1462850420
1462850290
1462850091
1462849861
1462844162
1462843960
1462818728
1462753299
1462753222
1462753066
1462734408
1462677219
1462677073
1462585006
1462581830
1462581736
1462565467
1462485175
1462485109
1462228350
1462061989
1462061033
1461710623
1461602567
1461602021
1461601916
1461601797
1461439946
1461203565
1461203305
1460950459
1459956841
1459914382
1459885842
1459885184
1459885043
1459884865
1459884616
1459624209
1459557895
1459122398
1459048286
1459015323
1459015227
1459015177
1459014960
1458943894
1458943605
1458943237
1458418171
1457894933
1455826363
1455826246
1455825073
1455736777
1455482312
1451938056
1451937552
1451937342
1451937256
1451930845
1451930622
1451757372
1451712017
1451711950
1451711483
1451620689
1451613321
1451612812
1451586970
1451586739
1451586156
1451542040
1451541313
1451541176
1451540698
1451540315
1451538136
1451534888
1451520815
1451520606
1451499747
1451419459
1451419166
1451418916
1451372877
1451250071
1451249922
1451249842
1451184393
1450732173
1450732106
1450485521
1450485368
1450456255
1450456053
1450455503
1450209568
1450209401
1450209261
1450133769
1450133627
1450133471
1450120339
1450120259
1449969885
1449875261
1449875225
1449690464
1449690414
1449690296
1449690252
1449690177
1449385083
1449384839
1449384694
1449384527
1449384341
1448820977
