1618082527
1617567461
1617327178
1614133562
1613676369
1613080988
1613069761
1612330506
1611716120
1611520737
1611357312
1611248010
1611179618
1611158255
1611114523
1611107175
1610994140
1610942905
1610849067
1610570390
1609904106
1609890673
1609652221
1609183971
1608939718
1608508548
1608160872
1607901339
1607814211
1607737137
1607572970
1607278962
1607102968
1606946456
1606941834
1606862380
1606845914
1606646518
1606605952
1606599798
1606421140
1606177318
1606119951
1606097985
1606096627
1605713066
1605648944
1605552652
1605490700
1605342123
1605302883
1605217925
1605178007
1605069330
1604986608
1604785921
1604751934
1604699466
1604657941
1604654817
1604550391
1604267450
1604124887
1603752162
1603671527
1603471766
1603135182
1602755641
1602727994
1602498334
1601937408
1601758592
1600489103
1600381962
1599522944
1599177931
1598999984
1598815530
1598660157
1598572982
1598425017
1598236396
1598123238
1597907660
1597877130
1597864760
1597793120
1597620880
1597617022
1597469301
1597445086
1597279819
1597270707
1597175595
1597023066
1597002131
1596923080
1596841417
1596588308
1596409504
1595896942
1595621822
1595186560
1595120824
1594774921
1594761419
1594254423
1594247047
1594067880
1593819328
1593642503
1593463514
1593222761
1593215845
1593211135
1592935481
1592780827
1592770814
1592453469
1592433005
1592351303
1592350601
1592272829
1592253303
1592174260
1592169387
1592084760
1591994728
1591891892
1591845019
1591827527
1591744124
1591739666
1591727747
1591646146
1591570692
1591570097
1591478430
1591383693
1591294918
1590886676
1590801555
1590785021
1590696239
1590695048
1590436227
1590345632
1590272958
1590189128
1590011993
1589937626
1589914840
1589911372
1589660612
1589483027
1589316017
1589252005
1589147538
1589127757
1589060842
1589051068
1588977301
1588909924
1588806610
1588792749
1588708093
1588643794
1588626735
1588556088
1588530651
1588476745
1588459626
1588459480
1588368489
1588368466
1588368209
1588274310
1588273482
1588191696
1588107704
1588098832
1588038301
1588017635
1588012945
1587943768
1587925671
1587841571
1587836660
1587830712
1587755679
1587747795
1587582151
1587497420
1587443175
1587414664
1587412178
1587345666
1587236312
1587234352
1587160217
1587003975
1587001927
1586897232
1586822305
1586724118
1586631920
1586473332
1586471881
1586469927
1586380924
1586304587
1586214929
1586119296
1586053706
1586025234
1585876668
1585857202
1585778538
1585594702
1585504270
1585345573
1585258582
1585249602
1585182693
1585166102
1585083164
1585074117
1585006750
1584988639
1584914651
1584853986
1584831427
1584726963
1584720715
1584683796
1584666173
1584587871
1584556709
1584505358
1584493186
1584491760
1584486307
1584411377
1584408640
1584396564
1584320203
1584223099
1584218905
1584145245
1584128120
1584069949
1584069409
1583989053
1583972196
1583826685
1583813466
1583793768
1583743706
1583709646
1583644147
1583643235
1583548279
1583458679
1583458451
1583370441
1583294949
1583285225
1583192614
1583090144
1583052942
1583032969
1583022184
1583015192
1582917436
1582912462
1582747423
1582746673
1582746454
1582608047
1582599917
1582596027
1582506753
1582492611
1582352038
1582338441
1582316683
1582315376
1582240364
1582233633
1582233303
1582228733
1582227617
1582150320
1582137813
1582093588
1582069000
1582062162
1582004037
1581983151
1581969906
1581928461
1581918230
1581916753
1581905070
1581896459
1581847090
1581834448
1581821540
1581814076
1581754845
1581747807
1581745878
1581721364
1581713175
1581638309
1581624163
1581623986
1581550837
1581546108
1581508976
1581467294
1581453645
1581400946
1581381003
1581370422
1581323855
1581316960
1581309893
1581301590
1581293900
1581214488
1581200951
1581198440
1581193755
1581144473
1581144028
1581131282
1581128782
1581117168
1581113516
1581113101
1581049578
1581036975
1581022620
1581019241
1581016864
1580962737
1580959678
1580943846
1580847754
1580846842
1580846423
1580797439
1580774135
1580771731
1580706333
1580678490
1580596668
1580587291
1580526565
1580512816
1580423836
1580367433
1580355232
1580278673
1580259812
1580197984
1580174532
1580164401
1580154563
1580112771
1580014753
1580014110
1580001624
1579997840
1579985509
1579919437
1579822862
1579774035
1579727482
1579641921
1579598042
1579562994
1579427807
1579422456
1579421888
1579339550
1579330979
1579314337
1579311217
1579293777
1579132317
1579131645
1579125460
1579080365
1579064033
1579051639
1579039676
1578996974
1578979891
1578960088
1578957324
1578954389
1578914207
1578826111
1578825031
1578800989
1578784959
1578758949
1578740365
1578694878
1578677477
1578667041
1578613298
1578591197
1578511573
1578510863
1578431229
1578376524
1578366218
1578277913
1578274545
1578256815
1578208216
1578207005
1578195618
1578170217
1578165366
1578122941
1578110278
1578102565
1578075502
1578029471
1578009241
1578003939
1577989635
1577983212
1577940960
1577926795
1577918475
1577913256
1577850707
1577736821
1577590336
1577508714
1577478702
1577306113
1577244405
1577123702
1577041683
1576970508
1576902817
1576874304
1576849398
1576795907
1576730727
1576624020
1576487846
1576374849
1576270631
1576196105
1576191846
1576142658
1575936237
1575879543
1575856122
1575768798
1575699008
1575680731
1575504286
1575251390
1575249034
1575141776
1574972962
1574716131
1574468995
1574077132
1573863938
1573683861
1573614965
1573544926
1573282698
1573168616
1573105889
1572989770
1572759635
1572568674
1572398075
1572314993
1572140263
1571966166
1571902140
1571792643
1571630392
1571628017
1571287681
1571176937
1571003725
1570836776
1570742054
1570060115
1569967838
1569797303
1569702813
1569349355
1569272937
1569193474
1569105756
1569055724
1568934676
1568929716
1568799121
1568762134
1568682194
1568581654
1568580923
1568498946
1568151268
1567837983
1567759145
1567757036
1567650510
1567477416
1567409873
1567382378
1567330089
1566827999
1566757563
1566420893
1566284990
1566243888
1566165197
1566161209
1565891492
1565555087
1565428808
1565309256
1565231544
1565144688
1565083400
1564887777
1564735873
1564433202
1564271945
1563568325
1563148511
1563147901
1562888012
1561329790
1561147412
1558201766
1557874012
1557873642
1557873521
1557873255
1557872806
1557872645
1557872379
1557872220
1557872091
1557614903
1557181894
1556822346
1556498178
1556055450
1555357065
1555124235
1555006057
1555005946
1554917482
1554916601
1554916470
1554686275
1554623020
1554584934
1554584103
1554515372
1554514172
1554320426
1554065895
1553999161
1553978637
1553906310
1553818822
1553800926
1553722374
1553720800
1553671789
1553667854
1553667374
1553667017
1553636372
1553560267
1553544982
1553488358
1553457613
1553454166
1553401391
1553396093
1553388378
1553376429
1553302060
1553206277
1553030222
1553029910
1552968223
1510266684
1510203137
1509371966
1509144589
1508958710
1508762844
1508681547
1508254391
1508254327
1507467685
1507307237
1507289675
1507238648
1507045026
1507044894
1507044810
1506986866
1506794037
1506536709
1506536405
1506443328
1506272100
1505938365
1505752899
1505752882
1505598665
1505598603
1505598564
1505506044
1505505945
1505502919
1505502800
1505447018
1505415521
1505415430
1505329814
1505329742
1505329671
1505329618
1505329584
1505329523
1505242751
1505242152
1505157954
1505157738
1505157598
1505061316
1505061210
1505061149
1505060940
1505060823
1505060770
1504970301
1504970140
1504969885
1504969800
1504969723
1504828577
1504824639
1504812319
1504722672
1504722564
1504722498
1504722446
1504722382
1504638456
1504638007
1504637191
1504551035
1504550840
1504550713
1504550610
1504550391
1504550310
1504546395
1504392492
1504392340
1504392267
1504219088
1503770465
1503685373
1503637490
1503636073
1503620754
1503524069
1503339599
1503011114
1503010990
1503010949
1502768338
1502759759
1502482726
1501804624
1501804520
1501804470
1501194339
1501194319
1501093472
1501093460
1501093428
1501024322
1501024302
1501024188
1500928997
1500928969
1500928895
1500851815
1500851764
1500851686
1500628123
1500184749
1500184655
1500184489
1499744345
1499744119
1499743996
1499579026
1499578943
1499578706
1499376861
1499376219
1499299464
1499257170
1498870657
1498779949
1498779918
1498598153
1498511938
1498511879
1498412767
1498328627
1498236071
1498150085
1498150075
1498150062
1497810074
1497810048
1497810017
1497802983
1497651311
1497566833
1497376611
1497376563
1497376545
1497128061
1497038011
1497037979
1497037903
1496873759
1496873744
1496873731
1496781094
1496781083
1496781072
1496693505
1496693483
1496693465
1496608548
1496608530
1496608517
1496516738
1496516705
1496516661
1496353728
1496353701
1496353669
1495925619
1495925569
1495925460
1495765692
1495653601
1495653586
1495653554
1495559868
1495559808
1495559688
1495381168
1495324099
1495323923
1495323824
1495136959
1495136897
1495136813
1494882117
1494882021
1494881954
1494782094
1494782049
1494782011
1494614561
1494614546
1494614531
1494446582
1494446238
1494445827
1494281879
1494281811
1494281748
1494174831
1494174809
1494174800
1493919760
1493919603
1493850828
1493666121
1493666102
1493666091
1493577612
1493577467
1493577300
1493494660
1493494655
1493494648
1493414089
1493326380
1493326248
1493326197
1493148016
1492887482
1492887305
1492887217
1492731862
1492731676
1492731240
1492534218
1492534157
1492534104
1492369886
1492369811
1492188486
1492188276
1492188248
1491946562
1491946541
1491946438
1491880689
1491758750
1491758577
1491758332
1491575181
1491575059
1491574990
1491495818
1491350171
1491350165
1491242502
1491242494
1491242483
1491161741
1491161733
1491161722
1491066294
1491066233
1491066185
1490152510
1490152501
1490152488
1489982706
1489596392
1489596384
1489106760
1489106248
1489105647
1489024377
1489024357
1488581831
1488581808
1488581792
1488211970
1488211776
1488211336
1488164905
1488136345
1488118691
1487814102
1487814062
1487814016
1487701987
1487701026
1487700626
1487596045
1487523596
1487335248
1487335120
1487072324
1486812307
1486658308
1486658084
1486657847
1486586319
1486394563
1486394478
1486394316
1486234745
1486234703
1486234690
1486143791
1486143681
1486143486
1485974706
1485974319
1485973850
1485885226
1485884909
1485884666
1485531797
1485281160
1485280952
1485280796
1485186746
1485186283
1485185983
1484969226
1484968956
1484968760
1484968621
1484968501
1484968386
1484968295
1484968187
1484948872
1484872054
1484517262
1484517058
1484516710
1484258902
1484254594
1484254456
1484254171
1483915126
1483914905
1483914770
1483813956
1483813715
1483813556
1483734312
1483733962
1483733805
1483312029
1483311625
1483311508
1483124497
1483123947
1483123023
1482868056
1482867708
1482867399
1482446845
1482444058
1482338049
1482095097
1482094931
1482094614
1481901261
1481748419
1481747877
1481747753
1481571414
1481571012
1481570582
1481484153
1481484143
1481484135
1481305495
1481305420
1481305274
1481059141
1481059041
1481058790
1480716865
1480716383
1480716191
1480453987
1480453465
1480452817
1480392785
1480361520
1480045794
1480045544
1480045352
1479937427
1479936151
1479935918
1479785613
1479333646
1479333638
1479333624
1479151929
1479151768
1479151570
1479061377
1479061211
1479061020
1478814665
1478814645
1478814249
1478724969
1478724544
1478574136
1478573855
1478573458
1478455720
1478455165
1478454986
1478380307
1478380129
1478379877
1478283240
1478283193
1478283181
1477851013
1477850472
1477850248
1477336804
1477336585
1477336501
1477281591
1477251811
1477251654
1477251498
1477251352
1477153158
1477153055
1477152820
1476991589
1476991184
1476990785
1476812024
1476811577
1476811441
1476728876
1476385262
1476378482
1476128916
1475988355
1475987705
1475625925
1475625734
1475434664
1475381823
1474906770
1474906653
1474906097
1474730201
1474730140
1474398190
1474397707
1474397482
1474213917
1474213778
1474213610
1474126628
1473905963
1473905786
1473904343
1473878422
1473709706
1473708466
1473708238
1473540558
1473539966
1473539725
1473439946
1473439462
1473439293
1473202322
1473202121
1473200539
1473028263
1473027459
1473027290
1472865850
1472865792
1472778002
1472583420
1472583239
1472582833
1472490996
1472490730
1472487621
1472320215
1472319761
1472319429
1472168374
1472168004
1472167426
1472071105
1472070758
1472070478
1471900774
1471900635
1471899900
1471724561
1471724422
1471724293
1471620263
1471619939
1471619440
1471552009
1471550405
1471550226
1471457978
1471456087
1471455982
1471370900
1471370443
1471369970
1471191059
1471190858
1471190081
1471125538
1471125051
1471124796
1471021823
1471020605
1471020121
1470962596
1470886088
1470885818
1470885459
1470885080
1470781697
1470781383
1470781079
1470676943
1470676754
1470676529
1470612724
1470612620
1470612463
1470594020
1470495218
1470495050
1470494898
1470335694
1470335222
1470335136
1470270097
1470270006
1470162548
1470162340
1470162191
1470093610
1470093286
1470092941
1470006983
1470006538
1470005822
1469913226
1469913057
1469912883
1469811036
1469810898
1469810303
1469650212
1469649905
1469649811
1469465908
1469313537
1469313354
1469311618
1469228632
1469228125
1469227854
1469227287
1469116780
1469116480
1469116097
1469057302
1469055942
1469055312
1468857858
1468857657
1468857474
1468765992
1468765068
1468764823
1468697687
1468697034
1468696831
1468625912
1468445272
1468445050
1468444512
1468260472
1468260264
1468260079
1468161996
1468161793
1467907786
1467907650
1467907523
1467837379
1467837251
1467747110
1467746594
1467746138
1467565805
1467565707
1467565618
1467472932
1467392910
1467167534
1467165342
1467165124
1467042056
1467041796
1467041619
1466910339
1466909616
1466787641
1466785139
1466784923
1466617773
1466617441
1466617239
1466533538
1466533248
1466533018
1466463626
1466462901
1466373841
1466373638
1466373518
1466287381
1466284621
1466283998
1466182441
1466182055
1466181739
1466104806
1465996424
1465993484
1465993195
1465927766
1465927486
1465927144
1465851630
1465851571
1465851525
1465748550
1465748180
1465747940
1465590145
1465589885
1465589769
1465504088
1465503585
1465483719
1465396688
1465396535
1465396362
1465337434
1465333195
1465333044
1465155243
1465153826
1465152767
1465062430
1465061801
1465061413
1464825331
1464824562
1464823913
1464745997
1464745819
1464745662
1464655214
1464655015
1464654806
1464471230
1464470956
1464470740
1464294592
1464293279
1464293024
1464211635
1464131406
1464040709
1464040164
1464040032
1463874071
1463873900
1463873705
1463703550
1463703233
1463702663
1463516562
1463516400
1463516233
1463262746
1463262517
1463262331
1463088426
1463088317
1463088148
1462999940
1462999546
1462999245
1462913538
1462913390
1462913016
1462825801
1462825620
1462825214
1462746093
1462745808
1462745534
1462490516
1462490361
1462490289
1462306605
1462306581
1462306561
1462230323
1462230064
1462229965
1462036669
1461710701
1461709792
1461709292
1461637085
1461636705
1461636311
1461452754
1461452492
1461452370
1461189244
1461189222
1461189125
1461100987
1461100813
1461100672
1461017883
1461017490
1461017407
1460845650
1460845330
1460844903
1460675485
1460673790
1460588617
1460588315
1460586769
1460395326
1460394563
1460394108
1460168725
1460168297
1460168090
1460074650
1460074381
1460073704
1459978502
1459978178
1459977751
1459892930
1459892712
1459892606
1459806613
1459806432
1459806026
1459623280
1459622410
1459622042
1459544165
1459544144
1459544106
1459459265
1459457692
1459457383
1459374246
1459373748
1459372914
1459283796
1459282089
1459281634
1459201765
1459201447
1459200885
1459032685
1459032585
1459032071
1458955938
1458955734
1458955342
1458763431
1458763138
1458762487
1458624108
1458622469
1458622060
1458508219
1458439429
1458339247
1458338814
1458338595
1458253937
1458253773
1458253579
1458170458
1458169231
1458169113
1457890309
1457890115
1457889963
1457658519
1457658022
1457657549
1457477979
1457476522
1457475801
1457389920
1457389592
1457389187
1457276727
1457276141
1457275811
1457219157
1457218624
1457218142
1457133262
1457132641
1457132379
1456961931
1456961755
1456961646
1456877185
1456875993
1456875862
1456788588
1456788349
1456787761
1456609052
1456359939
1456359203
1456359064
1456268837
1456268034
1456267282
1456183854
1456182873
1456182136
1456005409
1456004862
1456004557
1455841209
1455841061
1455840918
1455754083
1455753586
1455752929
1455667092
1455666761
1455666610
1455582555
1455232538
1455232356
1455230718
1455146582
1455146194
1455145562
1454806656
1454547294
1454546877
1454453344
1454452391
1454452172
1454261624
1454260158
1454259923
1453941435
1453941224
1453940773
1453765444
1453765198
1453764747
1453663367
1453663091
1453662598
1453511077
1453510735
1453510603
1453419276
1453418771
1453418561
1453331522
1453331025
1453330570
1453244138
1453243535
1453242944
1453163058
1453162774
1453162276
1453045163
1453044710
1453044506
1452971628
1452971147
1452970844
1452905524
1452903906
1452903551
1452814299
1452813864
1452813194
1452733521
1452732398
1452732034
1452644345
1452643924
1452643057
1452554008
1452553615
1452552780
1452449624
1452448970
1452446058
1452382342
1452382110
1452381914
1452300702
1452299983
1452299647
1452218649
1452218199
1452217744
1452125401
1452125062
1452123998
1452037469
1452036674
1452036537
1451954931
1451954560
1451951349
1451864269
1451863709
1451863582
1451769036
1451767225
1451766919
1451686208
1451685299
1451684510
1451603845
1451603590
1451603306
1451518383
1451517711
1451516774
1451330899
1451330587
1451330407
1451242024
1451240801
1451240140
1451086187
1451083185
1451081692
1450986638
1450986048
1450985812
1450831502
1450831360
1450830837
1450738440
1450738230
1450738039
1450661140
1450659636
1450659307
1450567407
1450567202
1450566802
1450490351
1450489846
1450489719
1450394924
1450394594
1450394375
1450304241
1450303874
1450303495
1450221126
1450220501
1450220287
1450133844
1450133345
1450133199
1450040333
1450039774
1450039503
1449950358
1449950186
1449949437
1449873329
1449872853
1449872446
1449789200
1449788829
1449787899
1449714066
1449713761
1449713636
1449613999
1449613593
1449613255
1449527689
1449527481
1449526847
1449440577
1449440258
1449439959
1449355502
1449354873
1449354059
1449181208
1449180836
1449180650
1449094265
1449094168
1449094054
1449011548
1449011155
1449010997
1448837557
1448837265
1448837092
1448751004
1448750777
1448750067
1448663910
1448663407
1448663213
1448581237
1448579179
1448490311
1448490090
1448489843
1448405654
1448405453
1448405255
1448312884
1448312723
1448312580
1448135327
1448135077
1448134847
1448063869
1448063188
1448062963
1447973989
1447973732
1447972554
1447806906
1447806422
1447806163
1447717197
1447716752
1447716300
1447610129
1447609939
1447609390
1447373562
1447373167
1447372741
1447292841
1447292691
1447292273
1447201168
1447200615
1447112231
1447112021
1447111839
1447027387
1447027040
1447026890
1446930544
1446929053
1446928748
1446851536
1446850207
1446849854
1446761256
1446761041
1446760781
1446676373
1446676125
1446674700
1446591608
1446591216
1446590141
1446507052
1446506837
1446506516
1446408372
1446408234
1446408099
1446318316
1446317981
1446315634
1446159815
1446159546
1446158961
1445985673
1445985453
1445985313
1445900004
1445899451
1445898450
1445810345
1445809395
1445809160
1445709105
1445708942
1445708145
1445549152
1445548937
1445548550
1445372964
1445372828
1445372747
1445106982
1445104141
1445103852
1444869918
1444869828
1444782724
1444774494
1444774307
1444686633
1444684516
1444684373
1444595717
1444592949
1444587934
1444511845
1444510023
1444509853
1444509666
1444498019
1444337328
1444337136
1444336974
1444166137
1444165669
1444165472
1444164688
1444164298
1444077463
1444071076
1444006195
1444006097
1443985746
1443985027
1443913335
1443811708
1443811465
1443748738
1443659547
1443659362
1443659115
1443658885
1443641704
1443572025
1443561085
1443560613
1443560209
1443477999
1443475720
1443471372
1443387150
1443386245
1443385226
1443315324
1443296894
1443291559
1443286053
1443226144
1443224986
1443224370
1443224188
1443127908
1443125086
1443124650
1443123991
1443041931
1443035876
1442970995
1442970622
1442958137
1442875596
1442869149
1442867446
1442866299
1442865681
1442781366
1442774955
1442769206
1442762952
1442761924
1442760726
1442712387
1442696100
1442683678
1442525287
1442436946
1442350946
1442350446
1442347250
1442268683
1442256560
1442248007
1442164409
1442077833
1441565316
