1616120073
1615834028
1615666872
1614980970
1614213244
1613689480
1613620064
1613503526
1613422752
1613320522
1613177773
1612996203
1612407257
1612379031
1612304797
1612228757
1611621888
1611440689
1610756230
1610411045
1610136757
1609992646
1609815674
1609531741
1609459340
1609225675
1609028672
1608830205
1608782447
1608694185
1608607919
1608494722
1608321829
1608250525
1608151617
1608061801
1607991865
1607479663
1607394453
1607367808
1607205775
1607120425
1606953136
1606767226
1606590458
1606511692
1606429766
1606260097
1606091696
1606004321
1605749649
1605482970
1605327595
1605308498
1605133037
1604968531
1604890840
1604709959
1604550059
1604365998
1603849413
1603766345
1603155062
1602716287
1602627578
1602212160
1601510822
1600643890
1600214977
1599776299
1599091773
1598803852
1598660072
1598466748
1598137971
1597621969
1596986714
1596642990
1596255247
1595951367
1595866288
1595179509
1595117134
1594655460
1594589357
1594486008
1594322574
1594223166
1593964516
1593707212
1593563270
1593550739
1593304916
1593131400
1592926136
1592617986
1592435747
1592320985
1592093679
1591981133
1591920847
1591836510
1591717136
1591659964
1591576300
1591491534
1590940381
1590885420
1590854539
1590783561
1590768048
1590725394
1590694003
1590627261
1590607665
1590453405
1590336101
1590334620
1590249119
1590177096
1590162003
1590093987
1590074819
1590014815
1589926273
1589849483
1589731364
1589676042
1589650055
1589574941
1589560639
1589503418
1589475122
1589414578
1589251002
1589215247
1589049448
1588823572
1588607167
1588376428
1588273540
1588261528
1588207630
1588032650
1588011723
1587919818
1587689427
1587669634
1587404121
1587228109
1587185259
1587103204
1587081020
1587063332
1586912004
1586906178
1586885228
1586824257
1586809491
1586717954
1586547801
1586458007
1586371453
1586113977
1586042617
1585954646
1585864008
1585776475
1585679269
1585609259
1585347966
1585258548
1585177396
1584919524
1584902831
1584825474
1584729059
1584564262
1584388075
1584138084
1583961301
1583802631
1583791054
1583707535
1583620742
1583544680
1583195102
1582510696
1582418454
1582249071
1582149797
1581724214
1581639858
1581560942
1581388444
1581217404
1580870491
1580516420
1580265306
1580241951
1580184518
1580177765
1579572275
1579489135
1579462651
1579318065
1579308958
1579221554
1579047437
1579039075
1578963011
1578690141
1578011246
1577933873
1577660246
1577571334
1577303114
1577221769
1576951571
1576803530
1576630467
1576544900
1576347439
1576196648
1575844768
1575410424
1574820578
1574732932
1574561609
1574476572
1574303889
1574203033
1573954846
1573689000
1573602979
1573524356
1573504306
1573172199
1573090196
1572999569
1572905534
1572740715
1572302907
1571957036
1571608019
1571447590
1571187370
1571090523
1570935178
1570843404
1570751396
1570588573
1570402738
1570385065
1570226590
1569803069
1569530425
1568856569
1567550107
1567459575
1567200678
1567016344
1566937366
1566856202
1566323637
1566181034
1565972960
1565639663
1565483122
1565375411
1564969160
1564768898
1564643337
