1618276457
1618265859
1618185185
1618090347
1617937984
1617117108
1617064171
1616963436
1616769750
1616117910
1616046202
1616013448
1615683628
1615578978
1615523461
1615351383
1615226803
1615093042
1614978122
1614829857
1614631772
1614541193
1614035900
1613880908
1613787594
1613590330
1613418616
1613244580
1613097925
1613011594
1612844449
1612818925
1612667165
1612591448
1612482547
1612402481
1612389141
1612340985
1612237528
1611889912
1611887319
1611716142
1611711351
1611644729
1611542914
1611377617
1611266214
1611112273
1610933314
1610769569
1610218594
1609817204
1609727542
1609346874
1609282906
1609214859
1609182747
1609088221
1609023103
1608960107
1608919846
1608842525
1608752803
1608668935
1608579508
1608499537
1608179590
1608175944
1608085487
1608018371
1607662713
1607572878
1607569948
1607454453
1607395934
1607306697
1607146702
1607108077
1607019645
1606964411
1606701153
1606611939
1606540623
1606349300
1606249003
1606160115
1606078886
1606071049
1605930624
1605854594
1605829610
1605763455
1605738402
1605672253
1605578062
1605401948
1605315243
1605210188
1605126996
1605046323
1605043486
1604970292
1604459574
1604352547
1604205538
1604105181
1603923879
1603843320
1603823410
1603766576
1603590162
1603485791
1603400359
1603050087
1602966340
1602872441
1602810675
1602706665
1602646774
1602632288
1602548394
1602479914
1602478183
1602448145
1602398921
1602398183
1602266927
1602216190
1602112687
1601859062
1601786812
1601776129
1601613746
1601589084
1601575282
1601408940
1601083015
1601078098
1600984606
1600929320
1600913971
1600910929
1600731877
1600724078
1600716686
1600662721
1600475219
1600474010
1600368606
1600273758
1600051617
1600033908
1599974789
1599879204
1599869594
1599801930
1599800406
1599784542
1599715506
1599704674
1599599323
1599516368
1599502926
1599462911
1599462362
1599449029
1599446436
1599445761
1599286213
1599279431
1599190431
1599166029
1599078066
1599027830
1599013763
1598950134
1598937770
1598924377
1598893526
1598823215
1598804708
1598718901
1598654981
1598639656
1598555516
1598473295
1598423592
1598420372
1598402236
1598401092
1598396553
1598215041
1598151152
1598065733
1598059361
1598049058
1597979320
1597818388
1597725353
1597701852
1597699921
1597620401
1597539640
1597523668
1597470621
1597463280
1597361228
1597358731
1597292560
1597280530
1597263132
1597259957
1597191028
1597179899
1597116438
1597111229
1597087326
1597037611
1597011641
1597002834
1596954975
1596914297
1596867538
1596863494
1596857311
1596690651
1596653559
1596650011
1596607020
1596429838
1596318036
1596225118
1596224628
1596082915
1596067863
1595931025
1595724338
1595658473
1595637867
1595626135
1595576791
1595529298
1595476264
1595461327
1595446149
1595400621
1595399257
1595320979
1595223433
1595196451
1595136645
1595133570
1595119344
1595026530
1594961445
1594960975
1594925760
1594879688
1594877594
1594838446
1594771249
1594761717
1594618899
1594606519
1594590749
1594528281
1594500597
1594281970
1594278870
1594267747
1594258144
1594250049
1594169561
1594168725
1594160244
1594154043
1594091869
1594064355
1594019299
1594016052
1594001527
1593995145
1593949661
1593917229
1593898754
1593882292
1593821946
1593818727
1593807214
1593768154
1593760979
1593755503
1593746567
1593738543
1593678655
1593666774
1593573935
1593499974
1593496282
1593493136
1593416055
1593394095
1593384553
1593313257
1593311515
1593298991
1593290066
1593240483
1593192005
1593143184
1593101268
1593057983
1593047740
1593038356
1592961771
1592951618
1592949542
1592938533
1592886152
1592859791
1592809959
1592803706
1592779598
1592759495
1592712761
1592710687
1592705332
1592635711
1592630377
1592605039
1592558200
1592549227
1592522349
1592520937
1592459761
1592427727
1592416105
1592355282
1592331808
1592266546
1592195706
1592194436
1592163881
1592127015
1592125465
1592110909
1592079368
1592018350
1592010254
1591985329
1591929459
1591912738
1591911888
1591903723
1591855208
1591843559
1591840781
1591820160
1591772679
1591770697
1591392675
1590946930
1590815376
1590800441
1590779750
1590738993
1590726551
1590698903
1590639891
1590627221
1590626542
1590570996
1590569200
1590563595
1590543600
1590472618
1590470337
1590466367
1590464868
1590454506
1590360088
1590310527
1590302111
1590300416
1590277746
1590266793
1590263656
1590226933
1590223940
1590222561
1590191314
1590134905
1590132841
1590132392
1590092223
1590045156
1590028303
1590022267
1590020479
1590017534
1589949965
1589946279
1589927758
1589918160
1589874084
1589873605
1589871389
1589868964
1589858714
1589857875
1589840003
1589836786
1589745839
1589685988
1589683343
1589678156
1589617367
1589614619
1589604573
1589589303
1589566282
1589543444
1589531508
1589530593
1589526696
1589487086
1589436055
1589434214
1589424665
1589418162
1589407201
1589338603
1589325718
1589323982
1589309322
1589262989
1589254460
1589242188
1589184209
1589180139
1589177641
1589160727
1589158611
1589057200
1589001469
1588988863
1588924206
1588919588
1588907793
1588893264
1588892957
1588878011
1588826019
1588821485
1588817117
1588755954
1588726272
1588702769
1588649790
1588641507
1588638606
1588633733
1588587030
1588549415
1588491680
1588474547
1588464239
1588399418
1588397336
1588395836
1588375023
1588295417
1588288020
1588280193
1588218926
1588216745
1588209586
1588205623
1588193919
1588137647
1588136853
1588136650
1588135477
1588134034
1588131328
1588062831
1587974921
1587957116
1587955090
1587953356
1587952571
1587883417
1587879113
1587878506
1587795884
1587753242
1587690636
1587611738
1587576898
1587519144
1587504348
1587493486
1587444914
1587439285
1587432523
1587430483
1587415831
1587413028
1587356271
1587356158
1587350471
1587343364
1587268358
1587263881
1587259841
1587252610
1587249566
1587234105
1587179176
1587170654
1587165494
1587154363
1587094975
1587094714
1587092775
1587077619
1587072729
1587014185
1587009430
1587004178
1586999454
1586922945
1586883970
1586822127
1586819307
1586816234
1586741366
1586739547
1586730653
1586716525
1586654427
1586638676
1586562537
1586558588
1586555561
1586482633
1586447341
1586392418
1586390182
1586306240
1586304489
1586299834
1586288263
1586231747
1586229513
1586222171
1586202551
1586149074
1586148639
1586137972
1586137111
1586055934
1586039377
1586034007
1586022892
1585972234
1585962729
1585959445
1585946704
1585879820
1585868351
1585814553
1585798672
1585787729
1585772917
1585715389
1585697857
1585696840
1585676207
1585620060
1585608074
1585534352
1585533785
1585531369
1585524985
1585510767
1585458209
1585448837
1585441745
1585348131
1585332614
1585271078
1585270914
1585266249
1585199513
1585192642
1585179661
1585141390
1585097192
1585083804
1585080836
1585033176
1585020581
1585001467
1584945651
1584933171
1584926792
1584897494
1584855289
1584811061
1584765322
1584750735
1584744433
1584675516
1584671941
1584656532
1584655134
1584639907
1584605018
1584579892
1584507424
1584491104
1584476965
1584428661
1584405759
1584336091
1584332189
1584302658
1584247092
1584154800
1584078196
1583807396
1583718370
1583633319
1583574844
1583474342
1583470340
1583437962
1583381628
1583247155
1583192368
1583124492
1581451252
1579395119
1579206629
1578434414
1575759245
1575316949
1573933596
1573601267
1570839086
1567202773
1565499997
1528824905
1527101464
1523457894
1520282868
1520166296
1520076730
1506049120
1504904647
1504743412
1493361923
1490832003
1486544750
1472161365
1471878335
1459557876
1456338186
1452394044
1450763816
1450297225
