1618166648
1618076740
1617905870
1617753944
1616007904
1615234604
1614697056
1614292470
1613945991
1613444468
1613138953
1612924649
1612675686
1612596567
1612452589
1612223751
1611704073
1611543460
1611376629
1611267204
1611005878
1610862638
1610758574
1610327584
1610095631
1609558365
1606930572
1606867851
1605643779
1605477772
1604561542
1604255564
1604179494
1604128278
1603998141
1603825480
1603653834
1603410088
1603152447
1601933717
1600649077
1600374256
1600033858
1599538026
1598979605
1598394578
1598364911
1597968337
1597837551
1597362729
1597202796
1597102084
1596949878
1596490458
1596416249
1596329617
1596238858
1595996667
1595895096
1595891506
1595829353
1595728695
1595279153
1595218712
1594419498
1594401823
1594245649
1593982290
1593974085
1593737600
1593559317
1593446443
1593223230
1593066487
1592628576
1592420536
1592101909
1591909696
1591351761
1591138069
1590536143
1590012413
1589880332
1589670717
1589411546
1589276742
1588841736
1588745761
1588651764
1588617377
1588570973
1588454676
1588294929
1588020307
1587809637
1587401278
1587120747
1587036549
1586947303
1586634076
1586470564
1586342951
1585997489
1585907005
1585564724
1585356937
1585299662
1585170203
1585042769
1584876080
1584780810
1584531510
1584459022
1584366321
1584262358
1584171880
1584051900
1583903787
1583873687
1583807133
1583730930
1583624497
1583536589
1583532737
1583363205
1583275455
1583260106
1583184453
1583099047
1583033323
1583018104
1582923812
1582650571
1582585903
1582563187
1582508801
1582459043
1582371270
1582232145
1582174480
1581879958
1581561198
1581225051
1581030816
1580703144
1580670880
1580516855
1580348369
1580256661
1579913476
1579420771
1579298737
1579212851
1578699449
1578447943
1578344544
1577756981
1577735107
1577328612
1577151435
1576806602
1576600844
1576520949
1576204241
1576121864
1575995446
1575985221
1575598742
1575513288
1575468514
1575457852
1575402872
1575308631
1575255243
1575156597
1574724583
1574680370
1574332398
1574117911
1573796525
1573529609
1573168618
1572807163
1572715004
1572641866
1572598926
1572404267
1572107648
1571833989
1571697434
1571593148
1571227704
1570895537
1570790548
1570535539
1570277671
1570023100
1569843992
1569678533
1569493694
1569330902
1569231867
1569145607
1569055484
1568964289
1568869842
1568776364
1568679103
1568331946
1567319830
1567149471
1566977060
1566873770
1566670592
1566280360
1566103249
1566028163
1565324287
1565238388
1565056085
1564886576
1564697464
1564630214
1564543638
1564467580
1564373478
1564278144
1564177226
1564114109
1564097555
1564000750
1563996809
1563923337
1563825025
1563581256
1563214372
1563129933
1563056069
1562958678
1562713295
1562537410
1562427607
1562283102
1561164367
1560807010
1560632457
1560401874
1559944810
1559786823
1559697489
1559607201
1559524560
1559342093
1559066189
1558827785
1558663196
1558402871
1558205418
1558048670
1557882655
1557076575
1556939036
1556566727
1556126956
1556032213
1555890470
1555731664
1555613973
1555565195
1555202497
1554767710
1554692128
1554327477
1554089714
1554039398
1553999217
1553986644
1553953616
1553900285
1553741643
1553631164
1553620706
1553560468
1553551399
1553467199
1553409873
1553307727
1553151007
1552990240
1552790909
1552679097
1552610192
1552532237
1552362417
1552021498
1551987270
1551931188
1551824791
1551581264
1551314241
1551146792
1551057529
1550694112
1549598967
1549427141
1549068497
1548837410
1548264761
1548176150
1547909867
1547676776
1547673425
1547586625
1547496360
1547362570
1547267803
1547094856
1546992910
1546899216
1546842231
1546660498
1545761237
1545693949
1545365588
1545248095
1544924816
1544649754
1544463532
1544454459
1544415232
1544243093
1543880949
1543712248
1543710702
1543529517
1543520615
1543355829
1543266807
1543195690
1543103997
1543009753
1542925580
1542901440
1542838756
1542553990
1542424634
1542247971
1541975385
1541888900
1541841913
1541715426
1541645295
1541552575
1541212222
1541020996
1540934566
1540538455
1540431300
1540339139
1540168412
1539977060
1539808389
1539802578
1539517506
1539288753
1539020807
1538803615
1538748862
1538692820
1538433165
1538372008
1538091512
1538017297
1537734469
1537653959
1537492760
1537411714
1537371370
1537322183
1537232182
1537122883
1537025911
1536953639
1536681369
1536478097
1536368422
1536300250
1536153825
1535687773
1535583453
1535477910
1535421947
1535321598
1535063478
1534986012
1534905469
1534889606
1534734496
1534487910
1534306870
1533957637
1533598308
1533526056
1533264601
1533241870
1533082119
1533080001
1532658270
1532562395
1532222600
1531930791
1531774108
1531434402
1530778180
1530573038
1530326866
1530213983
1530146862
1530075925
1529916324
1529706073
1529449012
1529386026
1529188993
1528939796
1528871307
1528771625
1528562405
1528326784
1527898663
1527649436
1527545284
1527220958
1527126376
1527035502
1526853340
1526777334
1526337141
1526180544
1526021253
1525904766
1525733238
1525554838
1525335620
1524947423
1524715803
1524610454
1524537390
1523931403
1523773364
1523734196
1523657220
1523551512
1523504083
1523401984
1523363696
1523250426
1523237967
1523170884
1523075684
1522983898
1522961603
1522815276
1522721935
1522628275
1522536502
1522445292
1522359779
1522209594
1522189868
1522023377
1521969025
1521960410
1521874994
1521845537
1521753428
1521741340
1521359715
1521343487
1521261832
1521185956
1521107330
1521075877
1521014983
1521006215
1520817484
1520729732
1520717647
1520664771
1520578398
1520562557
1520552327
1520478898
1520468110
1520394523
1520383500
1520356588
1520294827
1520280375
1520196833
1520028252
1520019361
1519942158
1519936150
1519859316
1519770314
1519747535
1519684470
1519592526
1519511996
1519436331
1519419422
1519333940
1519259941
1519168731
1519155992
1519129137
1519100583
1519085960
1519061254
1519045489
1519040833
1518998038
1518958332
1518955520
1518953227
1518935734
1518913305
1518906718
1518905989
1518895812
1518894889
1518894770
1518882979
1518880645
1518873911
1518870142
1518826998
1518783273
1518780982
1518737484
1518725757
1518718104
1518715360
1518694675
1518687108
1518673141
1518656463
1518656444
1518653478
1518630778
1518623674
1518615343
1518614986
1518536671
1516604043
1516506322
1516410245
1516390034
1516333091
1516313056
1516237768
1516201865
1515974975
1515957236
1515901132
1515791105
1515614337
1515541827
1515531698
1515456150
1515449102
1515358661
1515180200
1515016454
1514838755
1514694591
1514667087
1514410405
1514240960
1514139808
1514135783
1514005462
1513813717
1513633932
1513631617
1513486459
1513463104
1513401292
1513364797
1513311860
1513285208
1513259593
1513218440
1513188095
1513122144
1513121717
1513121294
1513029552
1512946525
1512937298
1512936180
1512926190
1512855469
1512851835
1512770920
1512767565
1512616611
1512598109
1512595924
1512581404
1512538207
1512456693
1512455725
1512445142
1512434926
1512269648
1512226993
1512088215
1511991452
1511978191
1511975762
1511820837
1511819081
1511729214
1511621926
1511619842
1511465540
1511376173
1511323717
1511304028
1511283842
1511226087
1511224699
1511222060
1511153943
1511115287
1511064889
1511033391
1511018652
1510977452
1510955624
1510945606
1510898749
1510887876
1510853798
1510782536
1510724980
1510713857
1510632711
1510426326
1510369569
1510298975
1510288790
1510263216
1510198529
1510128235
1510115970
1510104192
1510030662
1509874097
1509863513
1509822968
1509787025
1509779062
1509698628
1509691075
1509613817
1509600174
1509448467
1509379399
1509266889
1509253820
1509187280
1509171184
1509004617
1508831345
1508818377
1508763789
1508659545
1508575215
1508566902
1508532772
1508485766
1508406005
1508392908
1508231977
1508133930
1508109939
1508059390
1507874190
1507711850
1507624752
1507455449
1507265607
1507115646
1507096664
1506918260
1506846959
1506839552
1506791470
1506674554
1506656687
1506583225
1506495560
1506321925
1506251166
1506245219
1506231984
1506156350
1506137974
1506103701
1505984752
1505969305
1505897164
1505889691
1505875505
1505801185
1505784617
1505727014
1505704861
1505550391
1505504227
1505467060
1505452976
1505213421
1505192336
1505166381
1505126508
1505122325
1505108996
1505068015
1505056061
1505023918
1504997233
1504951494
1504938706
1504926615
1504913116
1504839797
1504777044
1504765660
1504730680
1504638203
1504581877
1504570351
1504524736
1504518866
1504476840
1504400767
1504394850
1504388104
1504382179
1504378228
1504345606
1504331002
1504307473
1504294217
1504262954
1504229987
1504225889
1504216638
1504171631
1504161486
1504120682
1504084507
1504080480
1504064954
1503980509
1503957932
1503953879
1503874933
1503852973
1503814340
1503779604
1503737889
1503710977
1503705097
1503645542
1503618440
1503604236
1503583401
1503573366
1503563318
1503548408
1503538423
1503514645
1503489192
1503476209
1503469962
1503385704
1503374614
1503341987
1503312630
1503300330
1503284979
1503236284
1503228781
1503221915
1503188445
1503148985
1503141621
1503133537
1503127413
1503108685
1503103369
1503053320
1503043917
1503031756
1502947660
1502934506
1502928034
1502910178
1502876922
1502861525
1502782482
1502614983
1502596954
1502567478
1502525425
1502504860
1502434208
1502262708
1502192341
1502184273
1502173436
1502167038
1502102321
1502089799
1502046099
1502003148
1501926016
1501895897
1501880432
1501840818
1501818561
1501760430
1501738901
1501731217
1501688768
1501660198
1501647260
1501579919
1501568939
1501543869
1501533726
1501520845
1501494801
1501481573
1501410152
1501405297
1501389136
1501322902
1501313792
1501298778
1501221845
1501197760
1501184429
1501034920
1501021105
1501009066
1500977060
1500968686
1500960984
1500949165
1500937551
1500883450
1500871049
1500857210
1500835381
1500827563
1500780871
1500774313
1500738080
1500708535
1500619906
1500594326
1500445602
1500282830
1500272519
1500109785
1500089781
1500058162
1499945024
1499931964
1499917509
1499736704
1499665853
1499592016
1499584701
1499573274
1499495193
1499464401
1499406688
1499331859
1499328529
1499323716
1499309149
1499292916
1499217625
1499190002
1499163663
1499152388
1499138720
1499110684
1499093325
1499067333
1499038881
1499028005
1499022289
1499005124
1498982022
1498975516
1498960747
1498919097
1498896167
1498877546
1498814080
1498796236
1498765930
1498650943
1498635134
1498598957
1498545567
1498487160
1498445887
1498393782
1498380995
1498363690
1498328063
1498286076
1498210504
1498183311
1498121181
1498035554
1498007747
1497997797
1497961385
1497941760
1497930490
1497764278
1497737082
1497670833
1497661858
1497571151
1497465384
1497425160
1497408692
1497345642
1497330174
1497314189
1497246778
1497231172
1497211752
1497167703
1497153002
1497144297
1497126227
1497103558
1497077159
1497065661
1497050777
1497016075
1496985046
1496967347
1496946945
1496916750
1496901229
1496890738
1496842390
1496820871
1496807552
1496794607
1496722711
1496710018
1496674991
1496646507
1496633904
1496576432
1496540621
1496460792
1496395406
1496368372
1496294990
1496222099
1496216654
1496211843
1496193678
1496134146
1496124611
1496109016
1496031620
1495995290
1495978589
1495957468
1495938349
1495880434
1495871267
1495857902
1495779630
1495770457
1495714402
1495686250
1495667360
1495620519
1495604077
1495589036
1495506954
1495394959
1495356575
1495342950
1495311479
1495273628
1495257493
1495221031
1495107613
1495087495
1495051695
1495003461
1494988844
1494916286
1494901043
1494878313
1494767421
1494744220
1494732231
1494693748
1494674641
1494649392
1494636526
1494603325
1494567849
1494556813
1494550794
1494487425
1494480221
1494471384
1494388839
1494358481
1494346292
1494233030
1494231509
1494208128
1494145534
1494139341
1494126470
1494118722
1494046998
1493974621
1493962286
1493933446
1493881255
1493860153
1493536853
1493527202
1493487337
1493449938
1493435428
1493360017
1493355178
1493340619
1493274614
1493261870
1493187052
1493174583
1493139848
1493093390
1493079257
1493040418
1492988364
1492874609
1492827439
1492769031
1492760081
1492592453
1492585137
1492578840
1492399423
1492302171
1492245785
1492235138
1492214321
1492210110
1492107826
1492064130
1492051326
1491984320
1491978635
1491965611
1491895333
1491883054
1491874480
1491791691
1491762620
1491726027
1491707763
1491642326
1491634296
1491623024
1491544619
1491462424
1491454451
1491442261
1491405431
1491373455
1491359916
1491288224
1491287998
1491287800
1491277717
1491200177
1491197822
1491190843
1491180221
1491100404
1491085733
1491074247
1491063008
1491059546
1490950712
1490940468
1490925128
1490914745
1490906072
1490853601
1490849222
1490832061
1490818611
1490807891
1490747045
1490730919
1490689538
1490683959
1490659800
1490646475
1490635990
1490589854
1490562569
1490554825
1490514650
1490507891
1490495178
1490470565
1490459370
1490452084
1490411865
1490410375
1490402989
1490389663
1490346659
1490343436
1490327782
1490300211
1490287577
1490242812
1490187729
1490169847
1490157228
1490084349
1490070170
1490057753
1489919465
1489911355
1489901105
1489879800
1489861661
1489832273
1489823943
1489812385
1489799023
1489739138
1489720891
1489707666
1489684077
1489637285
1489619127
1489571774
1489567597
1489553004
1489542861
1489481513
1489476115
1489465244
1489448904
1489392857
1489378783
1489332667
1489304637
1489284513
1489269367
1489222265
1489207218
1489192745
1489170900
1489114276
1489045835
1489037228
1489013404
1488951193
1488903450
1488862199
1488847574
1488837552
1488787876
1488746320
1488700306
1488685262
1488662955
1488653461
1488617015
1488613177
1488601882
1488588967
1488564062
1488521330
1488510018
1488448010
1488442830
1488422560
1488404158
1488373679
1488339739
1488261423
1488242764
1488222698
1488164121
1488156883
1488121322
1488092556
1488070287
1488033842
1488003233
1487984752
1487942423
1487835216
1487826230
1487814309
1487748960
1487738515
1487652338
1487645199
1487561783
1487481534
1487458312
1487436241
1487319117
1487304728
1487292114
1487236279
1487218936
1487205375
1487050820
1487033447
1486969006
1486956436
1486877909
1486863570
1486858532
1486836013
1486785442
1486773894
1486708216
1486698642
1486687419
1486621045
1486600826
1486532377
1486523423
1486512680
1486445822
1486435281
1486276988
1486259369
1486248354
1486190477
1486173068
1486162233
1486138052
1486095120
1486082975
1486013924
1485999935
1485989308
1485927661
1485913659
1485902667
1485838512
1485831253
1485816329
1485758061
1485744367
1485729840
1485671378
1485658106
1485643506
1485625498
1485582081
1485568473
1485557138
1485531237
1485495488
1485481508
1485470801
1485406032
1485394899
1485384188
1485314558
1485290384
1485233316
1485222464
1485207340
1485143761
1485129146
1485106282
1485064917
1485051562
1485039570
1485020502
1484974232
1484966346
1484955430
1484887975
1484879611
1484865756
1484803173
1484793107
1484772260
1484721157
1484707136
1484699806
1484620941
1484606488
1484534177
1484454234
1484434058
1484420733
1484370244
1484358961
1484347339
1484282959
1484274992
1484261225
1484196594
1484188773
1484174961
1484107882
1484098277
1484088049
1484015328
1484003550
1483995284
1483882663
1483851592
1483842749
1483832658
1483789743
1483763972
1483756455
1483742572
1483680676
1483667566
1483656711
1483595976
1483578873
1483502014
1483496263
1483415356
1483400085
1483238715
1483151430
1483079495
1483066217
1483048861
1482975494
1482961419
1482912130
1482900655
1482888614
1482821641
1482809484
1482802247
1482696993
1482644761
1482637200
1482626133
1482598350
1482554138
1482546151
1482467867
1482460790
1482381626
1482372355
1482359531
1482285342
1482207265
1482122345
1482104206
1482072935
1482045365
1482033396
1482018227
1481946813
1481931532
1481860044
1481843926
1481785280
1481771292
1481762504
1481695009
1481686868
1481672116
1481521407
1481513945
1481505450
1481463751
1481435415
1481422057
1481413589
1481341660
1481322427
1481261590
1481254473
1481246624
1481167911
1481160395
1481086442
1481077988
1481071028
1480988201
1480920611
1480896622
1480885827
1480829145
1480814364
1480741408
1480728528
1480714851
1480645025
1480635353
1480621603
1480557976
1480484409
1480474439
1480393264
1480366082
1480307572
1480226585
1480217689
1480136145
1480117047
1480042644
1479959213
1479942327
1479859921
1479796049
1479769644
1479762092
1479691531
1479653529
1479598442
1479571087
1479522196
1479512030
1479427209
1479410158
1479353932
1479250561
1479235758
1479177677
1479158014
1479077387
1479070180
1478996488
1478985172
1478961000
1478897746
1478830965
1478814242
1478747919
1478736596
1478727316
1478649968
1478641573
1478637329
1478569403
1478548592
1478467451
1478459880
1478398328
1478381506
1478370032
1478303350
1478297489
1478289589
1478221587
1478210849
1478205111
1478133815
1478130212
1478121364
1478041522
1478036156
1478032066
1477875410
1477856753
1477790055
1477776171
1477767644
1477698727
1477692357
1477683430
1477616203
1477603300
1477595311
1477532799
1477524826
1477517378
1477504923
1477432660
1477430013
1477353424
1477343156
1477265947
1477258328
1477184173
1477169408
1477108125
1477100202
1477093203
1477082021
1477009841
1476996718
1476994401
1476993082
1476910590
1476892787
1476839110
1476829396
1476822569
1476675008
1476658237
1476576922
1476569849
1476493261
1476487208
1476482276
1476413378
1476396719
1476316892
1476310754
1476303395
1476144977
1476140166
1476136203
1476123172
1476054881
1476048888
1476040832
1475972002
1475969774
1475954580
1475877447
1475876587
1475874523
1475799083
1475794772
1475785017
1475778982
1475775796
1475687939
1475687146
1475657171
1475657006
1475656878
1475651840
1475617782
1475615356
1475612084
1475609646
1475564600
1475558997
1475558567
1475557538
1475553344
1475552319
1475550723
1475535629
1475493372
1475474871
1475449691
1475448322
1475429418
1475426080
1475423315
1475420731
1475366607
1475360742
1475344817
1475302115
1475274075
1475271491
1475271072
1475267266
1475194050
1475191109
1475184786
1475178954
1475101127
1475092580
1475089710
1475086253
1475038266
1475034494
1475033785
1475030753
1475026110
1475010370
1475009175
1475008702
1475006372
1474996168
1474941776
1474928355
1474927888
1474927488
1474926676
1474925745
1474925015
1474924453
1474923935
1474923384
1474922734
1474848691
1474839450
1474758738
1474757247
1474756292
1474755023
1474749369
1474748506
1474747506
1474746996
1474745953
1474745607
1474745079
1474737719
1474735515
1474707853
1474706805
1474704515
1474700758
1474697749
1474693699
1474686525
1474670532
1474669353
1474665877
1474664728
1474664001
1474662844
1474661570
1474660859
1474660214
1474658624
1474657176
1474655917
1474655625
1474652777
1474652373
1474650290
1474622122
1474617734
1474605678
1474604090
1474602128
1474595126
1474592248
1474590071
1474584922
1474583106
1474581518
1474578382
1474577400
1474565212
1474564474
1474562441
1474561597
1474560939
1474560054
1474558777
1474556841
1474555631
1474536898
1474536694
1474536375
1474535792
1474531118
1474521936
1474511706
1474507833
1474501276
1474475355
1474475237
1474474763
1474468474
1474464213
1474463816
1474463707
1474462939
1474460991
1474460828
1474447073
1474439249
1474433968
1474433505
1474433344
1474433103
1474416764
1474411986
1474405884
1474401401
1474400482
1474397165
1474396524
1474395761
1474394199
1474360744
1474354473
1474346844
1474344177
1474326189
1474322187
1474321029
1474319678
1474260110
1474257472
1474237910
1474234252
1474233617
1474225621
1474188399
1474187769
1474187138
1474150708
1474146364
1474145720
1474144349
1474139195
1474138236
1474137727
1474135721
1474094087
1474093403
1474092764
1474072326
1474064308
1474062585
1474062108
1474061739
1474049376
1474043293
1474042920
1473999328
1473997086
1473991955
1473991348
1473986131
1473979345
1473976838
1473975678
1473962081
1473949598
1473949240
1473920306
1473919075
1473917625
1473917024
1473913958
1473911988
1473895968
1473891340
1473890776
1473890597
1473868324
1473864406
1473863437
1473825900
1473825162
1473822939
1473822314
1473801879
1473796186
1473747436
1473742459
1473741103
1473738203
1473734952
1473731255
1473726302
1473723231
1473687375
1473667847
1473644573
1473635862
1473632149
1473631618
1473627946
1473624759
1473622028
1473577572
1473573684
1473572532
1473571655
1473569704
1473567860
1473560894
1473548039
1473545670
1473544978
1473544377
1473541325
1473536265
1473530770
1473486142
1473483373
1473482013
1473480662
1473479362
1473477801
1473474674
1473469006
1473463869
1473459864
1473459431
1473454804
1473453784
1473452458
1473438681
1473437302
1473392755
1473392347
1473390872
1473389389
1473387626
1473386785
1473380418
1473374486
1473373619
1473373047
1473370841
1473369231
1473367650
1473328832
1473326282
1473325502
1473311226
1473302967
1473285139
1473284628
1473284190
1473250630
1473249636
1473248799
1473224789
1473224527
1473224387
1473221001
1473220156
1473217107
1473213367
1473213235
1473213108
1473200311
1473199222
1473197831
1473197066
1473195316
1473166672
1473165710
1473148849
1473145826
1473144374
1473143072
1473140597
1473138961
1473138136
1473127829
1473111723
1473109194
1473095090
1473089169
1473086539
1473085406
1473069089
1473061972
1473059515
1473058302
1473055472
1473054639
1473054094
1473053395
1473051971
1473047882
1473041352
1473029424
1473028715
1473023370
1473021119
1473009020
1473007299
1472990577
1472987626
1472983171
1472977155
1472975308
1472969570
1472960284
1472954766
1472954499
1472943748
1472934808
1472932227
1472930388
1472925322
1472922244
1472922061
1472904093
1472900366
1472897077
1472890454
1472881597
1472879649
1472877730
1472870522
1472854900
1472848607
1472846631
1472840489
1472837097
1472830657
1472830256
1472828911
1472827192
1472796701
1472790454
1472785134
1472784158
1472780954
1472768545
1472767290
1472762311
1472761445
1472736102
1472735468
1472734026
1472724181
1472714266
1472697236
1472695303
1472689849
1472682023
1472626137
1472622708
1472594452
1472593597
1472592712
1472589199
1472526838
1472504153
1472501941
1472496801
1472416531
1472363065
1472319252
1472318689
1472314915
1472225168
1472184997
1472184222
1472159423
1472157863
1472156249
1472152758
1472075966
1472073528
1471988104
1471987257
1471985543
1471941702
1471906514
1471895616
1471830438
1471819443
1471818001
1471814461
1471812593
1471767448
1471746189
1471727221
1471654870
1471654329
1471651291
1471649652
1471644055
1471628641
1471578073
1471575592
1471467307
1471451419
1471449101
1471445859
1471401529
1471388372
1471384986
1471332491
1471287636
1471286595
1471277412
1471230968
1471222748
1471218582
1471216660
1471144619
1471128296
1471126373
1471125767
1471124258
1471066333
1471039603
1471038296
1470953964
1470893691
1470850561
1470805255
1470803445
1470800707
1470798018
1470684364
1470683162
1470676471
1470616210
1470605384
1470604348
1470544360
1470458162
1470453682
1470452289
1470448716
1470438768
1470417048
1470415933
1470415268
1470413964
1470389898
1470374472
1470367421
1470366921
1470363641
1470362033
1470357969
1470354586
1470295844
1470276158
1470267159
1470263569
1470261966
1470261483
1470261121
1470183412
1470176470
1470163181
1470162695
1470160354
1470159350
1470095246
1470085236
1470084056
1470082151
1470077940
1470009349
1470003869
1470002849
1469983557
1469953637
1469944242
1469917984
1469914971
1469908635
1469889762
1469830884
1469828905
1469824603
1469751230
1469749420
1469668284
1469662332
1469652825
1469650862
1469650323
1469649434
1469648493
1469640713
1469640031
1469639496
1469639055
1469638677
1469638111
1469637433
1469599794
1469597285
1469573190
1469571925
1469571265
1469564259
1469556182
1469555363
1469554279
1469553450
1469552639
1469552167
1469551135
1469522416
1469515752
1469508948
1469500733
1469492519
1469486924
1469485959
1469482901
1469482085
1469480842
1469473848
1469472676
1469471721
1469470688
1469469722
1469469065
1469392672
1469392225
1469388135
1469335273
1469334640
1469311632
1469306709
1469305037
1469302573
1469301447
1469299740
1469299126
1469297806
1469296870
1469231925
1469230975
1469224759
1469220839
1469219844
1469218122
1469217559
1469216218
1469215417
1469140571
1469131161
1469129456
1469121089
1469061447
1469050544
1469045621
1469044557
1469039323
1468963866
1468882068
1468880880
1468878866
1468780512
1468780430
1468780339
1468780278
1468758405
1468757142
1468756767
1468756336
1468756072
1468754929
1468753204
1468746905
1468736922
1468736363
1468725295
1468701017
1468699939
1468699700
1468697113
1468696603
1468695740
1468695114
1468686315
1468681947
1468678801
1468673876
1468670952
1468654824
1468620775
1468618118
1468617165
1468615676
1468614939
1468613353
1468612297
1468610369
1468609691
1468607538
1468606898
1468569445
1468558647
1468540854
1468536075
1468534677
1468531395
1468530831
1468524119
1468521140
1468519005
1468518313
1468514715
1468512404
1468508009
1468505979
1468503847
1468471081
1468455592
1468452616
1468451527
1468447474
1468445242
1468444182
1468443424
1468443180
1468442896
1468441470
1468380126
1468370061
1468364663
1468361523
1468358775
1468352614
1468350388
1468349621
1468347925
1468347075
1468345167
1468339906
1468316297
1468281272
1468277950
1468276765
1468273469
1468268801
1468226227
1468208233
1468196969
1468190110
1468178937
1468164383
1468015360
1468010895
1468009103
1468007749
1467968654
1467959180
1467949302
1467939469
1467934289
1467932924
1467929946
1467928062
1467925449
1467923822
1467917848
1467885694
1467868781
1467866664
1467861651
1467849436
1467847256
1467842387
1467840735
1467838035
1467834633
1467834075
1467832903
1467829235
1467826541
1467794609
1467784380
1467774008
1467760697
1467753058
1467752425
1467751446
1467748595
1467747953
1467746922
1467743745
1467724425
1467701829
1467687789
1467681111
1467676085
1467675277
1467671036
1467670401
1467666687
1467663209
1467601458
1467597894
1467588221
1467576618
1467574721
1467510951
1467491193
1467484552
1467482846
1467481652
1467480552
1467479559
1467438089
1467431578
1467430506
1467416290
1467414819
1467412477
1467410474
1467389638
1467339915
1467337377
1467326060
1467321969
1467320854
1467246088
1467244691
1467243021
1467242238
1467241068
1467239306
1467238296
1467231853
1467230184
1467170738
1467159383
1467157612
1467156643
1467151357
1467151003
1467148857
1467147302
1467074316
1467072546
1467069958
1467065389
1467062795
1467061013
1467058170
1467054972
1467054611
1467053709
1466987418
1466983039
1466979341
1466977953
1466976234
1466975168
1466974415
1466973572
1466972576
1466971354
1466962089
1466903109
1466900294
1466890097
1466888288
1466884754
1466883002
1466875452
1466874681
1466867165
1466809632
1466807851
1466806602
1466805324
1466804511
1466803604
1466802350
1466800668
1466724631
1466723753
1466717699
1466715236
1466714234
1466713433
1466711737
1466710179
1466636613
1466628598
1466619691
1466616923
1466555202
1466553090
1466547191
1466544724
1466540732
1466465915
1466463571
1466460396
1466456380
1466452864
1466447492
1466381350
1466380392
1466374779
1466374033
1466361142
1466290160
1466288335
1466287831
1466208855
1466190191
1466119969
1466119486
1466104499
1466028992
1466027255
1466026611
1466025441
1465937175
1465864428
1465855016
1465852647
1465851716
1465773030
1465688939
1465686087
1465684463
1465682046
1465681656
1465680822
1465675961
1465602507
1465600600
1465599530
1465505683
1465503876
1465502906
1465501839
1465496481
1465430487
1465421868
1465417691
1465328531
1465260385
1465255423
1465248668
1465171618
1465165731
1465159187
1465087019
1465083292
1465079174
1465074977
1464994502
1464992781
1464989641
1464907220
1464905540
1464904028
1464891637
1464825982
1464819907
1464815793
1464741081
1464729136
1464725902
1464724357
1464656178
1464646314
1464645160
1464565658
1464483950
1464483090
1464482007
1464387327
1464383852
1464381831
1464308754
1464304190
1464293123
1464231445
1464221523
1464220405
1464213614
1464211639
1464131216
1464126539
1464123663
1464121417
1464041350
1463969052
1463932878
1463858021
1463766599
1463693532
1463609218
1463520060
1463435262
1463433574
1463339402
1463269640
1463253337
1463175449
1463171821
1463008919
1462999421
1462915136
1462899765
1462833578
1462831572
1462748661
1462739090
1462735155
1462732835
1462659420
1462653653
1462653030
1462637195
1462631238
1462580915
1462579298
1462567153
1462543614
1462541260
1462497970
1462495568
1462487044
1462484009
1462480425
1462453815
1462409752
1462400204
1462397996
1462394296
1462391166
1462323901
1462320565
1462310259
1462306654
1462303619
1462230025
1462227904
1462217911
1462139030
1462136929
1462124670
1462058838
1462056970
1462046986
1462032325
1461976398
1461963585
1461960396
1461885015
1461879462
1461802375
1461794786
1461789495
1461709068
1461704204
1461624275
1461618748
1461525533
1461519799
1461466441
1461456706
1461448506
1461441109
1461365656
1461360755
1461356986
1461355027
1461288912
1461282381
1461265491
1461190840
1461189030
1461177264
1461110956
1461097006
1461026282
1461020266
1460931580
1460844627
1460826078
1460824979
1460819039
1460765503
1460762514
1460686511
1460666499
1460586836
1460578766
1460517109
1460499268
1460494086
1460486112
1460420742
1460412183
1460390292
1460355204
1460302627
1460173203
1460154913
1460144590
1460065669
1460057554
1459983918
1459973682
1459906304
1459861403
1459748700
1459612571
1459524278
1459439200
1459359746
1459205282
1459085970
1459023124
1459002487
1458934050
1458910557
1458853520
1458832616
1458772833
1458755211
1458682728
1458600609
1458593148
1458505717
1458492643
1458408274
1458345372
1458243982
1458174737
1458161397
1458084310
1457998530
1457988964
1457910808
1457883119
1457757300
1457734666
1457720682
1457642393
1457561394
1457559694
1457555686
1457490192
1457486096
1457468100
1457405807
1457384089
1457288961
1457280439
1457275671
1457132997
1457102889
1457050146
1456960880
1456954857
1456951026
1456846503
1456787927
1456773577
1456708747
1456704813
1456694283
1456682696
1456632875
1456614903
1456585611
1456517163
1456436639
1456409908
1456356738
1456290996
1456287750
1456286857
1456193485
1456193063
1456178533
1456092351
1456085895
1456006262
1455998528
1455920739
1455904714
1455834417
1455825737
1455749222
1455738005
1455641374
1455486178
1455483316
1455410124
1455403290
1455386140
1455326916
1455306309
1455299302
1455231701
1455224365
1455142299
1455107875
1455057626
1455051953
1454968330
1454957555
1454953634
1454882088
1454861676
1454777054
1454716148
1454634268
1454624419
1454558712
1454539973
1454506258
1454458074
1454452152
1454410036
1454367841
1454364546
1454358783
1454251012
1454187280
1454113125
1454099088
1454023244
1454008356
1453940452
1453923216
1453914558
1453842566
1453832063
1453822889
1453787286
1453749705
1453747674
1453742012
1453730598
1453690121
1453665331
1453558897
1453239233
1453178043
1453088604
1448222168
1447677257
1447554951
1447473323
1447368113
1447365336
1447125495
1447123925
1447099412
1447099091
1447000179
1446962505
1446870143
1446592750
1446498055
1446344860
1446344209
1446331196
