1618111848
1616701389
1616699802
1616526940
1613092948
1612643521
1611286344
1611185938
1610494652
1608060547
1606762616
1606585926
1606235194
1606234938
1606194477
1606019861
1605481103
1605293058
1605235424
1603936312
1603459701
1602311598
1602310807
1601012482
1596773718
1596772639
1596687256
1595969011
1595877058
1595561334
1595442909
1595388375
1595355416
1595181906
1595049931
1594515132
1594403618
1594347297
1594336128
1594315277
1594253726
1593943896
1593907276
1593906253
1593657367
1593556068
1593141056
1593109480
1593101773
1593063623
1592595382
1592448932
1591737591
1591328870
1591168358
1590722871
1590722370
1590623081
1590555816
1590546582
1590389809
1590294359
1589862383
1589780100
1589696588
1589692060
1589603462
1589510216
1589068687
1588829233
1588701160
1588620951
1588551578
1588305593
1588106164
1588105384
1587410760
1587357036
1587171462
1587094457
1586902493
1586883940
1586830874
1586745110
1586710455
1586673076
1586664765
1585868118
1585799819
1585788596
1585505900
1585452206
1585292226
1585000124
1584929146
1584834128
1580608383
1580182442
1578369011
1576903692
1574314262
1574313380
1574234215
1574232952
1572928962
1569896793
1568858143
1565387728
1563551538
1562201299
1561604384
1561586322
1561433798
1561428576
1561260501
1560807007
1560627228
