1618268421
1618188301
1618090784
1618087028
1617987801
1617902586
1617831103
1617819361
1617815196
1617654911
1617649217
1617232266
1617219362
1617212473
1617126288
1617124295
1617046998
1617038618
1616960827
1616800588
1616785837
1616719066
1616524256
1616522388
1616443031
1616361387
1616357309
1616128237
1616113490
1616083390
1616013431
1615931299
1615926413
1615845176
1615679605
1615602458
1615582250
1615495979
1615396272
1615078015
1615061340
1615058707
1614982920
1614905082
1614891810
1614822989
1614794392
1614734652
1614720031
1614635294
1614624915
1614619566
1614378842
1614367690
1614300735
1614296718
1614202280
1614120946
1614116238
1614105288
1614034162
1614029451
1613868288
1613762529
1613604369
1613599256
1613594565
1613587175
1613516130
1613423864
1613418640
1613414306
1613267018
1613257382
1613253728
1613168905
1613159808
1613091601
1613087389
1613066473
1613003434
1612984423
1612909824
1612903426
1612828142
1612816065
1612748826
1612726727
1612653512
1612569824
1612476744
1612469363
1612463545
1612398063
1612393687
1612372804
1612223704
1612213926
1612119060
1611951133
1611943277
1611873938
1611871733
1611861131
1611795507
1611782660
1611699067
1611615119
1611603152
1611599922
1611537357
1611528006
1611513997
1611343280
1611276673
1611271264
1611253807
1611179693
1611172902
1611169636
1611164850
1611091936
1611086565
1611083301
1611016767
1611011370
1610944789
1610915997
1610821365
1610742173
1610661551
1610649669
1610645228
1610571308
1610562469
1610557247
1610496980
1610483426
1610479385
1610303692
1610226000
1610219583
1610140421
1610131299
1610065302
1610043926
1610039891
1609959034
1609892090
1609883031
1609812211
1609806909
1609431064
1609362325
1609264348
1609185893
1609013644
1609004151
1608932502
1608914899
1608674852
1608668287
1608657323
1608566741
1608492951
1608489295
1608484786
1608403242
1608321955
1608160769
1608152813
1608144228
1608141371
1608061085
1607970476
1607965274
1607911087
1607884457
1607881558
1607815095
1607800838
1607796642
1607727173
1607711524
1607708600
1607553559
1607542020
1607472012
1607460153
1607448797
1607375474
1607282988
1607211027
1607202955
1607127828
1607124505
1607121735
1607118886
1607026979
1607022297
1607015546
1606950236
1606938370
1606935109
1606866537
1606858282
1606770827
1606701648
1606683633
1606506660
1606433752
1606428753
1606418956
1606331026
1606250031
1606246875
1606243252
1606168167
1606158486
1606096719
1606014724
1605988756
1605985549
1605918972
1605915887
1605905221
1605822403
1605736471
1605732780
1605725327
1605718651
1605641653
1605573345
1605398057
1605382000
1605327038
1605322203
1605218654
1605213296
1605052973
1605034959
1605031278
1604969556
1604964544
1604947430
1604877609
1604779102
1604776936
1604700333
1604692518
1604630241
1604600128
1604441417
1604436166
1604432946
1604345771
1604257536
1604202604
1604185438
1604172128
1604090885
1604085131
1604001971
1603997250
1603927900
1603918884
1603908484
1603848917
1603833488
1603821693
1603764006
1603737822
1603659001
1603650166
1603607208
1603497500
1603485667
1603481922
1603392467
1603388537
1603321696
1603310995
1603301729
1603227908
1603215571
1603141855
1603131718
1603126270
1602973815
1602886684
1602792622
1602787931
1602784270
1602699054
1602631390
1602613663
1602523722
1602445591
1602436856
1602380091
1602270905
1602265703
1602205062
1602186339
1602181433
1602016066
1602007487
1601922870
1601919825
1601853485
1601848671
1601761612
1601665166
1601662086
1601591904
1601586838
1601582064
1601578069
1601492281
1601335393
1601314384
1601154649
1601148592
1601144757
1601071996
1601068765
1601055321
1601051714
1600985509
1600979093
1600976365
1600974947
1600893226
1600887992
1600885360
1600801235
1600799067
1600696793
1600636519
1600630289
1600558420
1600542369
1600457674
1600454356
1600451105
1600385225
1600379646
1600373904
1600369635
1600301112
1600211167
1600199047
1600191282
1600127165
1600111536
1600103982
1599954305
1599938542
1599935953
1599876967
1599850189
1599844541
1599772175
1599761214
1599757846
1599710011
1599675132
1599642917
1599596471
1599592489
1599588988
1599522140
1599512352
1599507998
1599502498
1599427222
1599417508
1599348840
1599341577
1599336902
1599333507
1599263901
1599258649
1599189488
1599172276
1599001369
1598997366
1598991992
1598978897
1598907664
1598907265
1598894646
1598819078
1598804508
1598739857
1598733743
1598657283
1598645537
1598640149
1598569121
1598562854
1598486432
1598482354
1598476887
1598473589
1598463403
1598399266
1598312878
1598306590
1598222898
1598216304
1598143523
1598136142
1598116824
1598057870
1598043141
1598034343
1597961150
1597952966
1597875948
1597871211
1597866444
1597796157
1597793039
1597779903
1597697507
1597692477
1597690621
1597364632
1597347876
1597340028
1597286001
1597268078
1597186504
1597180644
1597168816
1597108255
1597095423
1597091135
1597087458
1597020738
1597006124
1597002610
1596931316
1596927326
1596855044
1596821036
1596681851
1596660579
1596659329
1596484292
1596478981
1596472835
1596410546
1596388639
1596327684
1596309861
1596150704
1596054481
1596042074
1595967671
1595959135
1595954666
1595897720
1595883789
1595805712
1595707644
1595704011
1595627760
1595616195
1595563197
1595535372
1595532796
1595464675
1595458349
1595453969
1595371890
1595369365
1595350824
1595276284
1595264417
1595203418
1595201330
1595199057
1595185649
1595109784
1595102433
1595030538
1595021769
1595014982
1594949730
1594943766
1594931495
1594923472
1594867983
1594851236
1594846906
1594835271
1594767585
1594758447
1594756129
1594686545
1594683467
1594602388
1594587945
1594581118
1594497513
1594433947
1594425600
1594420622
1594410548
1594408940
1594326274
1594320355
1594318356
1594252627
1594245840
1594237890
1594172075
1594166314
1594161838
1594153380
1594140243
1594075480
1594071288
1594065481
1594062924
1593998292
1593994328
1593977848
1593972093
1593897095
1593889708
1593884060
1593816582
1593812890
1593810117
1593658932
1593568496
1593553715
1593540573
1593472331
1593461759
1593449882
1593394936
1593392090
1593389711
1593387149
1593385062
1593299410
1593289401
1593241953
1593139518
1593135834
1593129891
1592964026
1592957323
1592936951
1592884143
1592865271
1592862797
1592849260
1592845125
1592790714
1592782914
1592773358
1592767592
1592697613
1592689891
1592604528
1592602775
1592593942
1592529723
1592518161
1592513679
1592508173
1592361703
1592346856
1592342802
1592339662
1592278892
1592260055
1592251403
1592195343
1592185742
1592163174
1592156059
1592089983
1592086981
1592070322
1592018166
1592001865
1591925622
1591915635
1591908891
1591901261
1591897704
1591842570
1591837464
1591831652
1591827873
1591819607
1591812345
1591740806
1591731199
1591726261
1591657861
1591654146
1591649143
1591558590
1591553586
1591547372
1591468440
1591463575
1591406861
1591379230
1591334492
1591329638
1591306986
1591215173
1591065501
1591056748
1591053434
1591047556
1591018588
1590971681
1590963297
1590958986
1590950743
1590943242
1590898740
1590885455
1590876792
1590873003
1590867779
1590863377
1590839173
1590791568
1590782684
1590779151
1590774911
1590766618
1590717502
1590711783
1590699675
1590696259
1590693099
1590433886
1590363240
1590349581
1590344375
1590342280
1590269458
1590174469
1590171025
1590112573
1590099850
1590079285
1590040434
1590016165
1590010284
1590007561
1589938408
1589925839
1589916552
1589856431
1589832583
1589827730
1589775068
1589740468
1589723856
1589687614
1589671984
1589661925
1589655103
1589578548
1589573284
1589568835
1589508195
1589486311
1589479803
1589475876
1589400572
1589395318
1589387945
1589332578
1589325528
1589318909
1589313818
1589310180
1589306310
1589249792
1589244080
1589237409
1589151864
1589136423
1589127390
1589072943
1589064408
1589060445
1589052540
1588970677
1588965782
1588904390
1588895852
1588888793
1588877453
1588789739
1588705535
1588701387
1588623611
1588545800
1588529038
1588522035
1588465577
1588449819
1588444733
1588378251
1588370911
1588366190
1588348901
1588110003
1588106260
1588026389
1588020279
1588005515
1587940893
1587936917
1587852821
1587846256
1587840488
1587837021
1587779433
1587757537
1587753304
1587674982
1587670336
1587608946
1587593257
1587588635
1587582513
1587578553
1587423783
1587420022
1587417211
1587411140
1587408285
1587345970
1587327304
1587322870
1587319807
1587316258
1587259498
1587240278
1587233654
1587229915
1587224028
1587155396
1587151481
1587072990
1587058302
1587010225
1587002443
1586988826
1586983580
1586977705
1586900067
1586896604
1586893507
1586828926
1586823154
1586807372
1586802321
1586743553
1586739644
1586725238
1586720735
1586647738
1586634859
1586567220
1586552493
1586547508
1586542217
1586459243
1586454520
1586444908
1586441055
1586438921
1586438387
1586394714
1586380126
1586372156
1586303492
1586295945
1586290686
1586286125
1586224520
1586207311
1586200828
1586196196
1586134930
1586126317
1586123160
1586117392
1586112581
1586051727
1586038204
1586031395
1586026742
1585962678
1585952751
1585948306
1585942785
1585874145
1585866937
1585864614
1585801306
1585790181
1585785810
1585771101
1585694347
1585683463
1585599984
1585593953
1585532204
1585521185
1585516113
1585510964
1585461708
1585453811
1585443257
1585431954
1585423713
1585358882
1585351279
1585346170
1585333918
1585281926
1585267579
1585260638
1585255783
1585247255
1585202676
1585195771
1585173888
1585167168
1585162668
1585092567
1585088823
1585082655
1585076889
1585023139
1585001063
1584997305
1584925274
1584921606
1584916419
1584911592
1584907535
1584838944
1584825034
1584817266
1584768339
1584742137
1584735984
1584729225
1584669730
1584667736
1584653968
1584647219
1584581632
1584577234
1584561894
1584549181
1584506204
1584495507
1584490782
1584476604
1584465534
1584395464
1584388651
1584386038
1584318805
1584306580
1584295963
1584290110
1584236498
1584225241
1584223522
1584220574
1584147692
1584134719
1583890816
1583879419
1583877427
1583789884
1583786385
1583620665
1583615592
1583539342
1583537109
1583460740
1583452528
1583278876
1583274838
1583270666
1583215963
1583097484
1583091486
1583087774
1583025191
1582939881
1582921717
1582862633
1582836673
1582748999
1582686033
1582674702
1582661631
1582576052
1582492902
1582434414
1582405625
1582337560
1582323899
1582315271
1582260076
1582153659
1582143739
1582084833
1582061354
1581983803
1581976519
1581972944
1581905926
1581807888
1581800037
1581735761
1581636880
1581633656
1581628707
1581543646
1581474815
1581456724
1581453074
1581388994
1581370650
1581367529
1581285879
1581274927
1581209215
1581138266
1581116135
1581105966
1581043098
1581026794
1581021605
1580938143
1580906843
1580868742
1580860929
1580858531
1580851631
1580775430
1580766575
1580690491
1580677257
1580613582
1580606993
1580598938
1580514393
1580504872
1580496678
1580437013
1580433874
1580339028
1580336939
1580330088
1580261193
1580254645
1580245182
1580184121
1580180508
1580179079
1580166216
1580162174
1580128679
1580101974
1580096270
1580069083
1579965266
1579927531
1579916466
1579901304
1579822804
1579818833
1579811305
1579744939
1579730495
1579725746
1579687306
1579660389
1579655927
1579638870
1579564139
1579556132
1579552359
1579478146
1579467554
1579463843
1579396133
1579389173
1579380122
1579375941
1579311185
1579308405
1579294642
1579215839
1579211924
1579208532
1579206643
1579131064
1579125742
1579123290
1579121091
1579045316
1579037423
1578975348
1578967268
1578958444
1578954625
1578949474
1578947599
1578881640
1578873953
1578856927
1578797058
1578781133
1578772165
1578701375
1578688592
1578614643
1578607349
1578603416
1578528712
1578524023
1578519687
1578511778
1578432031
1578364473
1578360091
1578351633
1578345634
1578342559
1578096180
1578091751
1578087169
1578007827
1578003861
1577901520
1577845184
1577843201
1577835925
1577827472
1577816486
1577748927
1577728703
1577660651
1577644620
1577583400
1577566956
1577553124
1577484045
1577478994
1577475013
1577471278
1577391324
1577376492
1577326448
1577318984
1577316245
1577307205
1577291412
1577229579
1577211998
1577208537
1577137070
1577134484
1577131759
1577053152
1577045110
1577044244
1577040853
1576967241
1576963276
1576958857
1576953583
1576891149
1576886028
1576880363
1576800094
1576798026
1576717704
1576715276
1576706996
1576704054
1576627004
1576621526
1576617391
1576548464
1576540895
1576463092
1576455536
1576438383
1576436544
1576429433
1576356819
1576354066
1576347222
1576289890
1576281265
1576277057
1576274987
1576203167
1576197595
1576195855
1576184611
1576118006
1576105221
1576102917
1576023180
1576019978
1576015047
1575938674
1575929943
1575927080
1575849263
1575845328
1575841139
1575831495
1575822811
1575760741
1575745567
1575738096
1575678203
1575675592
1575670585
1575586683
1575582999
1575423196
1575419242
1575416330
1575338503
1575334387
1575332640
1575329734
1575328581
1575230151
1575218461
1575158910
1575130319
1574983476
1574975364
1574909547
1574898397
1574822438
1574804567
1574800966
1574633266
1574631319
1574621619
1574562732
1574560871
1574558506
1574538692
1574463148
1574457715
1574454651
1574298468
1574285610
1574208472
1574196420
1574132563
1574122702
1574111254
1574109068
1574107473
1574035478
1574029251
1574015306
1574009051
1574006419
1573958116
1573943806
1573932526
1573921966
1573866089
1573791959
1573790893
1573774003
1573771125
1573769144
1573682917
1573680417
1573676596
1573615352
1573608807
1573595002
1573591206
1573513793
1573508281
1573505119
1573439070
1573434650
1573427057
1573402296
1573358419
1573350984
1573346652
1573262465
1573258496
1573249748
1573247249
1573245026
1573178600
1573174198
1573171918
1573161522
1573158911
1573087086
1573007777
1573000092
1572995813
1572985886
1572848281
1572819939
1572814607
1572811800
1572746265
1572739505
1572653257
1572639049
1572636925
1572566982
1572560552
1572554578
1572476597
1572471554
1572394228
1572379363
1572315842
1572289165
1572239057
1572235482
1572201674
1572192939
1572121258
1572110888
1572045703
1572025736
1571979296
1571962808
1571871088
1571864582
1571860823
1571802812
1571790509
1571783563
1571778734
1571774841
1571717866
1571707181
1571704619
1571446659
1571445598
1571432158
1571277617
1571274101
1571256337
1571181189
1571175654
1571170625
1571092389
1571079690
1571021803
1571007389
1570979937
1570912733
1570905601
1570755525
1570746504
1570738162
1570662651
1570584216
1570569640
1570564898
1570489770
1570483230
1570478590
1570398583
1570378747
1570374880
1570316555
1570306905
1570302130
1570287643
1570225837
1570219978
1570135562
1570132352
1570062752
1570056068
1570046682
1569961128
1569959439
1569890479
1569873991
1569870796
1569711664
1569708153
1569701364
1569621382
1569614570
1569531689
1569446418
1569441078
1569355908
1569293748
1569194720
1569177531
1569089307
1569011259
1568853281
1568848268
1568837171
1568760418
1568752244
1568681079
1568672332
1568664299
1568584336
1568500656
1568494290
1568485870
1568426238
1568408407
1568331654
1568323793
1568319086
1568253712
1568243679
1568237867
1568232368
1568157616
1568152134
1568147484
1567980816
1567971642
1567959567
1567827497
1567737255
1567729345
1567725098
1567714132
1567637232
1567631585
1567624012
1567554232
1567549547
1567540484
1567495371
1567477907
1567300978
1567297130
1567279397
1567205015
1567130353
1567118478
1567116463
1567027750
1567017380
1567012686
1566939112
1566936782
1566844437
1566771640
1566762723
1566756234
1566609346
1566584184
1566527615
1566501270
1566434327
1566421814
1566416725
1566326109
1566321694
1566260354
1566253514
1566238995
1566156321
1566152492
1566148559
1566094507
1566071194
1566064861
1566012082
1566002977
1565982236
1565897054
1565892939
1565858922
1565728099
1565722243
1565716913
1565646063
1565641510
1565451553
1565448395
1565200973
1565108857
1565106170
1565037122
1564950147
1564940734
1564934792
1564846825
1564769026
1564690981
1564676711
1564525124
1564510224
1564505608
1564449242
1564433339
1564427413
1564423131
1564355328
1564350818
1564342707
1564337527
1564328569
1564269518
1564264314
1564257978
1564253011
1564248837
1564239853
1564161592
1564156918
1564153062
1564076500
1563997634
1563992821
1563982864
1563980683
1563907158
1563894928
1563836043
1563830410
1563826741
1563752265
1563722975
1563666800
1563647422
1563579827
1563569094
1563473787
1563403959
1563400143
1563382526
1563297031
1563244048
1563217571
1563157396
1563142333
1563132906
1563054303
1563051866
1563036130
1562965039
1562960809
1562873209
1562791956
1562791639
1562781803
1562715124
1562708879
1562633100
1562615036
1562601147
1562551247
1562542366
1562457994
1562452663
1562445859
1562385584
1562365707
1562291553
1562279796
1562273730
1562263301
1562209308
1562204941
1562196827
1562193996
1562103593
1562093071
1562089431
1562037608
1562027267
1562019734
1561920206
1561861394
1561832465
1561681374
1561675760
1561672689
1561658948
1561502387
1561415350
1561331336
1561318225
1561243450
1561229469
1561145355
1561087359
1560985158
1560623218
1560543464
1558746077
1537214488
1526337917
1525991037
1518688050
1518643329
1518553708
1515798796
1514594136
1514390406
1514338037
1513993326
1512921613
1512836176
1512421254
1511625658
1511471437
1511225258
1511021192
1510953370
1510952154
1510780211
1510693807
1510608067
1510502500
1510347953
1510174858
1509655056
1509567991
1509324868
1509289940
1509148950
1509134469
1509065825
1508962729
1508684425
1508598910
1508456348
1508282945
1508115612
1508079615
1507995916
1507993205
1507951718
1507596947
1507511146
1507389169
1507248204
1507160586
1507061416
1506870866
1506819425
1506717004
1506624176
1506558960
1506472230
1506457881
1506299699
1506265304
1506214680
1506181475
1506179005
1506025814
1505939717
1505868956
1505766627
1505696523
1505693766
1505661418
1505661250
1505660780
1505575935
1505574023
1505521415
1505506071
1505435376
1505349011
1505347725
1505345409
1505343707
1503449794
1503416857
1503361285
1503330635
1503245190
1503193026
1503158176
1503070347
1503020361
1503016728
1502983946
1502930171
1502897412
1502758424
1502724583
1502672726
1502669246
1502550485
1502497593
1502493675
1502409389
1502379770
1502296295
1502292310
1502242591
1502204418
1502153905
1502036647
1501949770
1501864222
1501808608
1501776527
1501772828
1501726901
1501722453
1501690078
1501638232
1501601768
1501549807
1501545804
1501515240
1501463216
1501459416
1501341902
1501255527
1501120551
1501083818
1501031315
1501027908
1500996609
1500944756
1500941212
1500911087
1500909382
1500853517
1500824703
1500822905
1500771760
1500770479
1500768240
1500681928
1500651010
1500598607
1500592348
1500562856
1500512735
1500424117
1500415647
1500391146
1500307029
1500304525
1500254186
1500249710
1500165396
1500132822
1500047608
1500046044
1500013382
1500013194
1499996625
1499993930
1499960810
1499904602
1499872773
1499818879
1499787344
1499786073
1499735588
1499730021
1499615207
1499614203
1499612540
1499525655
1499457678
1499316530
1499315798
1499269683
1499268519
1499267106
1499183372
1499182464
1499181185
1499097011
1499095932
1499060289
1499060261
1499060227
1499043591
1499009997
1499008104
1498949264
1498923305
1498922060
1498870846
1498869831
1498863954
1498836621
1498784564
1498750180
1498749335
1498748389
1498662215
1498611875
1498595701
1498522527
1498513849
1498438006
1498431635
1498404083
1498345178
1498342250
1498169148
1498093363
1498088431
1498075360
1498007277
1498003232
1498000405
1497996321
1497993023
1497988950
1497920342
1497913335
1497902382
1497828523
1497798275
1497654112
1497486975
1497474071
1497470434
1497384584
1497301866
1497298511
1497225169
1497201005
1496959378
1496957121
1496955745
1496883495
1496872829
1496779807
1496710679
1496700261
1496693378
1496532578
1496501110
1496433590
1496365865
1496275963
1496260822
