1618155141
1618155033
1618154822
1618123326
1618076339
1618068361
1618067372
1618066710
1618066308
1618065146
1618064838
1618064327
1618063521
1617806975
1617804055
1617725669
1617723324
1617722909
1617720522
1617719599
1617719393
1617719048
1617718903
1617718322
1617464190
1617461852
1617461502
1617460602
1617460157
1617459971
1617458858
1617458525
1617457752
1617032340
1617027933
1617027377
1617027152
1617026836
1617026437
1617025764
1617025178
1617024451
1617023955
1616598961
1616593627
1616593427
1616593260
1616592998
1616592749
1616592182
1616591942
1616591581
1616344393
1616342566
1616340318
1616339453
1616337648
1616336946
1616336661
1616336282
1616335938
1615988087
1615985952
1615985767
1615985635
1615985087
1615984728
1615642067
1615641650
1615641236
1615640867
1615640056
1615639730
1615639375
1615639103
1615638960
1615132066
1615129575
1615129328
1615128965
1615128789
1615128581
1615128046
1615127826
1614792163
1614785775
1614785630
1614784868
1614783320
1614781990
1614779904
1614779582
1614328788
1614323634
1614323113
1614275418
1614275013
1614274673
1614274186
1614273571
1614273168
1614273006
1613842687
1613837427
1613836797
1613836161
1613835522
1613833349
1613832350
1613831791
1613831465
1613831020
1613830088
1613829221
1613574757
1613573453
1613573275
1613572502
1613571894
1613571715
1613570952
1613570743
1613570272
1613570044
1613569665
1613310084
1613306384
1613305892
1613305146
1613303766
1613302472
1613301298
1613300745
1613300013
1613295100
1613294492
1613293088
1613291709
1613290782
1613289665
1612891961
1612891166
1612891014
1612890850
1612890474
1612890045
1612889494
1612889251
1612889070
1612888616
1612888276
1612887776
1612626174
1612625572
1612624759
1612624567
1612624425
1612624216
1612623865
1612622703
1612622216
1612621970
1612621679
1612417495
1612417226
1612416635
1612416480
1612416114
1612415872
1612415425
1612271448
1612271146
1612270984
1611901667
1611900952
1611900444
1611900122
1611896398
1611847422
1611847054
1611846774
1611846021
1611845252
1611845078
1611500036
1611498836
1611498494
1611498173
1611497754
1611497211
1611496698
1611495973
1611495437
1611495103
1611494833
1611045646
1611043027
1611042433
1611041562
1611041390
1611041188
1611040966
1611040787
1611034711
1611034471
1611033799
1610563238
1610561363
1610561049
1610560757
1610560477
1610559263
1610558955
1610558722
1610558483
1610181639
1610181367
1610181155
1610180823
1610180505
1610179372
1610178965
1610178723
1610178379
1610178147
1610177691
1609745884
1609745564
1609744303
1609743968
1609743665
1609743457
1609743280
1609742853
1609742483
1609742209
1609742048
1609740742
1609344476
1609340421
1609340114
1609339443
1609339111
1609338874
1609338535
1609338345
1608895001
1608893467
1608893024
1608891000
1608890571
1608889152
1608888714
1608888145
1608887333
1608886503
1608886286
1608708622
1608708113
1608707637
1608707050
1608706598
1608706196
1608705737
1608705244
1608704914
1608704669
1608704288
1608447217
1608445700
1608445123
1608444866
1608444569
1608444153
1608443873
1608443468
1608442844
1608442436
1608098604
1608098129
1608097147
1608096707
1608095919
1608095753
1608095468
1608095095
1608094525
1608094229
1608093717
1608093277
1607527540
1607527163
1607526663
1607526079
1607525602
1607525067
1607524819
1607524272
1607184210
1607183869
1607182325
1607181576
1607180876
1607180430
1607179622
1607178956
1607178633
1607178392
1606893722
1606893539
1606892696
1606892402
1606892143
1606891510
1606890746
1606890513
1606890257
1606889977
1606631526
1606630263
1606629593
1606629248
1606628155
1606627998
1606627384
1606627084
1606626709
1606238732
1606236687
1606235861
1606235586
1606235194
1606234963
1606234779
1606234559
1606234248
1606233998
1606233146
1606232996
1606232710
1606232463
1605953520
1605952480
1605951548
1605951385
1605951133
1605950716
1605950442
1605950109
1605949925
1605949585
1605949029
1605597065
1605595714
1605595450
1605594462
1605593880
1605592404
1605591213
1605590322
1605590084
1605589937
1605589479
1605588824
1605588514
1605323278
1605288523
1605287770
1605287608
1605287240
1605269914
1605268365
1605268144
1605268010
1605267566
1605267409
1605083336
1605079500
1605078838
1605076258
1605075284
1605075183
1605074986
1605074809
1605072842
1605072172
1605071990
1605071824
1604767227
1604766027
1604765726
1604765505
1604764952
1604764812
1604764623
1604763731
1604762973
1604761531
1604497827
1604496558
1604496371
1604495938
1604495500
1604495121
1604494924
1604494380
1604493841
1604212166
1604212024
1604211865
1604210733
1604209806
1604140675
1604140282
1604040315
1604039841
1604039567
1604039287
1604038925
1604038742
1604037906
1604037739
1604036045
1604035950
1604035741
1604035362
1603870395
1603859706
1603855332
1603853026
1603810502
1603810222
1603810001
1603809846
1603809674
1603531648
1603530756
1603530296
1603527911
1603526950
1603526408
1603526021
1603525465
1603524922
1603524733
1603266713
1603264185
1603263468
1603263187
1603262760
1603262158
1603260706
1603259858
1603259641
1603259308
1603026218
1603025363
1603024663
1603024114
1603023646
1603023136
1603022677
1603022201
1603021297
1603020854
1603020460
1603020243
1602753157
1602752932
1602752233
1602750976
1602750558
1602749921
1602749511
1602748611
1602746128
1602744489
1602743087
1602742903
1602506602
1602505701
1602505055
1602504219
1602503909
1602503758
1602226516
1602226337
1602225532
1602224833
1602224579
1602224210
1602223765
1602222951
1601999067
1601998623
1601998388
1601997154
1601996498
1601996076
1601995351
1601994857
1601732455
1601732258
1601732036
1601731486
1601730965
1601729734
1601729313
1601726405
1601478668
1601477813
1601477299
1601476566
1601475582
1601475334
1601474767
1601474413
1601473876
1601473396
1601269533
1601269206
1601268805
1601268331
1601268167
1601017853
1601017580
1601017237
1601014808
1601014416
1601014210
1600758140
1600754959
1600754378
1600753789
1600753606
1600501128
1600500833
1600496731
1600496564
1600496221
1600495855
1600239493
1600238451
1600238239
1600238071
1599977279
1599976758
1599976231
1599976033
1599808018
1599807430
1599807044
1599806365
1599805447
1599805273
1599805072
1599635574
1599634988
1599632880
1599632317
1599631968
1599631051
1599630843
1599458012
1599457401
1599457089
1599456903
1599295351
1599294761
1599294232
1599292936
1599292414
1599292219
1599120137
1599114116
1599113903
1599113370
1599113103
1599112737
1599112557
1598948139
1598947867
1598947138
1598946235
1598945515
1598944523
1598943906
1598942753
1598942550
1598693159
1598691355
1598691035
1598689024
1598687858
1598687674
1598687468
1598519303
1598519011
1598516379
1598515852
1598514628
1598514529
1598514347
1598336967
1598336585
1598334218
1598333878
1598181236
1598170581
1598167011
1598006509
1597996178
1597993308
1597991919
1597990776
1597815265
1597814293
1597813618
1597813423
1597812980
1597641444
1597640235
1597639075
1597638581
1597638018
1597637802
1597423257
1597422095
1597412735
1597411491
1597410058
1597124686
1597124425
1597124201
1597124019
1597123580
1596963015
1596961888
1596961210
1596960363
1596959741
1596957193
1596956271
1596812999
1596811821
1596810949
1596809941
1596808558
1596808232
1596702009
1596699694
1596698607
1596697174
1596696918
1596695810
1596695461
1596445989
1596445662
1596444947
1596444661
1596443716
1596443552
1596443384
1596212422
1596209099
1596207955
1596093453
1596092344
1596091242
1596089987
1595839835
1595832829
1595831637
1595830896
1595674167
1595673673
1595672991
1595672472
1595671969
1595481459
1595478117
1595435631
1595435071
1595434885
1595316588
1595310005
1595309256
1595306573
1595137059
1595136117
1595088035
1595087175
1595085846
1595074267
1594885520
1594878668
1594878297
1594874099
1594873970
1594748916
1594746080
1594743506
1594739982
1594643797
1594626481
1594626112
1594622030
1594621183
1594620437
1594619306
1594459584
1594455901
1594454103
1594453088
1594450314
1594448985
1594447401
1594309302
1594308525
1594308231
1594306413
1594305441
1594220641
1594220219
1594217823
1594217544
1594171441
1594170521
1594050013
1594049708
1594048583
1594047568
1594046119
1593964239
1593963831
1593962401
1593962176
1593961222
1593669003
1593667093
1593664448
1593572677
1593571837
1593489840
1593488964
1593488455
1593486984
1593486782
1593486613
1593485998
1593400782
1593399962
1593399443
1593315391
1593314597
1593189237
1593187912
1593186586
1593143123
1593142203
1593140859
1593139732
1593019142
1592973962
1592972339
1592970820
1592970337
1592883110
1592882108
1592880926
1592880557
1592725381
1592724821
1592723068
1592722388
1592721359
1592720300
1592718636
1592718472
1592498272
1592496099
1592494561
1592493708
1592448073
1592416654
1592416219
1592414715
1592413311
1592394595
1592393784
1592243548
1592242621
1592236337
1592235407
1592120675
1592118536
1592117064
1592114210
1592113919
1592061239
1592059206
1592057878
1592056894
1592056118
1592055416
1591974377
1591973888
1591973195
1591972397
1591849256
1591847543
1591846237
1591845937
1591761689
1591760804
1591759916
1591759761
1591759284
1591507647
1591505521
1591504661
1591503895
1591503247
1591418526
1591418142
1591417009
1591416493
1591416084
1591415605
1591330078
1591329740
1591329456
1591329026
1591328889
1591243751
1591240926
1591240472
1591156320
1591155303
1591154524
1591154126
1591153788
1591153022
1591026522
1591025529
1591024731
1591024067
1591023528
1591023147
1591022880
1591022443
1591022182
1591021954
1590929605
1590928871
1590928335
1590927874
1590927003
1590811042
1590810815
1590810014
1590809892
1590808936
1590808765
1590681590
1590678939
1590678292
1590678069
1590677371
1590676804
1590531475
1590530858
1590507645
1590506852
1590422416
1590421915
1590421723
1590421193
1590420995
1590420338
1590420156
1590419220
1590319150
1590318130
1590317461
1590316810
1590315544
1590205776
1590205043
1590204855
1590203866
1590203657
1590118363
1590117585
1590116872
1590116775
1590116225
1590115782
1589990662
1589989505
1589989173
1589988996
1589988813
1589987009
1589986704
1589986434
1589856687
1589856327
1589855979
1589855496
1589855004
1589854687
1589771932
1589771455
1589770393
1589769316
1589636646
1589556979
1589555338
1589554138
1589553655
1589553428
1589552959
1589552686
1589467798
1589466575
1589465689
1589465460
1589464283
1589463404
1589463098
1589462310
1589462090
1589461679
1589460695
1589339329
1589339114
1589338792
1589338449
1589337944
1589255840
1589255160
1589254896
1589254514
1589254276
1589253894
1589253682
1589253395
1589253174
1589090131
1589087631
1589087049
1589086667
1589085898
1589085064
1589084442
1588998622
1588998488
1588997877
1588997677
1588997437
1588997063
1588996698
1588996380
1588996024
1588995385
1588909257
1588908755
1588908501
1588908344
1588908138
1588823584
1588823192
1588822602
1588822440
1588822182
1588821740
1588821604
1588821418
1588737018
1588736825
1588736623
1588604498
1588603902
1588603454
1588603049
1588602574
1588602312
1588602022
1588601856
1588601650
1588600963
1588487767
1588487248
1588487088
1588486923
1588390534
1588390208
1588389835
1588389586
1588389298
1588389065
1588388727
1588388582
1588388357
1588388136
1588297885
1588297532
1588208318
1588206720
1588205873
1588205707
1588205537
1588205334
1588094584
1588094377
1588005931
1588005688
1588005455
1588005190
1588005058
1588004927
1588004684
1587878069
1587877963
1587877381
1587877235
1587877004
1587876786
1587876505
1587783996
1587782980
1587782518
1587782199
1587781816
1587781694
1587781497
1587698053
1587697810
1587697592
1587697336
1587697096
1587696932
1587696750
1587696566
1587615248
1587614931
1587614559
1587613629
1587613099
1587612871
1587612007
1587611805
1587611242
1587610298
1587396307
1587395515
1587395180
1587394264
1587394010
1587393824
1587393594
1587393365
1587204614
1587204239
1587203707
1587203419
1587145149
1587144633
1587144419
1587143880
1587143274
1587143089
1587142782
1587142396
1587142204
1587047189
1587046681
1587046410
1587046148
1587045276
1587045050
1587044876
1586938497
1586938300
1586937905
1586937731
1586879655
1586879440
1586879240
1586879036
1586878854
1586878733
1586802420
1586802218
1586801619
1586800740
1586800359
1586799861
1586799679
1586799435
1586799273
1586798904
1586712748
1586712422
1586712194
1586711862
1586711405
1586711104
1586598038
1586596778
1586596125
1586595842
1586595250
1586595012
1586443137
1586442316
1586441979
1586441774
1586441381
1586441213
1586440867
1586363587
1586363328
1586363176
1586362993
1586362696
1586362482
1586362351
1586362128
1586291581
1586290206
1586288836
1586288510
1586288272
1586287890
1586196578
1586196094
1586195745
1586195076
1586194884
1586194715
1586194556
1586193977
1586065079
1586064711
1586064177
1586063951
1586063516
1586063246
1586062993
1585971805
1585971203
1585970993
1585970764
1585886589
1585885836
1585885446
1585884931
1585884639
1585798654
1585798482
1585798317
1585798089
1585712022
1585711359
1585711186
1585710867
1585710561
1585710018
1585709793
1585623640
1585623272
1585622816
1585622325
1585622015
1585621726
1585621500
1585409246
1585409045
1585408332
1585407790
1585407496
1585406862
1585406635
1585334612
1585334261
1585333829
1585333483
1585333276
1585332850
1585332719
1585332261
1585221891
1585221278
1585153383
1585152795
1585152358
1585064085
1585063737
1585063187
1585063013
1585062794
1585062654
1585062497
1584992717
1584992309
1584991951
1584991242
1584990945
1584990753
1584813489
1584813266
1584812486
1584811869
1584811604
1584811446
1584718007
1584717431
1584716416
1584716192
1584715906
1584715563
1584715369
1584714760
1584714508
1584617212
1584616988
1584616857
1584616512
1584616055
1584615773
1584615658
1584615353
1584520080
1584367632
1584367117
1584366875
1584366645
1584366152
1584366008
1584365828
1584365600
1584365194
1584364883
1584364400
1584364226
1584364038
1584163949
1584163631
1584163294
1584162763
1584162515
1584162034
1584161929
1584021993
1584021710
1584021062
1584020366
1584019976
1584019433
1584018917
1584018809
1584018636
1584018415
1584018060
1584017791
1584017655
1584017064
1584016866
1584016216
1583831252
1583831069
1583830710
1583830576
1583830394
1583829975
1583741415
1583740999
1583740833
1583740660
1583740449
1583656866
1583556977
1583556584
1583556334
1583481996
1583481531
1583345444
1583345245
1583343954
1583343766
1583243131
1583242727
1583242396
1583241739
1583241422
1583159630
1583159246
1583159005
1583158648
1583158270
1583158121
1583157966
1583157713
1583157265
1582989480
1582989095
1582988023
1582987708
1582899591
1582898532
1582898060
1582897718
1582897112
1582896904
1582896741
1582896549
1582896225
1582895798
1582895358
1582814975
1582814204
1582814020
1582813111
1582812641
1582811927
1582811666
1582738147
1582737760
1582737379
1582736985
1582736601
1582703156
1582702882
1582638221
1582637777
1582637341
1582636802
1582636410
1582636294
1582635906
1582635359
1582634636
1582634267
1582634117
1582532533
1582532271
1582446079
1582445622
1582380593
1582379564
1582378889
1582378547
1582377562
1582377446
1582377109
1582292301
1582291105
1582288967
1582288180
1582287295
1582287109
1582286277
1582286032
1582285240
1582258053
1582255488
1582255374
1582236939
1582236196
1582236076
1582235638
1582235501
1582235248
1582234892
1582234620
1582040467
1582040215
1582039682
1582039246
1582039055
1582004214
1582003937
1582003836
1582003749
1582003182
1582002902
1581909747
1581908791
1581908486
1581907977
1581907632
1581907312
1581907060
1581905968
1581905639
1581905304
1581904928
1581904732
1581904529
1581779784
1581778929
1581778627
1581778242
1581777675
1581777481
1581777256
1581776641
1581776265
1581775887
1581775701
1581775369
1581775073
1581774673
1581774440
1581774215
1581738552
1581693431
1581690704
1581690501
1581690069
1581689549
1581689334
1581688792
1581688096
1581687880
1581687667
1581687373
1581686688
1581686419
1581686188
1581608152
1581606963
1581606452
1581606165
1581605711
1581605103
1581604947
1581604495
1581604137
1581603805
1581603649
1581603428
1581564593
1581564364
1581563498
1581562395
1581561917
1581561782
1581561348
1581560906
1581560519
1581559897
1581559489
1581449451
1581448567
1581448383
1581448191
1581447974
1581348997
1581345451
1581344975
1581344166
1581344009
1581343143
1581342813
1581342514
1581342005
1581341660
1581341457
1581264257
1581263605
1581262988
1581262483
1581261791
1581261702
1581261185
1581260949
1581260538
1581260262
1581260084
1581174724
1581174125
1581173877
1581173487
1581173301
1581099845
1581082096
1581081545
1581080719
1581080396
1581080153
1581079649
1581079229
1581078904
1581078738
1580995516
1580994353
1580994139
1580993580
1580993122
1580992189
1580991854
1580991529
1580991122
1580990691
1580990518
1580990264
1580989959
1580989703
1580989483
1580815011
1580814080
1580813180
1580812718
1580812309
1580811564
1580811413
1580811274
1580810928
1580810651
1580810439
1580738254
1580737304
1580736834
1580736229
1580734813
1580734630
1580734447
1580656530
1580655610
1580655322
1580655203
1580655000
1580654055
1580630366
1580630231
1580630060
1580629727
1580629638
1580629501
1580629330
1580476739
1580476064
1580475872
1580475576
1580475348
1580474665
1580473862
1580473600
1580473292
1580472978
1580472787
1580390262
1580389320
1580389065
1580388693
1580388302
1580387854
1580387375
1580387246
1580387148
1580386945
1580386718
1580386050
1580385656
1580310922
1580310289
1580309812
1580309160
1580308689
1580308479
1580308377
1580307798
1580226937
1580216332
1580215556
1580215255
1580215004
1580214384
1580214113
1580213406
1580212188
1580211655
1580211220
1580211075
1580210905
1580210594
1580124414
1580123611
1580122899
1580122505
1580121741
1580121542
1580121378
1580121023
1580053029
1580052412
1580051625
1580051042
1580050902
1580050548
1580050038
1580049562
1580049086
1580048839
1579869398
1579868372
1579868136
1579867237
1579866779
1579865907
1579865479
1579786237
1579784020
1579781898
1579780957
1579780581
1579780372
1579780242
1579680599
1579679894
1579679625
1579679233
1579678840
1579678746
1579678537
1579678010
1579610941
1579610583
1579610327
1579610041
1579609704
1579609553
1579608264
1579524927
1579523470
1579522546
1579522272
1579521916
1579521539
1579520886
1579520536
1579520156
1579520007
1579422259
1579422146
1579347259
1579346708
1579346013
1579345441
1579345017
1579344936
1579262456
1579261758
1579261184
1579260687
1579259456
1579259008
1579258835
1579181740
1579174534
1579172786
1579172363
1579172001
1579171438
1579171259
1579170931
1579093404
1579091725
1579076945
1578998615
1578998279
1578998009
1578918467
1578918090
1578917929
1578830314
1578829583
1578829319
1578829196
1578754160
1578753715
1578753403
1578752983
1578657277
1578657070
1578656544
1578655962
1578655465
1578655312
1578655169
1578654891
1578575232
1578575021
1578573279
1578573068
1578572811
1578572463
1578551137
1578547133
1578497346
1578487523
1578481791
1578481632
1578481531
1578481378
1578481244
1578400900
1578400535
1578394257
1578393236
1578392856
1578392757
1578315936
1578314947
1578314796
1578218500
1578218315
1578218218
1578217523
1578217385
1578217161
1578128061
1578127544
1578127336
1578126849
1578126677
1578052823
1578048315
1578047881
1578047433
1578046746
1578046559
1578046295
1577967154
1577966423
1577965791
1577874090
1577873278
1577872897
1577872769
1577871760
1577863919
1577787946
1577787604
1577698901
1577698711
1577698562
1577698314
1577697990
1577697763
1577697505
1577697368
1577697248
1577696817
1577606500
1577606176
1577605809
1577605651
1577521348
1577448494
1577442957
1577442704
1577442380
1577442107
1577355720
1577355359
1577355214
1577354822
1577354703
1577354333
1577354019
1577270203
1577268358
1577268172
1577267977
1577267828
1577267544
1577267220
1577266965
1577266785
1577211170
1577188566
1577187047
1577183169
1577182301
1577182006
1577181589
1577181326
1577181080
1577088042
1577002399
1577002172
1577002025
1576916807
1576916730
1576916642
1576842924
1576842818
1576752499
1576752034
1576751647
1576751424
1576751263
1576751161
1576667358
1576667064
1576666951
1576666381
1576666206
1576665780
1576583833
1576580864
1576580672
1576580491
1576580351
1576580152
1576579996
1576579867
1576579729
1576491393
1576491235
1576490658
1576490155
1576489759
1576489602
1576397995
1576397781
1576397318
1576397195
1576397092
1576312506
1576312349
1576223932
1576223657
1576223320
1576222844
1576222301
1576222179
1576151153
1576138649
1576138482
1576138336
1576138216
1576137971
1576137087
1576136847
1576069995
1576068643
1576068202
1576052713
1576052469
1576052340
1576052156
1575980902
1575979898
1575979607
1575979359
1575979064
1575977799
1575977339
1575893258
1575892936
1575892788
1575892588
1575892441
1575620543
1575616186
1575616073
1575615639
1575553098
1575532078
1575531931
1575531720
1575531545
1575530963
1575530075
1575444960
1575444788
1575375799
1575375581
1575375133
1575374667
1575288881
1575288549
1575286316
1575285720
1575285608
1575011927
1575011551
1574927233
1574927090
1574926998
1574926472
1574926345
1574843057
1574841915
1574841459
1574755107
1574754805
1574754616
1574754241
1574753619
1574752546
1574669749
1574669586
1574669459
1574669189
1574669079
1574583519
1574583210
1574583076
1574510046
1574501571
1574501207
1574419230
1574409530
1574406921
1574405960
1574405705
1574328958
1574322511
1574322420
1574322213
1574321733
1574321564
1574321437
1574236693
1574236521
1574236366
1574236156
1574236040
1574235892
1574171331
1574169853
1574169377
1574169172
1574169003
1574168783
1574168442
1574168195
1574079294
1574079060
1574078741
1574078390
1574078121
1574077961
1574077814
1574077551
1573978788
1573978469
1573978344
1573897421
1573896526
1573896292
1573895933
1573895777
1573826453
1573826028
1573825859
1573825618
1573825196
1573719412
1573719179
1573647830
1573647621
1573647436
1573647257
1573647020
1573646565
1573569435
1573567683
1573567489
1573567183
1573566939
1573566689
1573566388
1573475392
1573475006
1573474849
1573474667
1573474461
1573373090
1573373003
1573372879
1573372685
1573288206
1573287987
1573287881
1573287775
1573287598
1573132377
1573132053
1573131680
1573131384
1573047770
1573047253
1573046740
1572965921
1572965529
1572965116
1572964883
1572964726
1572964573
1572964413
1572768645
1572534996
1572534375
1572534289
1572534019
1572533849
1572533721
1572440244
1572439524
1572438999
1572438826
1572438467
1572269892
1572269745
1572266163
1572265683
1572264957
1572264463
1571928847
1571928541
1571838286
1571836807
1571753141
1571752414
1571751905
1571663272
1571662946
1571662758
1571661735
1571560013
1571400727
1571400391
1571400129
1571399699
1571399414
1571399166
1571398933
1571316584
1571316276
1571316187
1571315860
1571126306
1571126104
1571126028
1571125941
1570876636
1570876425
1570876223
1570875931
1570875652
1570622459
1570622287
1570621749
1570621519
1570451765
1570451029
1570450601
1570191828
1570190576
1570088056
1570087775
1570087617
1570087230
1570087032
1570086717
1569856211
1569855728
1569855311
1569855080
1569401442
1569395460
1569395126
1568981202
1568968220
1568967194
1568383774
1568383271
1568382501
1568382218
