1618071063
1617986965
1617911847
1617909024
1617897999
1617293256
1617199305
1617114003
1616870211
1616198373
1615997747
1615650007
1615582292
1615570392
1615494158
1615410866
1615332811
1615322258
1615319417
1615237755
1615138806
1614724217
1614530871
1614444707
1614359791
1614278896
1614195306
1614187331
1614104870
1614101460
1613748299
1613693970
1613584730
1613222505
1613219882
1613150215
1613070963
1612821797
1612818251
1612747215
1612746805
1612289592
1611952125
1611860008
1611858847
1611850880
1611797262
1611792220
1611238211
1611159296
1610988775
1610984497
1610470644
1610468269
1610300766
1610223781
1610041665
1609956495
1609784811
1609783813
1609627058
1609473854
1609471059
1609003517
1609002817
1608906703
1608745937
1608669443
1608572496
1608489140
1608318001
1608313086
1608221074
1607966186
1607816450
1607799294
1607795489
1607793468
1607713245
1607648045
1607624171
1607526906
1607452137
1607444248
1607373592
1607277751
1607201253
1607198317
1607025572
1607012495
1606755880
1606692399
1606261687
1606240618
1606239580
1605900158
1605797377
1605796738
1605718828
1605559918
1605556150
1605554953
1605394248
1605387108
1605376604
1605291478
1605122951
1605117071
1605114200
1605030520
1605026767
1605023795
1604935634
1604854479
1604793569
1604792995
1604780237
1604705204
1604704233
1604108262
1604097576
1603995287
1603919487
1603843666
1603839799
1603654338
1603649110
1603566667
1603558124
1603488364
1603391768
1603387271
1603328389
1603324586
1603314564
1603303465
1603299621
1603211289
1603121566
1603067583
1603061260
1602972757
1602715810
1602715606
1602641558
1602629221
1602519048
1602518051
1602428746
1602369683
1602359478
1602357094
1602015147
1601929637
1601925940
1601914687
1601820258
1601763050
1601661662
1601659803
1601659760
1601567003
1601562664
1601561937
1601397521
1601394146
1601244645
1600977355
1600815889
1600629276
1600464607
1600451602
1600443640
1600441464
1600363865
1600359381
1600356418
1600094941
1600033005
1599942973
1599782805
1599780933
1599692899
1599677353
1599670230
1599667360
1599633755
1599607291
1599588963
1599587038
1599586317
1599506105
1599504965
1599153201
1599067923
1599060209
1598989228
1598801266
1598764316
1598739005
1598716481
1598715357
1598659793
1598657033
1598636134
1598632791
1598630388
1598551504
1598546526
1598543373
1598455554
1598376528
1598200440
1598150418
1597947943
1597942351
1597939555
1597867220
1597779942
1597772836
1597768537
1597760615
1597683073
1597610458
1597605298
1597424258
1597353591
1597344641
1597337323
1597192225
1597167860
1597097008
1597095056
1596996217
1596908280
1596818929
1596817062
1596744545
1596741203
1596737610
1596734097
1596668206
1596666313
1596651977
1596603175
1596566598
1596562263
1596495192
1596406047
1596404921
1596260576
1596254832
1596254580
1596252958
1596230394
1596227411
1596216665
1596215105
1596213520
1596140327
1596138099
1596047996
1595971290
1595968158
1595966793
1595900703
1595868646
1595781760
1595606869
1595524613
1595521810
1595352347
1595178088
1595106146
1595002894
1594933386
1594931760
1594836105
1594835223
1594833711
1594262069
1594228151
1594164715
1594156578
1594155836
1594051056
1593986726
1593974288
1593906489
1593794987
1593732177
1593632375
1593624579
1593620493
1593552081
1593541231
1593469774
1593465165
1593369834
1593287834
1593191875
1593190082
1593106786
1593103063
1593023376
1592935790
1592933439
1592932099
1592929249
1592759662
1592757605
1592592700
1592428246
1592376866
1592331783
1592259517
1592258476
1592255758
1592157044
1592153754
1592076144
1592071628
1591990092
1591986517
1591891751
1591805982
1591730454
1591632518
1591397786
1591393738
1591391755
1591203091
1590949603
1590948022
1590880620
1590797771
1590782135
1590776011
1590774550
1590686992
1590682894
1590618282
1590516733
1590512499
1590509208
1590504168
1590451357
1590448326
1590425082
1590344873
1590341245
1590086896
1590083801
1589993754
1589918339
1589913861
1589910886
1589752200
1589583381
1589568633
1589567173
1589565128
1589495478
1589483608
1589477826
1589417537
1589411938
1589319011
1589306591
1589230111
1589222640
1589219951
1589146238
1589138715
1589069787
1589067011
1588957350
1588876367
1588870221
1588868552
1588812994
1588720314
1588615458
1588513311
1588512233
1588510348
1588465447
1588455637
1588435250
1588175314
1588173450
1588091100
1588089249
1588003432
1587926049
1587917556
1587830528
1587759516
1587662753
1587656244
1587655586
1587484753
1587482543
1587410942
1587304760
1587227970
1587224166
1587221164
1587151500
1587048901
1587044981
1586964661
1586958259
1586894462
1586879415
1586789273
1586701386
1586699692
1586619009
1586617877
1586546060
1586449665
1586442182
1586356105
1586270981
1586188246
1586185300
1586106374
1586010336
1585952280
1585841364
1585838474
1585835599
1585767052
1585756792
1585668027
1585581355
1585577176
1585503422
1585501064
1585495037
1585406407
1585319596
1585243473
1585242577
1585241829
1585178816
1585175386
1585148049
1585146343
1585143883
1585142034
1584992719
1584988122
1584910128
1584887281
1584804934
1584724500
1584724125
1584720415
1584651762
1584651053
1584650046
1584561981
1584559580
1584309451
1584209774
1584122387
1584120303
1584040149
1584036273
1583949760
1583859759
1583608909
1583525102
1583434111
1583368030
1583352125
1583268665
1583176394
1583088482
1582928038
1582917361
1582910600
1582906878
1582904803
1582832655
1582827857
1582764469
1582745072
1582666055
1582652732
1582650899
1582558596
1582555014
1582550729
1582487408
1582484766
1582481808
1582458543
1582403037
1582399622
1582398182
1582395044
1582391062
1582310105
1582234307
1582215842
1582212364
1582154446
1582139382
1582073014
1582057493
1582056642
1582051935
1581971248
1581967809
1581889629
1581705607
1581702401
1581642410
1581642079
1581633057
1581631039
1581623626
1581376727
1581295945
1581279042
1581098571
1581031499
1581004375
1581001423
1580938430
1580933687
1580835554
1580766704
1580589857
1580584732
1580578623
1580522223
1580506949
1580504762
1580498064
1580491620
1580420520
1580415598
1580408289
1580406354
1580404742
1580340927
1580329647
1580328019
1580070850
1580003897
1580001468
1579982596
1579907693
1579907223
1579906225
1579815831
1579806437
1579740418
1579643128
1579640459
1579634790
1579633354
1579631361
1579474174
1579382460
1579378608
1579372203
1579370043
1579302811
1579295612
1579286788
1579210368
1579207837
1579145499
1579123114
1579117040
1579116148
1578946790
1578942584
1578773456
1578714290
1578713885
1578686863
1578611814
1578611221
1578610769
1578443002
1578442054
1578258807
1578184552
1578173383
1578001868
1577933340
1577927459
1577920972
1577919074
1577833204
1577828476
1577740624
1577677551
1577669677
1577657575
1577652177
1577568793
1577483972
1577482839
1577477476
1577419779
1577398854
1577330754
1577311927
1577311674
1577307213
1577303535
1577238066
1577231035
1577227839
1577223337
1577135012
1577046630
1576970331
1576543838
1576450000
1576441751
1576182533
1576179058
1576035744
1576022785
1575930875
1575864222
1575844085
1575842532
1575838025
1575746580
1575687566
1575686751
1575670297
1575657278
1575583864
1575582191
1575573925
1575494111
1575491324
1575489602
1575489116
1575406973
1575325410
1575324066
1575320787
1575315954
1575240514
1575228830
1575227001
1575146889
1575090929
1575071394
1575067997
1575013687
1574939440
1574831235
1574817791
1574812776
1574811421
1574725179
1574722831
1574721868
1574720435
1574563163
1574560252
1574559970
1574558940
1574555510
1574470699
1574467065
1574463431
1574401744
1574399856
1574379533
1574375947
1574374454
1574373634
1574371724
1574203366
1574126683
1574126160
1574120095
1574035538
1574034157
1573964495
1573964295
1573963388
1573962154
1573960705
1573956522
1573931176
1573805488
1573779959
1573693206
1573691788
1573689667
1573592363
1573586320
1573584306
1573513839
1573505978
1573499142
1573429020
1573412654
1573327209
1573178458
1573167927
1573090392
1573078389
1572984760
1572894152
1572802661
1572799892
1572735762
1572728691
1572721972
1572707086
1572653357
1572477804
1572468416
1572461224
1572395318
1572379630
1572302718
1572300859
1572290267
1572286071
1572202528
1572124290
1572115908
1572050891
1572044801
1571977909
1571953927
1571947984
1571720704
1571708018
1571612587
1571605228
1571540322
1571532219
1571505327
1571446656
1571420384
1571344043
1571342064
1571280708
1571197666
1571169071
1571150734
1571117998
1570894868
1570814323
1570757518
1570747041
1570734333
1570730024
1570643787
1570546864
1570496543
1570375621
1570301140
1570248046
1570169425
1570160032
1570143905
1570140229
1570139137
1570121366
1570065720
1570054196
1569970328
1569966358
1569960504
1569958614
1569953913
1569951218
1569915368
1569904848
1569902929
1569823244
1569780102
1569767702
1569609122
1569539472
1569529810
1569458487
1569437740
1569352812
1569265637
1569183825
1569178580
1569103980
1569099627
1569076437
1569022857
1568928976
1568852423
1568850549
1568692978
1568687373
1568593506
1568522746
1568433499
1568431017
1568430231
1568429074
1568396789
1568231958
1567972021
1567969790
1567693991
1567609578
1566838142
1566433924
1566277483
1566183552
1566105850
1566102938
1566059339
1566030402
1565966574
1565842707
1565825967
1565724218
1565417001
1564789844
1564414466
1564330876
1564082008
1564081512
1564041970
1563950708
1563643276
1563471356
1562991947
1562807991
1562807665
1562561439
1562033204
1561907903
1561722441
1561646910
1561426510
1560739365
1560443365
1560193289
1559588452
1558909928
1558840616
1557958416
1557493264
1556930495
1556644562
1556057090
1555258875
1555120836
1554938977
1554480457
1554450038
1554254501
1554094227
1553558900
1552714600
1551044859
1550709513
1549476480
1549140764
1548537934
1548298074
1547879140
1547499446
1547096349
1547095818
1547095458
1547095099
1547008027
1546324925
1544580718
1544394967
1543964135
1543963665
1543963383
1543077551
1542736223
1541791814
1540754508
1540529276
1540447095
1540152741
1539979128
1539930167
1539690822
1539463494
1538805738
1538800048
1538798625
1538798343
1538759068
1538710554
1538321895
1538240820
1538240585
1538018820
1538015476
1538014517
1536856386
1536740674
1536740467
1534036565
1532928140
1531975503
1531738381
1529007677
1529006795
1527744630
1525460252
1523767878
1523164783
1521213876
1520202688
1519116566
1518815988
1518543024
1516170857
1515970633
1515744955
1515089905
1514763639
1514582043
1513493891
1512849466
1512236013
1511860677
1511219946
1510382668
1510211676
1509721842
1509601402
1509559755
1509226630
1508957874
1507707103
1507140591
1507040348
1506232850
1506232706
1505488135
1505090803
1504706576
1504675360
1504674983
1503927431
1503794455
1503508551
1503279227
1503173539
1502737550
1502645240
1502079691
1501715622
1501280047
1500963789
1500671856
1500358239
1500356853
1500356055
1500221091
1500074035
1499991686
1499871340
1499782642
1499697237
1499631246
1499630796
1499351151
1499281962
1499224417
1498847972
1498156142
1497823574
1497333302
1495826446
1495717189
1494944467
1494632971
1494606699
1493880783
1493872271
1493133614
1493133477
1492887941
1492359549
1492359391
1492009478
1491968141
1491113569
1491113468
1491065557
1491028520
1490122257
1489428447
1488783807
1488617051
1488374655
1488141337
1488083891
1488016335
1487437340
1486582402
1486341402
1486097819
1485664700
1484627272
1484410414
1484359386
1484028330
1483916853
1483539101
1483373739
1483292671
1483227146
1483208176
1482966634
1482939034
1482708038
1482674701
1482612460
1482611798
1482241245
1481508033
1481382173
1481344890
1481324342
1481227398
1481081481
1480988335
1480869928
1480521314
1480297431
1480119635
1480023988
1479742988
1479662530
1479631233
1479595026
1479568411
1479490971
1479476820
1479441806
1479282197
1479242944
1478650762
1478055598
1476401429
1475450483
1475371583
1473893934
1473658732
1473636162
1473004619
1472847176
1472833396
1472752869
1472691143
1472334833
1470710045
1470630509
1469984054
1469942544
1469920875
1469902661
1468504767
1468249857
1467814147
1467287688
1467203241
1466952072
1466859110
1466817226
1466712512
1466649876
1466467577
1466146575
1466002334
1465918752
1465232144
1464972327
1464664825
1464620481
1464236463
1464056732
1463972116
1463971856
1463971634
1463951325
1463799852
1463785698
1463771857
1463749579
1463693483
1463693428
1462208676
1462208545
1462208440
1461638694
1461638587
1461290159
1461281662
1461200832
1461199567
1461198496
1461129677
1461105751
1461064605
1461034319
1461033454
1460931144
1460929868
1460929776
1460929635
1460927097
1460868882
1460866708
1460735191
1460732116
1460515869
1458842661
1458451638
1458449341
1458430624
1458240498
1458240415
1454023988
1452995449
1452994966
1452994497
1452870627
1452747469
1452747321
1452747170
1452744665
1452743923
