1617115970
1616987202
1616983708
1616953647
1616874917
1616623859
1616603591
1616455176
1616297196
1615932280
1615865187
1615853068
1615576859
1615501950
1615448115
1615247446
1615179699
1614828692
1614825578
1614823735
1614812649
1614752413
1614734456
1614464535
1614404528
1614385455
1614217391
1614211371
1614197765
1614030959
1613986486
1613964270
1613939998
1613876516
1613874943
1613696460
1613258682
1613258413
1613101739
1613084734
1613083994
1612897128
1612831483
1612759325
1612666678
1612664494
1612658905
1612583974
1612578023
1612423780
1612399426
1612380556
1611848443
1611439678
1610996784
1610705081
1610143340
1608685712
1608519739
1608319126
1608088510
1607784361
1607750258
1607623426
1606977878
1606247137
1605409516
1605306899
1605293398
1605146927
1605133952
1604766915
1604266820
1603566373
1603209859
1603208313
1603140481
1602950612
1602884172
1601740679
1601739619
1601667689
1601664875
1601576269
1601389154
1601309163
1601178518
1601177550
1600882486
1600039142
1600014519
1599837353
1599752731
1599751713
1599701281
1599655144
1599337860
1599320772
1599257994
1599200029
1599091237
1599088555
1598827348
1598742045
1598652477
1598558921
1598377804
1598238760
1598234833
1598222738
1597635970
1597460755
1597169404
1597112512
1597006108
1596912077
1596866599
1596864432
1596863926
1596822587
1596751087
1596675147
1596656056
1596647676
1596640990
1596397507
1596252744
1595972947
1595397327
1592381006
1592341360
1591403277
1591306027
1590705407
1590628468
1590603380
1590544324
1590450858
1590379615
1590302711
1590275937
1590196996
1590182681
1590168041
1590013989
1589854148
1589839475
1589760029
1589737770
1589668052
1589667774
1589655893
1589612446
1589605979
1589583839
1589497077
1589423380
1589332407
1589329352
1589328911
1589131315
1589083566
1589049641
1588991591
1588964231
1588812350
1588726498
1588705480
1588575110
1588485516
1588377546
1588354485
1588291546
1588239005
1588150450
1588112510
1588029446
1587955719
1587931174
1587871821
1587841992
1587787517
1587782333
1587779756
1587678964
1587590868
1587587426
1587505973
1587331249
1587244862
1587168761
1587091969
1587078529
1587073607
1587010718
1586984362
1586926544
1586924627
1586910029
1586905844
1586829969
1586824219
1586755063
1586729735
1586665774
1586558869
1586510313
1586464020
1586390311
1586383457
1586375409
1586317036
1586297575
1586240253
1586168853
1586126890
1586076960
1586065689
1586051968
1585943104
1585892048
1585868888
1585856610
1585769283
1585712824
1585678394
1585550861
1585530380
1585520046
1585447453
1585443812
1585437435
1585420323
1585292910
1585263371
1585182371
1585158209
1585094306
1585074017
1585013661
1584939059
1584931484
1584929060
1584845182
1584777547
1584742523
1584727080
1584666491
1584642172
1584588141
1584577717
1584512544
1584469825
1584423388
1584415692
1584394430
1584300886
1584292374
1584207755
1584206415
1584058813
1584038861
1583971155
1583962707
1583880515
1583814211
1583691797
1583632411
1583554408
1583461866
1583374884
1583277815
1583277253
1583085157
1582999093
1582946786
1582862969
1582861215
1582778508
1582744796
1582674486
1582663758
1582589880
1582420461
1582399337
1582397428
1582326647
1582245196
1582157378
1582076513
1582062820
1582006809
1581969480
1581965933
1581881141
1581820313
1581816506
1581703534
1581622608
1581546098
1581499337
1581460749
1581360321
1581291557
1581290123
1581203077
1581200230
1581108641
1581102573
1580948349
1580942126
1580855191
1580445758
1580365180
1580326487
1580024374
1579832161
1579674441
1579420863
1579229295
1579127720
1578956038
1578893401
1578811550
1578563412
1578364549
1578102181
1577816800
1577663995
1577648088
1577574558
1576976525
1576627278
1576364717
1575842995
1575742160
1575593933
1575408236
1575229244
1575149076
1575094406
1574837605
1574621489
1574149729
1574067242
1573950384
1573858357
1573770574
1573687861
1573502113
1573422696
1573094660
1572814476
1572294677
1572199512
1572051527
1571967940
1571427900
1571363024
1570751599
1570641878
1570561299
1570390399
1570240775
1570139165
1570015536
1569959348
1569845155
1569786897
1569698740
1569617871
1569445215
1569259393
1569192371
1568748944
1568618687
1567983256
1567503103
1567201927
1566499009
1566278008
1566068638
1565994506
1565548829
1565378140
1565030230
1563821566
1559198143
1558807805
1558499972
1558289153
1558201196
1557640500
1557441795
1557276711
1556480905
1555972229
1555813376
1552885462
1501300098
1501241962
1501196972
1497925019
1495021394
1493690312
1493162416
1492721402
1492196314
1491842176
1491680876
1491632794
1491616838
1491583481
1491469560
1491421357
1491333577
1486621597
1473709558
1468882602
1468317168
1467400971
1467148301
1466739558
1466322978
1465929644
1465723700
1465643814
1465521684
1464823567
1463599852
1463528128
1459990546
1456437862
1445226284
1445197853
1441650942
1440540451
1440449584
