1617402151
1617142156
1616954854
1616806445
1616714136
1616350315
1616188883
1616103417
1616021932
1616005216
1615921910
1615920865
1615858194
1615857905
1615853815
1615492260
1614896676
1614891959
1614622570
1614549652
1614457891
1614131438
1614129689
1614035907
1613796661
1613764296
1613762734
1613672770
1613671860
1613271630
1613266502
1612833347
1612831782
1612752325
1612733994
1612584009
1612569768
1612508627
1612389921
1612378413
1612152663
1612135646
1612057566
1612054780
1611875163
1611872564
1611710352
1611441645
1611255922
1611107020
1610938820
1610337109
1610336419
1610329364
1610328262
1610270528
1610269188
1610246493
1610232449
1610231621
1609811039
1609806055
1609799566
1609798936
1609739580
1609738058
1609538882
1609119148
1608676380
1608673141
1608672659
1608596454
1608580488
1608580240
1608004071
1607896229
1607804468
1607715606
1607537823
1607537747
1607476134
1607465490
1607455790
1607453171
1607400251
1607393810
1607330344
1607280496
1607049750
1607019334
1606956525
1606875198
1606859732
1606856355
1606845912
1606800250
1606799718
1606798395
1606769475
1606766347
1606766315
1606726487
1606710574
1606708393
1606707410
1606540739
1606539409
1606525376
1606520013
1606506953
1606187746
1606171520
1606166990
1606093932
1606093108
1606091427
1606089087
1605999613
1605989377
1605923139
1605854723
1605826196
1605825480
1605824276
1605808514
1605808432
1605737960
1605725498
1605725120
1605665222
1605664554
1605664007
1605662827
1605662625
1605637668
1605595000
1605579797
1605575365
1605574225
1605556434
1605488951
1605481883
1605473737
1605466844
1605406867
1605404107
1605401501
1605226797
1604986067
1604985636
1604980365
1604861338
1604185445
1604102973
1604096436
1603951960
1603924185
1603763886
1603759216
1603751682
1603751257
1603403162
1603076380
1603073916
1603057792
1603056603
1603056444
1603056345
1603056206
1602994008
1602978132
1602976914
1602965790
1602888541
1602888461
1602888377
1602721074
1602709435
1602448457
1602376649
1602359956
1602295212
1602283992
1602275015
1602267645
1602218902
1602184727
1602175052
1602174840
1601852239
1601773297
1601771549
1601771471
1601403894
1601254978
1601062831
1600985963
1600985925
1600886105
1600885825
1600847884
1600473488
1600369647
1600141890
1600129595
1599776037
1599698547
1599694692
1599694111
1599687421
1599593191
1599551045
1599417226
1599341583
1599241617
1599165863
1598986782
1598913381
1598913025
1598822640
1598813977
1598731435
1598681012
1598675025
1598582041
1598557548
1598480345
1598472696
1598397927
1598396968
1598384188
1598382189
1598318302
1598293328
1598292460
1598228267
1598227125
1598227024
1598206857
1598193655
1598046609
1597769409
1597733034
1597720164
1597351751
1597341193
1597262831
1597262153
1597230159
1597187225
1597170703
1597170286
1597106650
1597091576
1597090198
1597086528
1597046147
1597045806
1597045626
1596914389
1596651176
1596591481
1596519531
1596394053
1596235129
1596045735
1595616812
1595616489
1595548840
1595354897
1595282403
1595095605
1595088986
1595088806
1595021596
1595021090
1595012152
1595003981
1594944506
1594930775
1594752397
1594746273
1594693197
1594673348
1594666261
1594593712
1594592204
1594588090
1594514913
1594421340
1594416995
1594245445
1594230943
1594230638
1594181883
1594172112
1594166890
1593892491
1593794197
1593724951
1593717790
1593638727
1593559641
1593538298
1593394385
1593389700
1593382191
1593304632
1593302590
1593196774
1593104598
1593059687
1593038532
1593037986
1593027063
1592850978
1592797652
1592681070
1592678049
1592588845
1592587955
1592510515
1592509878
1592440256
1592423490
1592416189
1592358474
1592261001
1592254203
1592086923
1592072017
1592043743
1591985730
1591983731
1591899608
1591898537
1591837047
1591815237
1591764283
1591738605
1591736536
1591667037
1591585829
1591563597
1591561527
1591524627
1591520851
1591383043
1591320637
1591312575
1591261362
1591216567
1591157203
1591041162
1591039612
1590962591
1590945350
1590860466
1590775302
1590726783
1590709113
1590699770
1590686090
1590604214
1590602609
1590524452
1590519015
1590436531
1590427931
1590355809
1590348455
1590172755
1589996823
1589908077
1589851474
1589782864
1589776019
1589662785
1589588696
1589309878
1589133103
1589056500
1589047649
1588995530
1588970055
1588894607
1588876493
1588871893
1588819723
1588794378
1588700375
1588356016
1588274121
1588195716
1588101928
1587929673
1587839041
1587702692
1587580067
1587440032
1587422175
1587409206
1587361633
1587250710
1587152212
1587088522
1587078436
1587022326
1587003900
1587003870
1586984687
1586970957
1586657495
1586592590
1586561086
1586549333
1586546955
1586502025
1586465973
1586456771
1586413274
1586294574
1586210756
1586206587
1586021852
1585892042
1585878553
1585778753
1585599272
1585442294
1585438792
1585421262
1585248132
1585246932
1585076710
1584996101
1584951585
1584914701
1584777141
1584751028
1584745327
1584736393
1584691326
1584657705
1584657544
1584586360
1584577272
1584575814
1584486811
1584470133
1584244306
1584157907
1583861548
1583449797
1583424848
1583116309
1582925297
1582780631
1582583411
1582582706
1582513019
1582049494
1581916683
1581915583
1581394565
1581393342
1580015114
1579839861
1579634746
1579504130
1579286664
1579285295
1578185248
1577998088
1577950088
1577773634
1577765512
1576986435
1576858792
1576807463
1576631351
1576596858
1576195715
1576094236
1576020433
1575998815
1575766749
1575674570
1575671185
1574964660
1574930460
1574784420
1574783811
1574746670
1574745004
1573997098
1573951111
1573914548
1573431022
1573429559
1573429124
1573356244
1573257259
1573105079
1572988855
1572657246
1572656272
1572597464
1572540687
1572456985
1572453491
1572315154
1572120925
1571707280
1571707112
1571673577
1571432946
1568059915
1566782976
1566361710
1565026939
1555700933
1555290573
1555289944
1553909980
1553834591
1553287578
1553202546
1553159359
1553159283
1552162353
1549839207
1548399728
1547927335
1547227621
1544302005
1541628776
1540942330
1539984529
1539558118
1537419167
1535421582
1535003462
1534834271
1534793364
1534442035
1533954809
1533628302
1533314571
1533229761
1533103541
1533063184
1533050663
1532574388
1531517773
1531244827
1530460127
1530143078
1529946489
1529731958
1528763604
1528753832
1527627043
1527276082
1527276020
1526511956
1526329761
1525741587
1525646321
1525466730
1523271643
1523075558
1523070947
1522952531
1521307663
1521236319
1521234587
1521234505
1521234312
1520962940
1520618374
1520618199
1520533519
1520006768
1519503040
1519456811
1519111158
1519134883
1518909768
1518727947
1518865778
1518871782
1518659953
1518717866
1518545503
1516555064
1516401226
1516310489
1516229233
1516148758
1516005087
1516005021
1514528130
1514062990
1513922565
1513372972
1512600712
1512445207
1512335240
1512335141
1511670731
1511385393
1510512449
1509903279
1509866614
1509863959
1508872388
1508800425
1508782251
1508694520
1508523429
1508297245
1506829242
1506146654
1505855913
1505855626
1505855272
1505602531
1505489145
1505064548
1505015512
1504902308
1504855365
1504738506
1504626041
1504566379
1504489978
1504225744
1502928573
1502904567
1502657638
1502233548
1502139870
1500578092
1498269348
1496349523
1495662447
1495662100
1494566813
1494566760
1494101451
1493954810
1493926208
1492717398
1492361318
1492323118
1492127341
1491790947
1491758640
1491513144
1490570145
1490294104
1490293999
1490293833
1490127712
1489518045
1489517837
1489211641
1489161948
1489107903
1489107785
1488747128
1488657190
1488405564
1488381371
1488381362
1488225602
1487207204
1486163620
1486052691
1485995619
1485535820
1484275576
1484275482
1484251495
1484099650
1484091752
1483580150
1483568020
1482187044
1481768416
1480895008
1479856364
1479604658
1479513942
1479497246
1479356632
1479091830
1478619460
1478297083
1478204265
1478199989
1478199965
1478134613
1478132584
1478130193
1477690447
1477690107
1477688743
1476568434
1476120669
1475188358
1475188313
1475102702
1475028147
1474922087
1474154106
1474041186
1474041023
1473138715
1472896614
1472896453
1472572450
1472571780
1472197631
1472147693
1471911203
1471910852
1471807279
1471806648
1471585819
1471410949
1471409653
1471295049
1471295018
1471130368
1471047586
1470977434
1470964376
1470964193
1470504925
1470180822
1470164184
1469936867
1469936807
1469929012
1469824891
1469742977
1469742542
1468801408
1468692366
1468688529
1468616993
1468528550
1468371461
1468269560
1467910795
1467910726
1467910367
1466979772
1466879554
1466385472
1465659813
1465607304
1465607073
1465531027
1465522117
1464996828
1463939230
1460762132
1460595276
1460502262
1458888283
1458612859
1458425278
1458424954
1458247814
1457988992
1457985439
1457740092
1457679218
1457199274
1456876401
1456876191
1456620407
1456600855
1456528111
1456526005
1456525731
1456454218
1456453881
1455662814
1455662701
1455600697
1455145942
1454868505
1454795935
1454723549
1454681565
1454566770
1454433353
1454368674
1454311428
1454280985
1454280540
1454274685
1454180936
1454127753
1454041162
1454040461
1453945015
1453704954
1453419361
1453419143
1453345767
1453310591
1453310557
1453257768
1453257628
1453012807
1452981349
1452550323
1452362418
1452226139
1452132425
1451764801
1451764718
1451518022
1451517266
