1618267708
1617753352
1616894321
1616636733
1616459372
1616287779
1615670275
1615323869
1615078137
1614901653
1614631489
1614378888
1614292290
1613611202
1613165655
1612836150
1612570025
1611893218
1611460370
1610924717
1610915807
1610745984
1610658216
1610487349
1610233396
1609905949
1609547681
1609450060
1609378140
1609364705
1609121014
1608943338
1608677355
1608603161
1608425874
1608328012
1608153993
1608073177
1607730591
1607555334
1607484948
1607203133
1607187908
1607024962
1606948407
1606878359
1606783121
1606627220
1606444422
1606248728
1606100316
1606086215
1605997488
1605736623
1605399239
1604975755
1604804599
1604789218
1604705263
1604085570
1604009975
1603740586
1603320733
1603226767
1602651629
1602459033
1602201081
1601750845
1601575351
1601414586
1601149522
1600824486
1600297382
1600219161
1599960568
1599688767
1599606335
1599446191
1599429620
1599018975
1598727786
1598680348
1598649371
1598231696
1598216555
1598058929
1597617125
1597514722
1597353182
1597266377
1597103599
1596857187
1596736774
1596485372
1596253681
1596146465
1595896510
1595815840
1595723410
1595540516
1595461686
1595368345
1595291233
1595204434
1595201072
1595189195
1594675303
1594510558
1594259592
1594156141
1593976411
1593468908
1593400637
1593285766
1593199161
1593032118
1592948623
1592774281
1592622229
1592176187
1592166579
1592001058
1591920310
1591641192
1591501922
1591315290
1590463322
1590199733
1590004441
1589682662
1589496380
1589486571
1589154710
1589082005
1588814558
1588459956
1588308873
1588286528
1588112662
1587680867
1587325002
1587081621
1586907172
1586825231
1586808214
1586030688
1585705901
1585517526
1585438761
1585178856
1584926204
1584408047
1584327359
1584213960
1584051215
1583698554
1583626505
1583274382
1583172672
1583087839
1583001659
1582991818
1582856249
1582603332
1582501436
1582321264
1582151383
1582061451
1581991963
1581901878
1581811330
1581658963
1581623716
1581291250
1580603241
1580432707
1580089004
1579902756
1579219905
1578877979
1578345482
1578185666
1577918301
1577143993
1576717075
1576636444
1576544415
1576204794
1575242860
1574725296
1574124187
1573952889
1573244317
1572915206
1572644850
1571342822
1571002788
1570750822
1570410304
1569711259
1569107385
1569016335
1568761441
1568068832
1567294356
1566957937
1566333894
1566193247
1565920777
1565750952
1564969449
1564082537
1563847962
1563077411
1562290701
1560981966
1560730122
1560646275
1560302194
1560045365
1559607617
1556667648
1556490717
1555049066
1553385290
1553039383
1552785312
1552522348
1552520897
1552339887
1551989906
1550772939
1549927039
1549777902
1549495165
1548812164
1547414038
1546730863
1545521334
1545008412
1544738606
1543184558
1543013778
1542412876
1541556439
1539905147
1538954542
1538869100
1538172555
1537569404
1537305459
1537223170
1536704657
1536445380
1534890940
1534698966
1534455127
1534386139
1534128849
1533946531
1533751117
1532897082
1532891118
1532315164
1532045579
1531445044
1531344320
1531087945
1530734212
1530586251
1530223013
1528838108
1528573756
1528330634
1528243321
1527724718
1527465655
1526864273
1526172195
1526070902
1525909646
1525820020
1524087205
1523396408
1523313034
1523232783
1523226369
1523143523
1522877854
1522804265
1522709280
1522611226
1522528490
1522270982
1521928021
1521500997
1521227186
1521156764
1521073955
1520806347
1520731250
1520724508
1520629443
1520287929
1520215028
1520202911
1520202216
1520117847
1519947719
1519770770
1519769599
1519686768
1519602690
1519588037
1519434805
1519336524
1519251005
1519238152
1519139354
1519125478
1519103458
1519081452
1519039971
1518958336
1518954890
1518935564
1518918335
1518878276
1518709074
1518683319
1518665534
1518640176
1518637336
1518625575
1516491537
1516327698
1516326195
1516244858
1516233963
1516147800
1515975050
1515630348
1515369889
1515098932
1515091230
1515088567
1514855091
1514670835
1514406005
1514075700
1513998769
1513991093
1513821857
1513568032
1513453806
1513391805
1513385736
1513307251
1512960490
1512864293
1512510392
1512103233
1511918065
1511909278
1511742908
1511645920
1511401360
1511398843
1511395328
1511317016
1511313797
1511221679
1511139722
1511046743
1510797049
1510525085
1510279416
1510012693
1509838998
1509755157
1509568336
1509328198
1509238708
1509153749
1509050175
1508806490
1508794531
1508719221
1508718325
1508370491
1508305215
1508281711
1508280418
1508279099
1508008627
1507675095
1507078570
1507078263
1506886679
1506799252
1506382128
1506038365
1505942652
1505876458
1505862854
1505786463
1505780535
1505772384
1505694702
1505344964
1505259664
1505185900
1504993149
1504230604
1504137076
1504055895
1503889337
1503702419
1503452977
1503013984
1502674292
1502593350
1502408639
1502228341
1502071317
1501907487
1501547996
1501547071
1501364981
1501344830
1501216480
1501109249
1501029307
1500754327
1500588824
1500586735
1500504729
1500234183
1500151620
1499997948
1499992517
1499985102
1499580459
1499131062
1498777692
1498770638
1498601833
1498416650
1498090998
1498087565
1497907369
1497828710
1497576082
1497394066
1497232452
1497223996
1496974347
1496707047
1496621126
1496619180
1496520950
1496470142
1496349579
1496091689
1495494813
1495494372
1495415027
1495411231
1495308657
1495156627
1495155257
1495146276
1494716700
1494646692
1494551965
1494032479
1493574629
1493432250
1493421796
1493254151
1493247044
1492819398
1492815426
1492730743
1492730182
1492466575
1492382311
1492377369
1492295229
1492119254
1492058370
1491846525
1491690696
1491673003
1491606661
1491597279
1491464277
1491270165
1490926703
1490925435
1490923597
1490731264
1490579910
1490409707
1490320703
1490310547
1490222130
1489875769
1489870643
1489802519
1489782305
1489456551
1489360331
1489354518
1489354271
1489284261
1489274189
1489183548
1489179162
1489178093
1489026920
1488947479
1488946272
1488934436
1488683656
1488653124
1488595455
1488594202
1488341219
1488240064
1488158931
1488144375
1488085494
1488069288
1487959712
1487825321
1487741945
1487545457
1487542064
1487541677
1487131179
1487024878
1486938804
1486846008
1486697353
1486676799
1486324996
1486321374
1486320226
1486157065
1485550784
1485467953
1485460922
1485409270
1485304860
1485219685
1485122819
1484872850
1484872676
1484793793
1484781925
1484716415
1484598931
1484596335
1484548122
1484021379
1483571907
1483567186
1483503503
1483500209
1483499341
1483337547
1483307048
1482875690
1482640891
1482626688
1482559857
1481934903
1481774408
1481756073
1481754768
1481509197
1481400304
1481322011
1481249566
1481230511
1480970230
1480807935
1480739652
1480720848
1480467019
1480393608
1480044788
1480023818
1479970544
1479928462
1479583713
1479430106
1479339428
1479083620
1478839104
1478818575
1478661164
1478396250
1478305877
1478297852
1478125170
1478124940
1478117799
1478117677
1477892515
1477863464
1477699148
1477592623
1477526780
1477440409
1477440065
1477200163
1477185244
1477163570
1477163175
1477157253
1477089085
1476924610
1476479816
1476318110
1475787369
1475623359
1474933352
1474752499
1474605688
1474578966
1474131546
1474079377
1473916277
1472165342
1472079257
1472010779
1471985683
1471985135
1470002126
1469993028
