1618247667
1618065325
1617906467
1617828401
1617731950
1617562592
1617474968
1617149597
1617045578
1616878665
1616709326
1615490198
1614891417
1614835404
1614721817
1614628793
1614293387
1614195983
1614023571
1613332860
1613255832
1612809376
1612725526
1612646208
1612373448
1612122159
1611951729
1611854185
1611692187
1611520125
1611428855
1611263037
1610642461
1610476161
1610405556
1610310233
1610215323
1609860339
1609706492
1609265005
1609010161
1608828367
1608676570
1608418337
1607910292
1607705714
1607199352
1606419379
1606150747
1605463313
1604781534
1604438000
1604339862
1604263167
1603900573
1603468997
1603291979
1602780698
1602528036
1602255119
1602180033
1601654640
1601485665
1600874652
1600701176
1600609502
1600353097
1599999355
1599605199
1599508516
1599311324
1599228876
1598757663
1598561197
1598279634
1598230538
1598226568
1598212177
1598038526
1598033001
1597698239
1597681180
1597538740
1597171422
1596918011
1596903369
1596817649
1596565242
1596475192
1596393179
1596250321
1596051981
1595949749
1595873610
1595865260
1595603659
1595515050
1595269132
1595175038
1595083463
1594998725
1594912345
1594741943
1594678666
1594654417
1594569856
1594481457
1594397196
1594220557
1593874684
1593806966
1593788820
1593705246
1593613784
1593526932
1593441008
1593287573
1593197125
1592928876
1592855214
1592678541
1592409965
1592325508
1592167444
1592073252
1591987460
1591808127
1591721071
1591631775
1591464832
1590968700
1590940697
1590852769
1590771725
1590688670
1590594891
1590511812
1590422683
1590344120
1590250824
1590164622
1590027427
1589990864
1589908168
1589817679
1589732755
1589645527
1589561774
1589492515
1589472897
1589383568
1589300415
1589128173
1589035099
1588876082
1588780042
1588692794
1588608446
1588518062
1588457056
1588444683
1588255945
1588172434
1587995775
1587922346
1587762227
1587592632
1587498017
1587427821
1587405885
1587310007
1587048594
1586963613
1586799078
1586709204
1586623134
1586446197
1586362076
1586242193
1586108003
1586019709
1585934186
1585841556
1585754362
1585665937
1585583539
1585421059
1585371151
1585324434
1585152854
1584973785
1584893815
1584732823
1584644160
1584553311
1584471261
1584376927
1584292754
1584139926
1584053006
1583942391
1583853275
1583601705
1583520013
1583508758
1583425496
1583335883
1583263275
1583160621
1583078551
1583011177
1582988383
1582906376
1582811864
1582732382
1582651150
1582613779
1582480173
1582396620
1582304132
1582212844
1582150168
1582039161
1581992701
1581883291
1581803338
1581697323
1581457385
1581355389
1581306388
1581288781
1581201903
1581098436
1580915596
1580869110
1580832883
1580755712
1580672538
1580498061
1580408291
1580225216
1580169608
1580059247
1579997402
1579890367
1579811759
1579617519
1579388651
1579141506
1578795262
1578759881
1578430059
1578332731
1578246893
1578066285
1577898468
1577493145
1577135807
1575600490
1575216461
1574349341
1574282606
1574175153
1573884692
1573755183
1573713474
1573334315
1573172744
1573139774
1573091443
1573010358
1572822194
1572756414
1572703482
1572615098
1572508713
1572464619
1572395600
1572137121
1572097125
1571927637
1571606539
1571573833
1571417567
1571355039
1571320968
1571063448
1570928505
1570287010
1569692531
1569518293
1568825565
1568405965
1568384888
1568129689
1568064166
1567927790
1567638870
1566965771
1566792117
1566660950
1566443076
1566359970
1566346260
