1617721725
1616539293
1616524143
1616360096
1616293022
1615680083
1615572751
1614784407
1614291614
1613935692
1613759024
1613409431
1613321165
1613239108
1613101558
1612923948
1612846474
1612811295
1612301198
1612214435
1612062475
1612048313
1611368559
1611335928
1611005911
1610926070
1610819191
1610765561
1610388149
1610064020
1609894526
1609654673
1609570713
1609354066
1609265448
1609184467
1609055035
1609045787
1608773284
1608764060
1608682105
1607107486
1606595788
1606588549
1606533070
1606349081
1606269893
1606176358
1606167506
1606152306
1605986117
1605748855
1605574957
1605466092
1605400641
1605131673
1605061646
1604624497
1604343744
1604170190
1604100197
1603922340
1603916659
1603849404
1603563584
1603502027
1603217380
1603145067
1603128875
1603085905
1603052307
1602895806
1602874208
1601785894
1601619962
1601572405
1601427212
1601419123
1601331401
1601254727
1601241118
1601101755
1601068209
1600941191
1600897061
1600845398
1600763934
1600754005
1600285102
1600243032
1600221401
1600129143
1599969649
1599692903
1599435998
1599347774
1599186682
1598779542
1598646709
1598599954
1598495625
1598407249
1598397420
1598317765
1598159234
1598142693
1598111804
1598064333
1597969361
1597891702
1597805406
1597798151
1597547168
1597481394
1597263855
1597261670
1597016687
1596937893
1596850420
1596755031
1596740126
1596682701
1596591827
1596589410
1595936884
1595732090
1595639505
1595590283
1595572469
1595377253
1595313211
1595241269
1594806938
1594691991
1594622488
1594531507
1594363827
1594330702
1594321871
1594151614
1594076829
1593661660
1593464478
1593373256
1593305373
1593234251
1593134782
1592983450
1592874903
1592721349
1592628194
1592440176
1592292270
1592272397
1592186540
1592111240
1591742070
1591409417
1591330240
1591241558
1591145816
1591069172
1590885998
1590816768
1590642463
1590550068
1590462667
1590287646
1590100402
1589864953
1589856021
1589770396
1589668019
1589613683
1589598681
1589522646
1589427640
1589345700
1589236592
1589158532
1589058733
1588897770
1588819252
1588739406
1588668222
1588654845
1588625113
1588537721
1588378730
1572327237
