1617838518
1616787204
1616187999
1615820440
1614634751
1614186613
1613515417
1612709491
1612396867
1611788197
1611332879
1611260986
1610469664
1609270390
1608325939
1607970057
1607380520
1607128048
1606930702
1606751034
1606588236
1605821498
1605653787
1605626315
1605404481
1605140651
1605045561
1605035324
1604949959
1604857226
1604105081
1604090418
1603815683
1603215381
1602693196
1602265850
1602214599
1602187419
1602177542
1602002296
1601740740
1601652497
1601227626
1600367444
1600040169
1599665516
1599253507
1593010332
1591393530
1591327455
1591327375
1591119260
1590972629
1590891338
1587743826
1587478667
1587420001
1586208431
1585698019
1584261331
1583006553
1580751746
1579902387
1573323707
1572574960
