1617925189
1617250156
1616798751
1616435910
1616137415
1616097750
1615321897
1615094002
1615090346
1614239675
1614227123
1613890652
1613670298
1613459324
1612929002
1612837642
1612834888
1612249425
1612155627
1611903369
1611365225
1611282093
1610751245
1610321701
1610160804
1609997087
1609979335
1609904199
1609812845
1609748753
1609225209
1609214938
1609181835
1608942820
1608891035
1608860946
1608695710
1608340834
1608251492
1607733536
1607711193
1607552608
1607541235
1607315740
1607022015
1606787525
1606444667
1606431062
1606321092
1606254625
1606252288
1606161431
1605996985
1605818957
1605805557
1605556363
1605329498
1605315692
1605297694
1605068542
1604797634
1604717057
1604467936
1604032028
1603947715
1603606727
1603336530
1602914060
1602892079
1602820065
1602459597
1602456629
1602195615
1602031096
1601855274
1601254505
1601238007
1601171323
1601069472
1600905652
1600804727
1600455464
1600393046
1600374519
1600226200
1599957245
1599940367
1599703920
1599689529
1599178523
1598988594
1598753153
1598424226
1598397959
1598297410
1598215296
1597984599
1597984135
1597862185
1597861982
1597780448
1597722091
1597715225
1597711216
1597639717
1597548014
1597118813
1596935343
1596508147
1596393791
1596356010
1596256341
1596255747
1596233135
1596131755
1596062897
1595704086
1595460156
1595457626
1595453495
1595311838
1595124354
1595023623
1594920596
1594787126
1594691267
1594443954
1594434336
1594346320
1594185841
1594081949
1593639262
1593572055
1593558745
1593556384
1593475143
1593385117
1593213502
1593118808
1593111134
1593051358
1592952887
1592882567
1592877489
1592687416
1592521140
1592515862
1592453891
1592105088
1591928167
1591907398
1591828645
1591734942
1591052732
1590452754
1590361293
1590211951
1590101344
1590027154
1590026774
1590017613
1589939151
1589759388
1589681529
1589593090
1589403033
1589242287
1589231288
1589144185
1589142705
1589136318
1589050430
1588711840
1588301699
1588285123
1588235691
1588229548
1588228782
1588128807
1587958717
1587599790
1587541329
1587532042
1587276966
1587276055
1587171262
1587163088
1587086443
1587075631
1586993242
1586903030
1586753668
1586753586
1586751927
1586635394
1586487712
1586471640
1586230727
1586213094
1585615563
1585259953
1585176207
1585172926
1585015200
1584920467
1584835088
1584826781
1584774658
1584773484
1584593213
1584410059
1584409904
1584396122
1584151079
1584070156
1583781873
1583638148
1583539718
1583111462
1583109410
1582948766
1582947733
1582758059
1582748312
1582321554
1582192147
1582011641
1581564334
1581378952
1581225782
1581195823
1581104829
1580689038
1580596427
1580361126
1580360640
1580200573
1579488672
1579476567
1579407204
1578705232
1578432362
1578343025
1578187338
1578186488
1578185151
1577822804
1577590082
1577503045
1577393431
1577383679
1577212392
1577152818
1577151063
1576800755
1576648359
1576608960
1576607684
1576539709
1576538996
1576538631
1576521794
1576384904
1576379529
1576052211
1575776330
1575531458
1575531353
1575419737
1575319221
1575168727
1575162722
1575162483
1575153459
1574916808
