1611287516
1598059306
1591836541
1589594816
1586455170
1586221561
1586125332
1582591576
1581131949
1573102418
1566359369
1565221121
1563677493
1562621632
1560893092
1560652741
1560384873
1560229261
1559958825
1559788394
1559611732
1559514542
1559059258
1558815304
1558751209
1558484114
1558301724
1558145404
1558052741
1557810882
1557800710
1557593005
1557459162
1557289594
1557163308
1557031488
1556945116
1556589963
1556382531
1556155510
1556067628
1555886659
1555823531
1555725388
1555552209
1555387720
1555256968
1554953635
1554863730
1554570784
1554431901
1554349346
1553826973
1553634768
1553564818
1553473708
1553400515
1552413312
1552185099
1552079136
1551941844
1551577765
1551332745
1551328844
1550978491
1550974882
1550959705
1550890647
1550713131
1550381043
1550370842
1549938476
