1616594471
1616355927
1614966448
1614175753
1613141784
1611927791
1611386127
1610128038
1608411117
1608059455
1607281406
1606050604
1605453206
1605089179
1604759147
1604232391
1604131708
1604052158
1603881710
1603716925
1603642320
1603556516
1603438658
1603218062
1603189547
1602955932
1602694005
1602330057
1601823399
1601796625
1601314119
1601105804
1600954957
1600870681
1600861333
1600617097
1599915961
1599586890
1599295430
1599153884
1599046835
1598872625
1598704905
1597858369
1597666934
1597306237
1597168557
1596960511
1596741805
1596629834
1596360272
1595751690
1595695811
1595317020
1594570196
1594490878
1594367434
1594310590
1594197488
1594137219
1594039984
1593949986
1593814257
1593771175
1593680598
1593590160
1593525684
1593418788
1593352854
1593246017
1593189699
1593077006
1592994805
1592908487
1592817934
1592750938
1592668432
1592639997
1592591727
1592561004
