1617971373
1617580260
1617452969
1615603381
1614942774
1614517622
1613824091
1613645271
1612967001
1612703893
1612521606
1612246563
1611810447
1611153242
1610976415
1610626953
1610189726
1609942616
1609420745
1608821160
1608788540
1608648913
1608443560
1607752912
1607430058
1606741791
1606651101
1606481349
1606314601
1606134758
1605919399
1605919129
1605917291
1605425293
1604845242
1604760671
1604400242
1604118349
1603794048
1603275215
1602502017
1602420737
1602148176
1601690370
1601380334
1600948686
1600688690
1600599169
1600342209
1600001711
1599913393
1599827276
1599740865
1599481113
1599217704
1599051482
1598920013
1598698387
1598530089
1598189309
1598060906
1597905062
1597309759
1597242172
1596895995
1596720739
1596379165
1596192901
1595976282
1595769627
1595682610
1595543921
1595332543
1595248010
1595143485
1595077886
1594984890
1594551084
1594214241
1594034992
1593954445
1593697264
1593437707
1593223115
1593095275
1592588751
1592314702
1591798658
1591278947
1591182208
1590072688
1589934756
1589626915
1589461786
1588490302
1588244483
1588177181
1588075802
1587903539
1587730987
1587682249
1587300818
1587187000
1586966668
1586697335
1586177062
1585840449
1585668772
1585320344
1585018627
1584281374
1583755224
1583583861
1583064993
1582880780
1582632666
1582466664
1582374676
1582340448
1581949169
1581237556
1580913593
1580656250
1580387745
1580035867
1579783661
1579606438
1579354303
1578921775
1578791441
1578665264
1578489704
1578137626
1577804448
1577586392
1577453827
1577360251
1577193495
1577096532
1576931909
1576485961
1576296032
1576152236
1576119626
1575963110
1575729088
1575677880
1575474880
1575126876
1574866093
1574605905
1574602889
1574425706
1573961629
1573732663
1573465542
1573299070
1572949402
1572860450
1572774752
1572065906
1572049076
1571842679
1571734821
1571371370
1571235540
1571046136
1570546519
1570500630
1570429512
1570235441
1570193340
1570175687
1570060515
1569905830
1569826379
1569769463
1569631168
1569237897
1569033979
1568956781
1568811960
1568710860
1568511244
1568382350
1568262830
1567841347
1567510012
1567309529
1567297179
1567166259
1567092255
1566906739
1566740317
1566577937
1566390777
1566297964
1566000864
1565839701
1565401090
1565277518
1565083378
1564929734
1564728685
1564642817
1564588461
1564547781
1564283991
1564054237
1563961893
1563881104
1563789501
1563719376
1563623530
1563622948
1563514363
1563254122
1563185656
1563096958
1563068018
1563061793
1563023422
1563022813
