1618072234
1617927578
1617819285
1617730509
1617379416
1617320894
1617222319
1617144932
1617051713
1616959832
1616897955
1616804725
1616548698
1616465727
1616365675
1616117875
1616040170
1615919337
1615857374
1615783545
1615605325
1615332190
1615242829
1615054433
1615006551
1614913730
1614801477
1614550388
1614401852
1614216296
1614132291
1613960396
1613841421
1613773036
1613717318
1613629601
1613528685
1613370427
1613258710
1613104187
1613014497
1612925292
1612811700
1612721442
1612632565
1612497358
1612379461
1612240097
1612200300
1612150699
1612046726
1611960005
1611942141
1611888487
1611865917
1611776447
1611540649
1611472151
1611428739
1611378111
1611198799
1611176412
1611106582
1610999567
1610925937
1610856399
1610752226
1610681769
1610602961
1610503718
1610411846
1610082890
1609904542
1609800104
1609560047
1609479259
1609454854
1609303676
1609201422
1608961195
1608875962
1608792017
1608705153
1608694690
1608621132
1608528070
1608507113
1608438106
1608346989
1608267782
1608176247
1608089607
1608012016
1607737738
1607631628
1607568937
1607457729
1607396749
1607135322
1607049022
1606950802
1606788420
1606599554
1606454519
1606259053
1605834084
1605761281
1605662881
1605647039
1605580167
1605317293
1605225861
1605208999
1604978603
1604795344
1604701237
1604543447
1604375926
1604101214
1604011383
1603423796
1603129671
1602908485
1602790903
1602705715
1602703606
1602526938
1602356621
1602266030
1602102037
1601935060
1601773851
1601614067
1601497938
1601342374
1601094438
1600749402
1600395417
1600359888
1600042481
1599879031
1599865774
1599704059
1599500374
1599242120
1599094157
1598917772
1598724811
1598426845
1598421046
1598039227
1597989711
1597795516
1597469865
1597370942
1596924368
1596693464
1596519301
1596503890
1596258691
1596056758
1595977577
1595864270
1595780784
1595656787
1595620953
1595474896
1595188352
1595103029
1595053327
1595032913
1594953663
1594912806
1594740136
1594445241
1594274116
1594136614
1593966918
1593728336
1593630837
1593582441
1593560396
1593320999
1593153313
1592978117
1592868855
1592810991
1592717608
1592457655
1592375063
1592286192
1592198029
1592009165
1591593685
1590722654
1590640459
1590554995
1590469062
1590385479
1590296029
1590209921
1590122741
1590037038
1590002851
1589953544
1589865040
1589776578
1589689130
1589605289
1589521725
1589430919
1589400033
1589342614
1589257073
1589169472
1589086674
1588999817
1588913868
1588824134
1588737853
1588652591
1588564592
1588481687
1588392251
1588307194
1588221465
1588192999
1588134335
1588046573
1587959139
1587876530
1587790948
1587701411
1587615224
1587599951
1587529684
1587442945
1587357110
1587270393
1587183546
1587095348
1587009804
1586974666
1586922632
1586835883
1586750939
1586663688
1586576895
1586492457
1586404170
1586321341
1586233281
1586146302
1586057637
1585972405
1585882700
1585797726
1585710808
1585671168
1585627949
1585538003
1585452802
1585365066
1585281349
1585194847
1585164800
1585105853
1585074716
1585020614
1584933718
1584849198
1584800162
1584759022
1584675798
1584587906
1584495959
1584409402
1584325229
1584237038
1584129081
1583788483
1583270538
1583083610
1582392221
1582391495
1581969961
1581784441
1581710767
1581629237
1581024329
1580674912
1580331449
1580158671
1579815654
1579642194
1579459084
1578874057
1578523851
1578171753
1578006310
1576541809
1575931921
1575843915
1575669713
1575243166
1574719341
1574461741
1574112639
1573678509
1573511649
1573427467
1572476575
1571953289
1571593779
1571078458
1570818339
1570668104
