1618245197
1618103629
1617998924
1617919987
1617839800
1617632295
1617552524
1617465248
1617315984
1617240462
1617152742
1617107723
1617066152
1616976182
1616890761
1616807735
1616763945
1616718286
1616502945
1616329288
1616245424
1616158919
1616072754
1615997361
1615942609
1615898908
1615852459
1615818417
1615512519
1615434408
1612107573
1611654785
1611319218
1611156364
1611063668
1610966157
1610900141
1610722363
1610549591
1610470151
1608136264
1607876127
1606812382
1606792585
1606703785
1605693296
1605618731
1605523971
1605418585
1605344838
1605268038
1605191841
1605108769
1605055809
1605003470
1604933885
1604886446
1604813425
1604765260
1604715882
1604592906
1604488916
1604417823
1604326276
1603988374
1603902059
1603811918
1603725224
1603636088
1603525856
1603380298
1603124381
1603034432
1603023665
1602514722
1602427395
1602347882
1602259477
1602063426
1601994466
1601905990
1601826794
1601741576
1600877151
1599661909
1599579333
1599496829
1599237439
1598968145
1598887370
1598798007
1598715258
1598624139
1598542129
1598457321
1598357142
1598283260
1598192226
1598104835
1598019043
1597934827
1597845506
1597757282
1597674470
1597593711
1597368511
1597279986
1597251754
1597159091
1597074513
1596977193
1596899002
1596796314
1596734434
1596556308
1596468176
1596385806
1596204697
1596126729
1596036403
1595915927
1595869598
1595774397
1595696841
1595607857
1595486088
1595392376
1595320032
1595202612
1595122858
1595048358
1594954534
1594875101
1594742052
1594657099
1594569324
1594488601
1594302314
1594258006
1594226109
1594118213
1594088401
1594031121
1593964130
1593910967
1593878784
1593783728
1593753190
1593650862
1593623263
1593578183
1593527155
1593486354
1593406927
1593360010
1593320312
1593278562
1593278169
1593225226
1593191919
1593133025
1593100664
1593019437
1592929615
1592890425
1592844696
1592798208
1592743408
1592670026
1592618244
1592544494
1592521132
1592495723
1592454653
1592411169
1592362532
1592314798
1592239785
1592195926
1592150631
1592107724
1592062108
1592024908
1591977737
1591944888
1591890809
1591806759
1591758876
1591714445
1591671766
1591634944
1591591998
1591544421
1591458580
1591421237
1591366160
1591331723
1591271337
1591240791
1591203481
1591152770
1591115461
1591075895
1591030600
1590987516
1590935659
1590901955
1590850978
1590833147
1590765750
1590722085
1590679130
1590641819
1590576630
1590556396
1590507935
1590505812
1590462954
1590410364
1590390297
1590334168
1590292758
1590247916
1590211364
1590159485
1590119486
1590075829
1590043196
1590037665
1589989232
1589956434
1589902160
1589889748
1589880843
1589805108
1589795499
1589773662
1589771350
1589731049
1589728671
1589688164
1589644244
1589606161
1589600901
1589559076
1589513107
1589470999
1589453610
1589429422
1589383642
1589382446
1589343106
1589296684
1589295342
1589255714
1589254736
1589212854
1589209360
1589169313
1589124416
1589086459
1589040116
1589038889
1589006133
1588996378
1588955769
1588953018
1588952141
1588910645
1588908547
1588864246
1588863130
1588823806
1588821948
1588779506
1588778218
1588742040
1588741465
1588693252
1588691241
1588665432
1588650240
1588649469
1588606474
1588604549
1588603705
1588563585
1588560995
1588516885
1588514068
1588482329
1588481585
1588435096
1588433610
1588389046
1588387925
1588379449
1588339404
1588299802
1588299426
1588297421
1588264117
1588263455
1588262023
1588225205
1588224968
1588224546
1588174268
1588174044
1588172687
1588171211
1588044811
1588043578
1588043020
1588040571
1588039186
1588037762
1587967456
1587967070
1587966822
1587946634
1587889001
1587888523
1587888271
1587887304
1587799455
1587798579
1587798133
1587797641
1587635759
1587635328
1587634946
1587563598
1587559903
1587559667
1587554942
1587487900
1587487064
1587429861
1587429520
1587372432
1587369893
1587308848
1587308563
1587272532
1587271979
1587216823
1587210964
1587186117
1587183327
1587138863
1587138507
1587104958
1587100196
1587057536
1587055693
1586998563
1586997639
1586969410
1586965176
1586927360
1586927102
1586879453
1586878461
1586877306
1586855463
1586842375
1586841989
1586800905
1586799839
1586773564
1586772592
1586771664
1586769140
1586748328
1586737342
1586709490
1586709097
1586695002
1586694633
1586665105
1586661127
1586652822
1586650354
1586617703
1586611109
1586580478
1586577423
1586575176
1586537136
1586536313
1586520967
1586520000
1586508797
1586508246
1586483763
1586482501
1586479968
1586447745
1586445222
1586403251
1586402910
1586354462
1586351618
1586308110
1586306885
1586264969
1586263254
1586237336
1586236818
1586192358
1586191937
1586190325
1586099162
1586098734
1586049056
1586047510
1586015068
1586014095
1585979226
1585968154
1585924833
1585922416
1585882362
1585880692
1585833022
1585831375
1585747613
1585742080
1585673166
1585670841
1585631571
1585626144
1585584507
1585582834
1585549532
1585485088
1585484454
1585455269
1585454851
1585405066
1585404120
1585371671
1585366034
1585326502
1585325906
1585284484
1585245070
1585198479
1585197583
1585114034
1585113280
1585074271
1585022239
1584979554
1584978842
1584941874
1584940528
1584894250
1584869518
1584808671
1584807794
1584721132
1584719128
1584693960
1584641809
1584578221
1584535818
1584535053
1584492111
1584491629
1584461303
1584459934
1584359582
1584357837
1584294092
1584274255
1584245011
1584205552
1584197773
1584170311
1584140472
1584118602
1584072653
1584057511
1584015573
1584007860
1583988620
1583983676
1583972630
1583929202
1583906680
1583885772
1583862577
1583836690
1583776973
1583758929
1583730144
1583729379
1583690942
1583680152
1583660700
1583630397
1583630243
1583602640
1583602395
1583586689
1583546795
1583545698
1583515267
1583513806
1583491267
1583460281
1583459405
1583427071
1583426327
