1618256252
1618255234
1618254816
1618254252
1618169427
1618168766
1618160719
1618157736
1618149553
1618146775
1618087257
1618080015
1617994683
1617988177
1617987445
1617978434
1617974610
1617835123
1617834534
1617833251
1617832759
1617831730
1617814224
1617813462
1617806065
1617805661
1617805220
1617647842
1617625554
1617559918
1617558337
1617557321
1617557070
1617556715
1617556495
1617556004
1617555112
1617552360
1617552025
1617463272
1617462899
1617462438
1617457594
1617384915
1617378672
1617283722
1617281691
1617279350
1617278344
1617277956
1617221356
1617141959
1617140698
1617138059
1617091473
1616960489
1616860422
1616714093
1616713071
1616712598
1616712478
1616710015
1616603664
1616452142
1616450638
1616339148
1616338317
1616258868
1616197033
1616196377
1616195486
1616194611
1616189641
1616189425
1615837071
1615836716
1615753881
1615741723
1615741405
1615741041
1615678415
1615668319
1615664005
1615505911
1615486095
1615480676
1615417257
1615416086
1615414567
1615413690
1615338658
1615332539
1615331241
1615329796
1615329205
1615327891
1615321126
1615243631
1615232172
1615152299
1615151570
1615151426
1615150842
1615148791
1615145770
1615142723
1615136309
1615131652
1614984424
1614976284
1614964295
1614963574
1614961828
1614957929
1614956576
1614953494
1614868720
1614784173
1614718567
1614703294
1614633253
1614632753
1614631625
1614616109
1614540455
1614536257
1614532081
1614531085
1614530587
1614528215
1614527984
1614523355
1614371145
1614364012
1614360947
1614359822
1614358636
1614357696
1614347334
1614200766
1614197257
1614185114
1614119021
1614118245
1614117738
1614117440
1614116184
1614108082
1614029018
1614027305
1614025230
1614024481
1614016504
1613944115
1613940178
1613854950
1613853575
1613775070
1613774444
1613772832
1613770761
1613765547
1613756154
1613691656
1613688609
1613686104
1613685773
1613683883
1613597555
1613592301
1613588145
1613587329
1613586111
1613585587
1613503797
1613436367
1613436196
1613435690
1613422920
1613420425
1613243840
1613237595
1613237340
1613149206
1613077652
1613076809
1613069021
1613065127
1613062697
1612982490
1612976860
1612975552
1612968888
1612968028
1612901749
1612890412
1612886264
1612820293
1612816693
1612814438
1612811288
1612806095
1612733589
1612732258
1612732047
1612725044
1612722866
1612719669
1612716945
1612715918
1612549550
1612548593
1612545151
1612541143
1612540980
1612538081
1612462473
1612460525
1612457765
1612454300
1612390669
1612369210
1612363411
1612362474
1612286747
1612273839
1612272673
1612203396
1612198465
1612198034
1612197649
1612196546
1612196307
1612191717
1612131279
1612121237
1612118565
1612114969
1612108654
1612044242
1612042934
1612042824
1611866895
1611863768
1611863481
1611860768
1611786643
1611786373
1611786271
1611785161
1611784744
1611782934
1611781212
1611703661
1611703424
1611691613
1611681974
1611680435
1611678548
1611677252
1611515291
1611451438
1611446391
1611438183
1611427525
1611414855
1611338759
1611337700
1611332091
1611325893
1611263053
1611259973
1611252817
1611250528
1611178513
1611173690
1611159728
1611154076
1611092981
1611079989
1611079121
1611074790
1611066664
1611065256
1611015957
1611014424
1610998020
1610932789
1610931990
1610921767
1610908617
1610905429
1610899866
1610750809
1610742456
1610641684
1610634067
1610589893
1610572824
1610571074
1610502243
1610484338
1610474058
1610473196
1610406776
1610385564
1610374549
1610312686
1610303112
1610291900
1610210434
1610203606
1610198052
1610140587
1610139738
1610128486
1610043594
1610042293
1610040525
1610038500
1610035282
1609962071
1609955272
1609952384
1609952180
1609950422
1609894510
1609887683
1609876398
1609872575
1609869822
1609801737
1609777648
1609724986
1609710849
1609710163
1609637778
1609634382
1609615690
1609613580
1609609934
1609608664
1609452893
1609444047
1609441808
1609441283
1609433403
1609432884
1609429365
1609375862
1609368032
1609353773
1609350380
1609277576
1609261412
1609259239
1609251633
1609103961
1609103255
1609102143
1609009397
1609007610
1609003653
1608999324
1608998320
1608995335
1608994358
1608916665
1608911841
1608909162
1608907341
1608827822
1608825101
1608823819
1608819724
1608673205
1608664967
1608660677
1608654933
1608653455
1608588079
1608585424
1608583217
1608582404
1608561924
1608414738
1608413897
1608413190
1608408207
1608399279
1608394509
1608392948
1608248835
1608246531
1608239438
1608223683
1608155087
1608140834
1608070142
1608067552
1608066602
1608062839
1608060126
1607978949
1607976112
1607971082
1607967801
1607901159
1607898898
1607879708
1607875243
1607815426
1607814871
1607801559
1607721128
1607711964
1607711058
1607709848
1607708011
1607707043
1607622089
1607616171
1607463482
1607445151
1607441983
1607440022
1607375981
1607372068
1607363510
1607307974
1607296725
1607293003
1607289854
1607283949
1607282138
1607221892
1607219843
1607214864
1607209279
1607184047
1607179829
1607110234
1607109474
1607030076
1607025147
1607022193
1607013335
1606942305
1606938689
1606934932
1606924861
1606922989
1606854669
1606851493
1606847111
1606839782
1606771299
1606769755
1606765820
1606756894
1606754207
1606749915
1606686156
1606679877
1606674125
1606664924
1606662414
1606656627
1606583034
1606576878
1606574042
1606512771
1606499426
1606494669
1606491049
1606429192
1606421558
1606418902
1606415995
1606339589
1606338797
1606337134
1606332776
1606329923
1606249618
1606246880
1606246461
1606243386
1606235612
1606227514
1606075419
1606073327
1606072632
1606071368
1606068126
1605988066
1605983625
1605975525
1605972943
1605970474
1605901044
1605887057
1605817898
1605810454
1605806298
1605803121
1605801140
1605732879
1605732187
1605731752
1605727558
1605712181
1605711051
1605709103
1605634577
1605623602
1605560355
1605556987
1605553971
1605467370
1605466289
1605463739
1605462953
1605459335
1605456914
1605383516
1605381030
1605288343
1605284766
1605282776
1605280892
1605277748
1605111348
1605109362
1605047675
1605035059
1605028334
1604948041
1604943386
1604855668
1604847366
1604846454
1604845415
1604844711
1604843796
1604783977
1604780549
1604779808
1604772820
1604769953
1604693766
1604692749
1604692065
1604689924
1604686492
1604685542
1604606761
1604605990
1604604422
1604520994
1604520202
1604518233
1604517523
1604512913
1604506129
1604443276
1604441526
1604430820
1604428308
1604427716
1604341946
1604340202
1604337577
1604335059
1604328011
1604263907
1604263260
1604249794
1604246041
1604245295
1604236649
1604164896
1604163817
1604160944
1604159940
1604146746
1604080012
1604078700
1604076996
1604073981
1604073755
1604067685
1604063592
1604000128
1603994100
1603989504
1603987760
1603986334
1603985267
1603921422
1603918875
1603910323
1603909808
1603908104
1603902630
1603896211
1603837042
1603832928
1603816383
1603815337
1603811743
1603741795
1603732955
1603728600
1603726138
1603719526
1603661833
1603657744
1603650855
1603645793
1603562623
1603561395
1603558232
1603549060
1603546700
1603541796
1603486365
1603482716
1603480514
1603464766
1603398540
1603395441
1603388601
1603386296
1603381278
1603377923
1603302801
1603301447
1603299607
1603297697
1603296021
1603289475
1603230116
1603222936
1603216586
1603216140
1603215037
1603212388
1603128673
1603127851
1603127038
1603125756
1603122316
1603117894
1603049015
1603048723
1603037470
1603036267
1603033776
1603031535
1603026811
1602971794
1602944110
1602942995
1602941619
1602870680
1602859835
1602851436
1602796335
1602794668
1602794341
1602790120
1602787093
1602785080
1602783455
1602704663
1602698993
1602696908
1602692656
1602691264
1602687797
1602616080
1602614752
1602607341
1602606558
1602604662
1602585458
1602531741
1602528911
1602527964
1602526720
1602525046
1602510387
1602508083
1602443051
1602441174
1602438514
1602435501
1602432747
1602425479
1602358463
1602355030
1602353192
1602344750
1602342313
1602333158
1602267650
1602266100
1602264085
1602259026
1602257596
1602256022
1602191628
1602172988
1602171068
1602166831
1602107229
1602097381
1602081515
1602011193
1602008976
1602006908
1602005837
1601998693
1601997285
1601993761
1601988113
1601938365
1601920500
1601916352
1601912529
1601910732
1601906935
1601837313
1601837192
1601835664
1601834589
1601832767
1601751234
1601746384
1601744631
1601743831
1601740094
1601739599
1601737822
1601730480
1601666216
1601664328
1601661455
1601660332
1601659582
1601582154
1601575010
1601572888
1601569900
1601490427
1601489739
1601486284
1601485877
1601483645
1601480778
1601479376
1601459345
1601403383
1601402568
1601402027
1601399095
1601393647
1601393229
1601392111
1601338753
1601314349
1601308264
1601306980
1601304383
1601302163
1601298476
1601224948
1601220379
1601218514
1601216143
1601213848
1601212375
1601211830
1601153704
1601145440
1601135286
1601132492
1601129831
1601059020
1601058391
1601046030
1601039271
1601034744
1600975522
1600972573
1600952094
1600946117
1600897014
1600896806
1600884844
1600872088
1600869832
1600860744
1600788872
1600780846
1600779838
1600778718
1600778040
1600776022
1600721614
1600720303
1600717878
1600709883
1600709250
1600694356
1600690264
1600690095
1600631317
1600627213
1600620190
1600613055
1600611415
1600604129
1600544003
1600541687
1600540158
1600537905
1600525800
1600523557
1600464784
1600450714
1600450020
1600449279
1600449044
1600448433
1600373188
1600364901
1600358668
1600347228
1600346791
1600346577
1600268318
1600266565
1600264767
1600263933
1600261725
1600254925
1600193149
1600192766
1600190856
1600187612
1600184424
1600179720
1600176792
1600113489
1600105706
1600098598
1600032993
1600029936
1600018153
1600014168
1600012211
1600007537
1600000704
1599943996
1599938774
1599936132
1599928671
1599925666
1599916981
1599907307
1599849700
1599849334
1599841607
1599835730
1599834473
1599831078
1599829463
1599826670
1599768992
1599761337
1599752230
1599746425
1599733567
1599682267
1599678026
1599670101
1599667506
1599667356
1599662906
1599661776
1599657748
1599601366
1599597382
1599596859
1599596231
1599593424
1599581735
1599572997
1599511671
1599497988
1599497202
1599493542
1599488178
1599483969
1599481871
1599440739
1599430338
1599422696
1599417074
1599416072
1599406054
1599404424
1599341633
1599341161
1599331015
1599329415
1599319547
1599318435
1599316690
1599314549
1599271125
1599253524
1599244221
1599233840
1599232314
1599162076
1599160873
1599153038
1599146655
1599141307
1599137389
1599081160
1599076961
1599072746
1599069414
1599066379
1599066272
1599064179
1598999301
1598986896
1598975654
1598972864
1598957381
1598916031
1598844525
1598828265
1598827198
1598824717
1598824479
1598814791
1598807656
1598746665
1598744948
1598729483
1598726565
1598725914
1598657524
1598656359
1598652881
1598650271
1598649934
1598648936
1598640055
1598635619
1598631855
1598579681
1598565618
1598553881
1598553422
1598550835
1598547209
1598482519
1598481088
1598478170
1598472348
1598470456
1598469816
1598380235
1598380123
1598378785
1598378040
1598377962
1598376071
1598320388
1598317651
1598315577
1598311002
1598308435
1598235131
1598222843
1598215393
1598214386
1598213280
1598210472
1598209401
1598206488
1598139955
1598131204
1598124455
1598122989
1598043438
1598043048
1598040120
1598038300
1598035092
1597965720
1597962359
1597951695
1597950606
1597950397
1597950195
1597947356
1597890856
1597875791
1597872196
1597860525
1597855164
1597854294
1597851563
1597850311
1597782732
1597776933
1597775247
1597774739
1597774697
1597774259
1597773944
1597708244
1597706630
1597698959
1597694547
1597692378
1597690637
1597688152
1597687485
1597629045
1597620126
1597596228
1597595928
1597595255
1597592817
1597590588
1597532340
1597531503
1597530942
1597529212
1597521083
1597520714
1597517191
1597516507
1597516245
1597451383
1597440303
1597439943
1597438830
1597437489
1597429956
1597428370
1597427915
1597358143
1597351908
1597350284
1597349574
1597345075
1597343615
1597280185
1597276572
1597260481
1597259582
1597257450
1597257147
1597187712
1597185086
1597182847
1597180744
1597171323
1597160597
1597103678
1597103453
1597098370
1597094952
1597084047
1597076536
1597075853
1597023675
1597023296
1597017301
1597010658
1597006749
1597004331
1596999300
1596997276
1596990877
1596986842
1596925906
1596918372
1596916768
1596910496
1596909651
1596908012
1596842754
1596835551
1596830879
1596824027
1596823249
1596821330
1596757156
1596756381
1596754055
1596748460
1596742704
1596732661
1596726193
1596674584
1596674498
1596663108
1596662646
1596646193
1596579332
1596574600
1596565357
1596564711
1596563483
1596562135
1596560346
1596556339
1596494201
1596493199
1596491469
1596489954
1596479678
1596476489
1596472864
1596417999
1596412862
1596411596
1596410580
1596407898
1596398931
1596392670
1596326267
1596318731
1596315309
1596309438
1596308918
1596308136
1596306108
1596230708
1596230223
1596227975
1596226910
1596226129
1596224947
1596221410
1596219930
1596156767
1596150286
1596148145
1596144836
1596143055
1596136110
1596129166
1596123239
1596068645
1596068121
1596063930
1596062708
1596062446
1596057241
1596054782
1596048253
1595981820
1595980149
1595977362
1595975193
1595966180
1595960255
1595900918
1595900617
1595897891
1595878777
1595878337
1595871273
1595867545
1595863436
1595809746
1595804917
1595804479
1595798426
1595790816
1595724234
1595721155
1595717883
1595717774
1595703037
1595696638
1595638722
1595620669
1595609676
1595604794
1595549417
1595546076
1595541396
1595538023
1595537381
1595536701
1595535279
1595526621
1595518873
1595459522
1595457400
1595456415
1595455545
1595455129
1595451438
1595444654
1595437349
1595432475
1595378854
1595378280
1595375905
1595362565
1595357920
1595354350
1595351192
1595348049
1595292324
1595288401
1595285429
1595284373
1595283762
1595281175
1595273208
1595270956
1595263987
1595260408
1595200688
1595199470
1595194385
1595193283
1595190888
1595188942
1595186623
1595183826
1595175873
1595114992
1595113453
1595108034
1595105820
1595104485
1595101208
1595099077
1595096941
1595092249
1595033191
1595032468
1595026164
1595019812
1595014930
1594948491
1594943014
1594938022
1594936292
1594933610
1594929208
1594925287
1594921914
1594859253
1594850957
1594845593
1594831332
1594826847
1594772739
1594765780
1594761599
1594759913
1594759345
1594754012
1594750054
1594687000
1594681640
1594679105
1594678840
1594675195
1594673725
1594668028
1594661869
1594595941
1594594814
1594592114
1594584813
1594581058
1594578512
1594577445
1594571536
1594512631
1594510625
1594493664
1594493179
1594490224
1594435558
1594431001
1594429612
1594415896
1594414364
1594408011
1594405158
1594393708
1594340006
1594330938
1594329781
1594326041
1594325189
1594322710
1594314022
1594309151
1594259384
1594253979
1594252066
1594243390
1594239539
1594222862
1594166826
1594163004
1594161127
1594157845
1594154381
1594143643
1594139301
1594133762
1594077427
1594071619
1594067157
1594060385
1594058550
1594057274
1594053335
1594049232
1593989808
1593985648
1593977869
1593974636
1593963552
1593908546
1593907635
1593903010
1593897639
1593888416
1593879754
1593828423
1593824474
1593820584
1593817238
1593812546
1593805580
1593795194
1593726539
1593719207
1593717769
1593712791
1593708433
1593646159
1593641100
1593630223
1593623161
1593616999
1593556538
1593553522
1593544458
1593542298
1593492881
1593464782
1593458223
1593454530
1593450026
1593445591
1593386247
1593383134
1593378006
1593374230
1593362460
1593295860
1593292690
1593287403
1593281663
1593276387
1593205985
1593199571
1593196728
1593192518
1593133120
1593126266
1593114130
1593105691
1593104222
1593036718
1593028348
1593018624
1593018350
1592957670
1592950941
1592943350
1592936956
1592932720
1592867779
1592857990
1592853766
1592853543
1592847650
1592782505
1592779935
1592765551
1592759175
1592693698
1592691161
1592687049
1592681766
1592676365
1592672602
1592619399
1592613192
1592600669
1592591936
1592583847
1592527063
1592522525
1592515169
1592510056
1592506605
1592442641
1592439588
1592435369
1592424248
1592414899
1592350465
1592334673
1592327683
1592325520
1592265643
1592264038
1592249767
1592177872
1592169243
1592165910
1592086609
1592085043
1592074569
1592068935
1592012648
1591995956
1591986655
1591981085
1591923112
1591919077
1591911700
1591903256
1591898114
1591835895
1591835357
1591822037
1591816319
1591803440
1591738286
1591738146
1591731369
1591666736
1591653266
1591638730
1591636113
1591571296
1591566822
1591552134
1591544655
1591536676
1591481878
1591474073
1591469694
1591459099
1591403941
1591392869
1591386180
1591383735
1591370085
1591313644
1591308448
1591301517
1591297146
1591289724
1591221861
1591212450
1591210133
1591206360
1591203797
1591147352
1591142335
1591135713
1591123846
1591119346
1591061507
1591045332
1591039784
1591026205
1591025574
1590967857
1590966765
1590965306
1590952115
1590950590
1590879951
1590869731
1590864356
1590859666
1590800337
1590781571
1590775759
1590773947
1590767801
1590713885
1590709055
1590703946
1590688651
1590683271
1590629823
1590611875
1590604761
1590600244
1590594633
1590536108
1590530041
1590525766
1590516649
1590513941
1590509962
1590449476
1590443834
1590438367
1590431022
1590427446
1590365679
1590360188
1590355191
1590353041
1590348498
1590280542
1590277826
1590273821
1590259779
1590252853
1590188154
1590185159
1590180109
1590172975
1590169087
1590165355
1590109220
1590096174
1590092878
1590082877
1590078022
1590076945
1590017571
1590011681
1590005287
1590001038
1589997838
1589926347
1589923593
1589911367
1589907710
1589903917
1589850763
1589839609
1589827957
1589823755
1589766295
1589759700
1589748097
1589740946
1589736427
1589671753
1589670930
1589664593
1589661830
1589647575
1589587539
1589579213
1589577191
1589569072
1589562515
1589499283
1589495809
1589485636
1589480557
1589476380
1589421064
1589418589
1589418368
1589417493
1589404899
1589397482
1589327018
1589318138
1589311394
1589305472
1589248022
1589244258
1589242966
1589241466
1589239823
1589223968
1589162722
1589151999
1589139021
1589134310
1589126563
1589072663
1589057699
1589048635
1589044099
1588986017
1588985391
1588979866
1588962480
1588961510
1588902247
1588897803
1588895273
1588893407
1588883679
1588876409
1588871632
1588813360
1588809044
1588799346
1588791469
1588787722
1588781485
1588730739
1588730386
1588729044
1588721567
1588710651
1588700802
1588636796
1588634837
1588622185
1588610229
1588556921
1588552299
1588543885
1588538591
1588522589
1588468952
1588458160
1588454557
1588442285
1588438564
1588437515
1588435685
1588377262
1588373555
1588363943
1588359906
1588356169
1588294882
1588290670
1588283879
1588275241
1588270782
1588214308
1588193345
1588187084
1588183246
1588177940
1588175104
1588126516
1588124268
1588106833
1588103197
1588038353
1588037471
1588034325
1588018233
1588008723
1588004289
1587947206
1587932065
1587926170
1587924655
1587868818
1587838365
1587834183
1587775349
1587770785
1587759048
1587756907
1587755561
1587695977
1587672558
1587670939
1587668417
1587610030
1587604763
1587601818
1587591056
1587576625
1587571380
1587522860
1587513408
1587498205
1587489728
1587486137
1587482823
1587411247
1587410032
1587409470
1587349545
1587337783
1587326287
1587324641
1587320230
1587312137
1587260461
1587252210
1587241683
1587236849
1587233185
1587229511
1587171023
1587166435
1587152729
1587148487
1587083010
1587081478
1587078256
1587058154
1586996934
1586984246
1586979487
1586971529
1586913152
1586911017
1586897094
1586888731
1586831659
1586818079
1586815967
1586793682
1586791362
1586740100
1586736468
1586735445
1586715454
1586656607
1586655622
1586632142
1586567890
1586564685
1586553504
1586475714
1586472809
1586454106
1586450297
1586387226
1586374981
1586369178
1586299436
1586287829
1586286009
1586196054
1586191575
1586135430
1586130925
1586125392
1586016054
1586014258
1585938773
1585929803
1585926534
1585852714
1585852449
1585849774
1585849236
1585773461
1585768209
1585759353
1585756505
1585755780
1585695150
1585684141
1585662208
1585619906
1585598486
1585579908
1585579580
1585507422
1585501286
1585498666
1585496922
1585457546
1585423381
1585335952
1585326217
1585325622
1585324506
1585248781
1585237760
1585158839
1585147087
1585146193
1585071614
1584994908
1584959292
1584958519
1584897806
1584886156
1584807020
1584746659
1584723056
1584700585
1584650182
1584639834
1584639374
1584487068
1584472390
1584461218
1584268317
1584199383
1584193568
1584192880
1584130917
1584127137
1584105037
1584035860
1584033805
1583959766
1583949254
1583859309
1583846649
1583774647
1583767704
1583765571
1583763270
1583695195
1583677083
1583584869
1583583645
1583520897
1583425336
1583420324
1583416904
1583351979
1583333463
1583250198
1583246218
1583244288
1583166239
1583086175
1583068267
1582996599
1582992633
1582914843
1582908673
1582818659
1582738927
1582726270
1582656499
1582556779
1582473865
1582462104
1582452888
1582403160
1582375721
1582372300
1582319968
1582299625
1582222022
1582129954
1582123133
1582121219
1581949163
1581948144
1581697798
1581690287
1581532943
1581520593
1581344996
1581269274
1581240810
1581154358
1581021392
1581007414
1580999480
1580825607
1580758089
1580736031
1580556460
1580489329
1580406823
1580315847
1580239253
1580063661
1580043377
1579957996
1579792811
1579791250
1579711574
1579702463
1579543143
1579451634
1579433906
1579424504
1579348348
1579344236
1579271286
1579268864
1579189690
1579185918
1578930359
1578838740
1578834111
1578767874
1578749832
1578739188
1578496399
1578492270
1578324481
1578235133
1578234356
1578229604
1578159211
1577992712
1577989902
1577988335
1577980798
1577888357
1577884385
1577803779
1577634392
1577633607
1577632446
1577558184
1577213117
1577200446
1577195533
1577074716
1577027985
1576939728
1576934053
1576856319
1576774297
1576764212
1576699528
1576678508
1576597028
1576506076
1576424224
1576351766
1576333398
1576322641
1576087103
1575998999
1575903722
1575814394
1575649139
1575556500
1575489054
1575468661
1575312391
1575199236
1575045474
1574961010
1574959266
1574955335
1574885636
1574863330
1574779436
1574695642
1574691341
1574607968
1574535479
1574438620
1574433810
1574353500
1574345501
1574274740
1574177584
1574172370
1574095936
1574090512
1574004772
1573999819
1573846367
1573831516
1573829095
1573756749
1573742590
1573740988
1573658455
1573654782
1573590840
1573589678
1573570023
1573523817
1573491127
1573479928
1573327828
1573312603
1573223446
1573149230
1573146456
1573052682
1573046837
1572969861
1572968360
1572895863
1572830578
1572700105
1572608601
1572530317
1572466290
1572439696
1572359654
1572354046
1572207191
1572185186
1572178247
1572104950
1572096284
1572020012
1572006246
1571942678
1571930175
1571927972
1571910315
1571860748
1571860205
1571847319
1571841686
1571840584
1571750284
1571744586
1571682320
1571671147
1571663182
1571599881
1571578393
1571577643
1571327107
1571250960
1571236586
1571234510
1571161495
1571154909
1571086280
1571078045
1571067913
1571060689
1570990568
1570988846
1570907913
1570905742
1570888906
1570886042
1570727977
1570716308
1570617319
1570556068
1570545569
1570487026
1570464692
1570363403
1570298121
1570202903
1570115070
1570108535
1570022186
1569940362
1569863570
1569855945
1569782064
1569694776
1569595257
1569416161
1569412212
1569145232
1569001252
1568999416
1568909502
1568896657
1568741764
1568731104
1568539714
1568534459
1568301852
1568121931
1568020986
1567933070
1567878534
1567850898
1567789986
1567703606
1567698594
1567618658
1567600506
1567450340
1567449343
1567442076
1567356077
1567344759
1567285142
1567247191
1567244302
1567190284
1567161067
1567157714
1567149977
1567084516
1567062911
1567005506
1566824230
1566776145
1566746982
1566733360
1566696930
1566675882
1566321485
1566320889
