1618241455
1618145535
1618050479
1617963201
1617876773
1617708171
1617614362
1617523483
1617518324
1617512757
1617453036
1617116734
1617105056
1617014562
1616936081
1616844257
1616752528
1616591579
1616576562
1616410169
1616321436
1616250584
1616067497
1615991011
1615630422
1615607232
1615556485
1615370008
1615358733
1615206616
1614834415
1614693408
1614529063
1614401269
1614260233
1614254923
1613813323
1613734259
1613703478
1613627233
1613454076
1613384177
1613282491
1613280133
1613045923
1612853621
1612773745
1612684220
1612437178
1612427364
1612412167
1612276127
1612176846
1612082248
1612009281
1611981860
1611923655
1611832005
1611809578
1611809117
1611664882
1611500782
1611376597
1611322852
1611318963
1611310613
1611290583
1611138506
1611035737
1610969207
1610945145
1610882246
1610874718
1610852886
1610791018
1610709349
1610695392
1610617570
1610556073
1610546769
1610429749
1610356544
1610277142
1610185878
1610099979
1610086262
1609925658
1609848564
1609765984
1609681152
1609502244
1609421403
1609328480
1609243088
1609151120
1609087244
1608997394
1608962177
1608894967
1608863729
1608726877
1608635119
1608473671
1608377646
1608313411
1608300499
1608203436
1608136152
1608042883
1607862794
1607603790
1607516302
1607423960
1607348083
1607329425
1607239526
1607168011
1606978639
1606901807
1606835359
1606740469
1606562608
1606388629
1606307838
1606294855
1606054812
1605962474
1605776512
1605713280
1605518910
1605355322
1605273497
1605091928
1605016157
1604760045
1604668407
1604573128
1604484389
1604402432
1604330374
1603900002
1603797647
1603627066
1603539431
1603292592
1602935647
1602849380
1602771275
1602501160
1602332123
1602240838
1602152768
1602067625
1601903485
1601811524
1601735943
1601726732
1601559584
1601379773
1601300286
1601204020
1601044124
1600950363
1600944365
1600859561
1600703755
1600614641
1600511645
1600337171
1600262237
1600167094
1600081976
1599994525
1599903254
1599819313
1599738240
1599559923
1599474154
1599307618
1599215317
1599129463
1599042610
1598962848
1598868160
1598783302
1598695389
1598609590
1598522985
1598454664
1598438713
1598005193
1597915102
1597835423
1597827866
1597759435
1597656823
1597566270
1597482415
1597414086
1597319002
1597132628
1597047076
1596960465
1596887631
1596713947
1596632252
1596540125
1596446113
1596366869
1596280454
1596194121
1596104400
1596005970
1595834626
1595426089
1595325806
1595254733
1595160968
1595068032
1594991791
1594896468
1594824610
1594739208
1594620509
1594306934
1594123376
1594037678
1593942444
1593853105
1593773170
1593701700
1593687299
1593516067
1593425194
1593339656
1593258642
1593182105
1593046258
1592986411
1592902216
1592820259
1592727703
1592637988
1592626448
1592398317
1592312428
1592208463
1592127540
1592027451
1591947018
1591781071
1591705743
1591615938
1591533105
1591439136
1591354372
1591275464
1591192293
1591091910
1591018899
1590963025
1590921375
1590840772
1590773131
1590751639
1590665371
1590592491
1590492648
1590416755
1590335152
1590250270
1590233616
1590154195
1590150081
1590073079
1590058514
1589970223
1589965248
1589883448
1589818127
1589633496
1589475392
1589456129
1589375788
1589279580
1589120372
1589033511
1588944131
1588818101
1588684452
1588599960
1588528684
1588510968
1588429482
1588348538
1588261332
1588168703
1588077570
1587978225
1587874076
1587731605
1587656978
1587644509
1587557033
1587384166
1587298945
1587207271
1587132530
1587112384
1587039395
1586951546
1586854809
1586768672
1586698202
1586608941
1586526950
1586444325
1586355661
1586266233
1586169760
1586151178
1586004376
1585912561
1585801416
1585651598
1585569198
1585485557
1585369611
1585316400
1585300722
1585214402
1585149309
1585133044
1585029071
1584896431
1584866668
1584628131
1584550299
1584540192
1584452938
1584354379
1584280928
1584174017
1584023216
1583939491
1583842006
1583838766
1583672988
1583667087
1583558606
1583324997
1583218750
1583069718
1583049377
1582978017
1582881105
1582786094
1582714608
1582616820
1582353182
1582108579
1582038968
1581947362
1581783754
1581762608
1581755404
1581705010
1581697118
1581667066
1581427622
1581252636
1581140587
1581097590
1580897168
1580892801
1580660217
1580639026
1580559758
1580399104
1580123444
1580059612
1579928180
1579690851
1579615055
1579529438
1579445726
1579439565
1579370051
1579350255
1579104478
1578899654
1578798568
1578733638
1578563856
1578482137
1578049727
1577965603
1577611995
1577191558
1577174636
1576769646
1576675247
1576149658
1575987742
1575535650
1575270462
1575189284
1575030662
1574668503
1574580331
1574346143
1574136519
1574052425
1573909708
1573737453
1573575657
1573486735
1573306512
1573045711
1572916138
1572800336
1572783581
1572761053
1572684973
1572613109
1572601230
1467863032
1460371683
