1618272813
1618250737
1618190189
1618121978
1618008955
1617994137
1617912388
1617838660
1617828490
1617748587
1617577031
1617562969
1617512637
1617486830
1617409131
1617335546
1617333505
1617304207
1617251966
1617143259
1617128573
1617066559
1617044529
1616980242
1616975548
1616959431
1616894168
1616874426
1616793334
1616778207
1616728508
1616721567
1616632671
1616615721
1616556612
1616540502
1616466400
1616454326
1616436992
1616358150
1616284649
1616265939
1616181265
1616179764
1616117426
1616098103
1616059049
1615926319
1615918936
1615851910
1615834586
1615772671
1615754083
1615744856
1615692142
1615685403
1615665280
1615596901
1615583331
1615502620
1615495099
1615445239
1615411426
1615332555
1615323374
1615276039
1615274494
1615264263
1615176657
1615147672
1615092303
1615002367
1614993836
1614922057
1614906522
1614889729
1614819749
1614795522
1614739103
1614717836
1614645673
1614631866
1614563917
1614500222
1614488097
1614485269
1614468133
1614402473
1614380561
1614368265
1614302134
1614284007
1614278361
1614225697
1614217832
1614194534
1614132835
1614115393
1614043196
1614035208
1614020196
1613962686
1613937760
1613795911
1613681359
1613673307
1613615798
1613516768
1613443019
1613352279
1613333817
1613327620
1613256707
1613185785
1613173103
1613084870
1613066544
1613010091
1612993022
1612919186
1612900050
1612835802
1612824197
1612810877
1612721299
1612676127
1612659213
1612646868
1612586331
1612575388
1612550359
1612494518
1612486034
1612472242
1612401859
1612396516
1612375678
1612323635
1612243742
1612219884
1612141305
1612126220
1612064858
1612052796
1611973549
1611954722
1611884146
1611871615
1611799980
1611789683
1611715332
1611702778
1611689235
1611632682
1611625678
1611611300
1611602692
1611543735
1611520772
1611452114
1611376407
1611355879
1611260640
1611195044
1611184032
1611107534
1611024593
1610999415
1610933724
1610925173
1610913652
1610847358
1610830408
1610768452
1610739874
1610691339
1610661430
1610598101
1610587957
1610509400
1610413355
1610391804
1610327333
1610313354
1610228988
1610162398
1610151200
1610137795
1610081315
1610065580
1610049619
1609981621
1609960878
1609903661
1609880502
1609777982
1609717680
1609607547
1609549259
1609518292
1609461739
1609431706
1609370533
1609344502
1609285565
1609260115
1609169613
1609094047
1609028228
1609009494
1608952888
1608930185
1608918030
1608880050
1608859829
1608841767
1608780652
1608775316
1608762304
1608757939
1608688813
1608672654
1608666910
1608596875
1608589223
1608434684
1608409804
1608340080
1608321688
1608316330
1608264373
1608256411
1608235880
1608189894
1608099172
1608075679
1607991860
1607983664
1607969795
1607912144
1607823050
1607810491
1607745974
1607728859
1607708388
1607670913
1607572055
1607483146
1607473358
1607460698
1607389842
1607382423
1607372832
1607320917
1607314825
1607288662
1607236570
1607211582
1607200682
1607139421
1607121962
1607055715
1607047247
1607035348
1606941994
1606875993
1606856001
1606785125
1606765361
1606706632
1606694269
1606681266
1606671866
1606612339
1606604950
1606593436
1606525168
1606511706
1606499875
1606466455
1606440519
1606421516
1606412712
1606372005
1606354091
1606337269
1606274056
1606261506
1606251890
1606191066
1606181549
1606170874
1606116940
1606101146
1606080811
1606011681
1606006613
1605990000
1605916560
1605895854
1605893363
1605852630
1605834509
1605818611
1605756115
1605742882
1605729737
1605673415
1605660275
1605641491
1605584171
1605573607
1605562358
1605502905
1605496364
1605485497
1605473764
1605410609
1605402408
1605389248
1605319900
1605311720
1605298860
1605219088
1605206531
1605144975
1605135090
1605123085
1605060328
1605043245
1605032075
1604970023
1604957572
1604950186
1604884680
1604875491
1604865286
1604803269
1604794644
1604779859
1604725921
1604713556
1604698923
1604643815
1604629249
1604620827
1604607603
1604550107
1604537917
1604530762
1604520253
1604455035
1604442942
1604433746
1604425156
1604382690
1604366389
1604356709
1604349272
1604289489
1604278161
1604266428
1604256873
1604187427
1604174548
1604166685
1604107795
1604085563
1604030187
1604020248
1604013744
1603999910
1603925747
1603910490
1603852552
1603836211
1603825172
1603754926
1603741342
1603673946
1603670009
1603657927
1603653733
1603590994
1603575884
1603567182
1603517938
1603507490
1603489907
1603476946
1603413507
1603400093
1603391949
1603335145
1603316537
1603305808
1603242292
1603232422
1603164027
1603150483
1603140592
1603071874
1603063975
1603053781
1602987782
1602973703
1602882467
1602811882
1602800335
1602794394
1602782811
1602721351
1602713757
1602703027
1602633223
1602625631
1602552809
1602546641
1602537810
1602526058
1602466477
1602456928
1602450012
1602439642
1602378513
1602370725
1602365100
1602353482
1602299951
1602290826
1602275650
1602267479
1602204845
1602190509
1602182052
1602124843
1602116853
1602099917
1602054717
1602052890
1602027263
1602008254
1601954130
1601940686
1601922654
1601864391
1601856577
1601845073
1601837434
1601781559
1601771712
1601763767
1601751766
1601691711
1601685045
1601676689
1601665372
1601598409
1601590591
1601583546
1601518137
1601506192
1601496347
1601429659
1601416219
1601407498
1601341696
1601327652
1601317359
1601249661
1601240179
1601232408
1601167751
1601155243
1601146955
1601069647
1601060309
1600992782
1600985075
1600973716
1600916350
1600907008
1600896047
1600889686
1600825412
1600814184
1600744993
1600731910
1600717114
1600667858
1600653552
1600634050
1600572244
1600563082
1600550172
1600541619
1600488883
1600470587
1600458852
1600448562
1600393560
1600378760
1600366001
1600311195
1600301956
1600289510
1600220385
1600209228
1600199832
1600192372
1600138594
1600128486
1600121773
1600104488
1600051263
1600034890
1600020946
1599960486
1599937426
1599873012
1599860198
1599849323
1599841491
1599784015
1599771953
1599771740
1599761749
1599702073
1599696431
1599681194
1599676479
1599667849
1599616085
1599603033
1599594870
1599588642
1599533879
1599521748
1599512436
1599503114
1599446642
1599431674
1599421177
1599359785
1599349373
1599339777
1599329856
1599274133
1599266608
1599246176
1599177569
1599164399
1599156282
1599096708
1599085435
1599076516
1599010459
1598999756
1598994090
1598927784
1598919722
1598910086
1598899472
1598836665
1598828896
1598816397
1598762765
1598750759
1598733396
1598716235
1598673634
1598666572
1598655522
1598572622
1598564325
1598560366
1598553588
1598547088
1598510989
1598495672
1598490506
1598463384
1598404579
1598396975
1598389699
1598379780
1598247475
1598226119
1598208589
1598167492
1598125143
1598080430
1598062331
1598051683
1598033277
1597971815
1597961490
1597953851
1597946491
1597878264
1597869426
1597858584
1597802760
1597791294
1597781816
1597773670
1597682831
1597614083
1597553842
1597539733
1597458699
1597366224
1597356672
1597345332
1597286610
1597274888
1597263409
1597259775
1597195271
1597191944
1597182226
1597175427
1597119580
1597107104
1597094377
1597084488
1597030582
1597018526
1597015151
1597002727
1596947512
1596929294
1596922178
1596913545
1596857014
1596844287
1596829915
1596823345
1596769146
1596760965
1596740514
1596682802
1596672776
1596669483
1596659229
1596647813
1596602812
1596592678
1596582381
1596576938
1596567703
1596511876
1596503675
1596495670
1596410550
1596398062
1596329221
1596319921
1596309598
1596270665
1596269727
1596264623
1596259797
1596234582
1596220256
1596166560
1596159524
1596147460
1596139164
1596084971
1596078299
1596074273
1596065484
1596050748
1595978642
1595966187
1595958468
1595955115
1595908763
1595899473
1595892358
1595883755
1595876888
1595831794
1595821328
1595815946
1595807977
1595800699
1595790770
1595735026
1595724117
1595711891
1595703206
1595665736
1595639355
1595622569
1595608191
1595607288
1595560647
1595558212
1595534274
1595526231
1595482196
1595465689
1595462913
1595452867
1595445491
1595434600
1595384371
1595371376
1595365927
1595357931
1595302155
1595291178
1595280983
1595271163
1595216416
1595198829
1595183121
1595107971
1595100567
1595044169
1595026020
1595016854
1595004174
1594967411
1594952036
1594935307
1594925466
1594871079
1594863595
1594845042
1594842736
1594834016
1594785552
1594770360
1594761162
1594753215
1594702260
1594689461
1594678913
1594669162
1594633646
1594611201
1594600031
1594590101
1594582242
1594536194
1594521784
1594513107
1594501909
1594499205
1594494117
1594438008
1594423797
1594409997
1594334430
1594329197
1594321510
1594318359
1594260771
1594251224
1594243923
1594238828
1594198308
1594179854
1594166249
1594152263
1594092860
1594085690
1594074110
1593995903
1593986665
1593979059
1593921824
1593901616
1593893835
1593887522
1593827583
1593816233
1593807532
1593801058
1593741500
1593734653
1593723048
1593714711
1593662016
1593655137
1593647981
1593635452
1593573862
1593561732
1593554213
1593478347
1593468347
1593458601
1593403209
1593391340
1593385972
1593369776
1593316320
1593307000
1593297409
1593284847
1593249457
1593214741
1593204520
1593195356
1593138414
1593132549
1593126585
1593063720
1593048961
1593026943
1592969488
1592958626
1592943837
1592935667
1592875147
1592865174
1592857725
1592849721
1592792154
1592782244
1592771535
1592763297
1592708237
1592696319
1592681841
1592675939
1592629048
1592616248
1592600630
1592590103
1592542535
1592516302
1592507527
1592496378
1592452948
1592437332
1592429389
1592423104
1592411278
1592376710
1592361176
1592354961
1592337534
1592328009
1592265765
1592255879
1592237831
1592195783
1592190087
1592170301
1592160498
1592107625
1592097004
1592087555
1592078653
1591998445
1591986778
1591938443
1591916579
1591904818
1591896513
1591852306
1591843205
1591835414
1591827949
1591812535
1591770771
1591751804
1591743875
1591738998
1591728652
1591667632
1591656004
1591650642
1591641716
1591601001
1591577886
1591475744
1591407755
1591386253
1591318322
1591305570
1591296959
1591231607
1591217245
1591207679
1591067859
1591046415
1591037185
1590971491
1590958929
1590948235
1590881696
1590874227
1590863881
1590804731
1590785787
1590779805
1590775520
1590739251
1590725484
1590720504
1590706036
1590689336
1590636310
1590628171
1590618304
1590614066
1590547852
1590535125
1590525900
1590519141
1590463981
1590458365
1590450010
1590440185
1590374660
1590362083
1590357325
1590348523
1590344155
1590295549
1590283914
1590270761
1590256616
1590226096
1590201908
1590187666
1590179098
1590171871
1590125505
1590088660
1590018872
1590010473
1589998305
1589947149
1589938598
1589933141
1589925645
1589855853
1589850333
1589834402
1589826066
1589778727
1589765995
1589759574
1589753403
1589745880
1589662833
1589654048
1589586079
1589579154
1589574672
1589517635
1589503824
1589490900
1589481124
1589430818
1589412179
1589400672
1589394646
1589329743
1589321596
1589314320
1589252702
1589241628
1589236759
1589228299
1589223662
1589161772
1589156343
1589149605
1589140317
1589071062
1589060629
1589053425
1588994436
1588971247
1588962824
1588934050
1588907236
1588888184
1588879542
1588802924
1588793524
1588787586
1588736334
1588717910
1588711053
1588704587
1588647200
1588638231
1588626960
1588621999
1588555341
1588548698
1588536846
1588533104
1588478014
1588459793
1588449731
1588444319
1588392091
1588371730
1588360402
1588314766
1588296092
1588284083
1588280118
1588207795
1588200434
1588186610
1588122095
1588113195
1588106077
1588099652
1588040083
1588018707
1588011790
1587969569
1587945996
1587935013
1587926903
1587879503
1587868149
1587853447
1587842714
1587773002
1587761999
1587754704
1587686607
1587676692
1587668695
1587605983
1587588377
1587579841
1587512317
1587505750
1587498387
1587461867
1587427068
1587416031
1587412412
1587345648
1587337965
1587325187
1587241218
1587235358
1587166968
1587154497
1587079444
1587071101
1587061560
1586985625
1586976816
1586930980
1586917094
1586889738
1586827388
1586812500
1586801713
1586733238
1586723359
1586714492
1586652235
1586633996
1586626299
1586568025
1586550610
1586545652
1586476749
1586473181
1586463048
1586451558
1586394320
1586376923
1586369686
1586310535
1586289817
1586284470
1586223782
1586213070
1586203184
1586197775
1586139834
1586130702
1586122004
1586116281
1586045024
1586039034
1586033297
1586025719
1585956037
1585948503
1585940612
1585883298
1585871761
1585859827
1585851686
1585802898
1585788358
1585783285
1585775138
1585766531
1585712139
1585697481
1585687606
1585676160
1585611326
1585590024
1585536661
1585519816
1585508242
1585457064
1585431186
1585423988
1585419823
1585368293
1585351868
1585332996
1585270406
1585263509
1585255103
1585243946
1585182798
1585173726
1585159896
1585094563
1585085115
1585073636
1585003038
1584990090
1584925398
1584913880
1584900559
1584836320
1584823470
1584814028
1584756699
1584747819
1584670636
1584668037
1584655471
1584641187
1584579568
1584555088
1584489884
1584475763
1584433250
1584397165
1584379487
1584324832
1584304083
1584296196
1584244957
1584231400
1584217388
1584206778
1584159049
1584147015
1584140936
1584125557
1584065721
1584052668
1584046125
1584036473
1583966341
1583958951
1583950721
1583890168
1583877315
1583867009
1583808995
1583803152
1583795492
1583782762
1583713767
1583701967
1583696852
1583631105
1583627256
1583615892
1583611708
1583605625
1583556424
1583543266
1583530582
1583527480
1583519373
1583471846
1583454567
1583443120
1583380788
1583372698
1583363474
1583351773
1583347046
1583294520
1583274270
1583266609
1583257658
1583194127
1583175540
1583171584
1583113894
1583095364
1583076417
1583026018
1583016555
1583013931
1583005820
1582993692
1582935894
1582925782
1582916261
1582904963
1582859188
1582846925
1582834683
1582820984
1582766146
1582753570
1582743510
1582685202
1582669749
1582583079
1582571827
1582514090
1582507664
1582494975
1582482824
1582420270
1582404174
1582338079
1582321625
1582308198
1582246910
1582226489
1582162342
1582152277
1582138799
1582083999
1582068641
1582053234
1581993078
1581980868
1581975059
1581954566
1581916715
1581901214
1581890115
1581877808
1581811287
1581799211
1581787354
1581733979
1581722084
1581712848
1581704530
1581632331
1581619965
1581559576
1581546657
1581535693
1581472811
1581460063
1581447670
1581385238
1581375905
1581366156
1581293429
1581282991
1581275583
1581218095
1581209562
1581199544
1581184651
1581124808
1581111800
1581103044
1581036721
1581025026
1581015937
1580956789
1580947447
1580939891
1580935067
1580922485
1580872118
1580854076
1580844124
1580774693
1580757855
1580694551
1580679895
1580668323
1580614229
1580600639
1580591463
1580583493
1580518652
1580512853
1580498628
1580437007
1580421727
1580412044
1580346835
1580334054
1580330416
1580253242
1580239947
1580188754
1580172519
1580156385
1580084429
1580071200
1580062356
1580009113
1579993769
1579980817
1579927329
1579908657
1579898806
1579836719
1579827675
1579808808
1579747500
1579727438
1579673108
1579663246
1579647706
1579575437
1579552921
1579489561
1579473053
1579421686
1579393293
1579377737
1579319149
1579302107
1579234026
1579222458
1579215159
1579194076
1579144723
1579137108
1579128301
1579122394
1579071795
1579063866
1579044877
1578983125
1578973337
1578950649
1578890621
1578881334
1578870211
1578857604
1578816849
1578793637
1578782089
1578766611
1578715169
1578687861
1578676701
1578627835
1578612225
1578591833
1578550587
