1618194565
1618190735
1618102628
1618020633
1617929257
1617843967
1617755612
1617585577
1617412323
1617307108
1617235392
1617152756
1616980396
1616894620
1616888681
1616720549
1616634820
1616453248
1616376548
1616200050
1616025217
1615941987
1615935696
1615602872
1615513969
1615066237
1614911612
1614907099
1614825818
1614653250
1613964559
1613442423
1613182443
1613010286
1612579722
1612322333
1612062400
1611799425
1611716855
1611627777
1611544996
1611454067
1611199637
1611197359
1610941915
1610767132
1610420716
1610247447
1609904502
1609638874
1609384661
1609207633
1608955447
1608853863
1608605184
1608437916
1608261700
1608173358
1608166505
1607994205
1607916583
1607831834
1607739157
1607663721
1607566293
1607484057
1607397830
1607311110
1607307401
1607218103
1607137129
1607048381
1606958126
1606874901
1606796819
1606791722
1606786969
1606695230
1606610388
1606535397
1606439287
1606356274
1606352590
1606274221
1606182480
1606101723
1606095095
1606010210
1605842686
1605748850
1605581271
1605413208
1605319558
1605238684
1605231514
1605155586
1605151234
1605065167
1604983678
1604888316
1604794439
1604726637
1604631438
1604549901
1604465696
1604378647
1604275383
1604200230
1604109709
1604028795
1604016473
1603946621
1603857122
1603836704
1603682352
1603600697
1603592447
1603510719
1603329243
1603255156
1603155805
1602988748
1602984302
1602894776
1602724814
1602635428
1602543449
1602461821
1602381598
1602290995
1602213675
1602129423
1602039051
1602030085
1601943903
1601874962
1601695583
1601609005
1601598458
1601524927
1601429794
1601348728
1601343955
1601257782
1601171553
1601091491
1600999841
1600823225
1600744196
1600636541
1600567281
1600477496
1600475335
1600222836
1600214494
1600136482
1600042770
1599959636
1599872735
1599672910
1599619358
1599536061
1599533572
1599443021
1599361649
1599272535
1599187956
1599096405
1599008550
1598930847
1598917458
1598840892
1598747986
1598743516
1598667825
1598653034
1598491852
1598398066
1598333540
1598231500
1598146226
1598140490
1597960881
1597889872
1597793107
1597619382
1597604415
1597547201
1597521059
1597434581
1597274764
1597191842
1597027892
1597007867
1596926541
1596846389
1596675919
1596598513
1596417513
1596248520
1596161837
1596080340
1595994756
1595991515
1595901648
1595819351
1595732371
1595720514
1595563846
1595466682
1595379765
1595200103
1595183106
1595127188
1595037826
1594945061
1594784628
1594696655
1594695651
1594605409
1594517197
1594432871
1594358219
1594350278
1594340578
1594263749
1594232290
1594175724
1594167741
1594084918
1593999566
1593986011
1593737189
1593656864
1593568307
1593485595
1593390987
1593310679
1593228957
1593139460
1593051885
1592968664
1592868456
1592798651
1592710925
1592442171
1592363357
1592188157
1592021561
1592010344
1591926090
1591846705
1591571315
1591241434
1590983562
1590888291
1590881989
1590804522
1590719386
1590713951
1590635518
1590540352
1590458119
1590374111
1590370353
1590281676
1590198807
1590193749
1590119859
1590109783
1590031284
1589944761
1589938598
1589854209
1589850178
1589769935
1589683799
1589680055
1589596924
1589513504
1589506953
1589499796
1589428693
1589333941
1589331327
1589252861
1589168007
1589163080
1589082938
1589068790
1588992031
1588984639
1588966509
1588904089
1588821570
1588818422
1588733124
1588643018
1588565369
1588556075
1588461124
1588387706
1588376912
1588296615
1588211202
1588127265
1588111330
1588036514
1587950016
1587946928
1587863676
1587785091
1587776799
1587695991
1587608324
1587605477
1587525090
1587440763
1587272985
1587256435
1587172137
1587164840
1587093352
1587001952
1586923821
1586911367
1586833874
1586826722
1586745342
1586659401
1586653255
1586574985
1586484611
1586396164
1586389773
1586313947
1586221976
1586139852
1586065032
1585971335
1585884278
1585796161
1585773496
1585691329
1585606164
1585543690
