1618232622
1618206378
1618063284
1617909014
1617842588
1617757840
1617756518
1617721062
1617712157
1617706156
1617704984
1617665421
1617643342
1617626067
1617622535
1617610441
1617609985
1617609509
1617597931
1617392912
1617380371
1617379754
1617379302
1617361000
1617352814
1617307226
1617240546
1617073419
1617011364
1617000840
1616987907
1616975805
1616891487
1616891138
1616746308
1616693720
1616692889
1616574172
1616568977
1616568552
1616537484
1616482136
1616470833
1616452653
1616381999
1616361830
1616360788
1616305527
1616304665
1616296329
1616266931
1616219968
1616218698
1616134658
1616134477
1616134063
1616112917
1615941844
1615887308
1615886109
1615763457
1615761735
1615534095
1615516434
1615497857
1615493506
1615484888
1615484742
1615315468
1615244209
1615242711
1615235901
1615157945
1615157302
1615078904
1615073504
1615070457
1615070128
1615056473
1615042171
1615040955
1614939766
1614884080
1614844765
1614840482
1614819310
1614818315
1614719938
1614697799
1614594701
1614591769
1614516910
1614247433
1614247021
1614234799
1614227349
1614041361
1613991706
1613991616
1613988974
1613884119
1613853028
1613846721
1613845062
1613844232
1613844178
1613844110
1613720507
1613633473
1613619312
1613463195
1613350466
1613346733
1613344785
1613344360
1613344288
1613344190
1613344139
1613213461
1613212571
1613212502
1613211463
1613203483
1613203253
1613200569
1613199405
1613017578
1612989877
1612946577
1612579254
1612472263
1612424072
1612241281
1612224175
1612218763
1611965595
1611803851
1611586182
1611560882
1611552728
1611552566
1611444119
1610925363
1610718776
1610621964
1610591225
1610578799
1610435518
1610354043
1610350490
1610348782
1610347837
1610326105
1610096886
1610094462
1610092661
1610068646
1609837505
1609837336
1609837006
1609832999
1609830627
1609812543
1609757034
1609750755
1609629776
1609626803
1609625099
1609483867
1609475631
1609308280
1609291660
1609267275
1609265009
1608930020
1608876203
1608753350
1608683448
1608406352
1608367949
1608335000
1608333932
1608233914
1608225488
1608195308
1608193629
1608193141
1608168307
1608165416
1607715360
1607478727
1607455331
1607454009
1607280510
1607279594
1607124569
1606769158
1606731362
1606730909
1606729450
1606385041
1606382847
1606382589
1606382517
1606381883
1606367076
1606365224
1606098648
1605851003
1605613139
1605269247
1605268891
1604987255
1604986971
1604986287
1604984484
1604925920
1604650434
1604630677
1604558607
1604525272
1604458570
1604456140
1604451832
1604446864
1604445416
1604435722
1604115162
1604080848
1604080551
1604079951
1604079646
1604079278
1603771633
1602476605
1601930188
1601737631
1601158501
1601067987
1601066987
1600915354
1600914799
1600803702
1600681034
1600675277
1600655184
1600654260
1600610935
1600610059
1600432621
1600430773
1600430141
1600411910
1600410918
1600408452
1600356967
1600158752
1600076558
1600063199
1600059960
1599946799
1599945233
1599944280
1599943593
1599942856
1599735148
1599712714
1599704016
1599556999
1599502335
1599384816
1599384587
1599384313
1599384000
1599383718
1599383381
1599383193
1599382985
1599382644
1599382490
1599340538
1599251230
1599085365
1599085258
1598996597
1598975260
1598963354
1598961015
1598960856
1598960594
1598960472
1598941572
1598938395
1598937271
1598936329
1598934947
1598928024
1598865268
1598857325
1598842741
1598762533
1598747297
1598732197
1598681168
1598633328
1598614809
1598590876
1598585846
1598584173
1598307884
1598298683
1598294163
1597897415
1597536311
1595485800
1594930156
1594617928
1594339497
1593697272
1593487970
1593408777
1590905211
1589483346
1589468437
1589193798
1589193603
1589190127
1588935795
1587097373
1586277130
1585964223
1585934225
1585630917
1585603543
1585548649
1585537272
1585492470
1585407779
1585406657
1585347979
1585345651
1585287055
1585286332
1584764707
1562643090
