1617128181
1616383674
1616095647
1615520233
1615324944
1611350194
1611165998
1610825891
1610395467
1610308416
1610242647
1610136518
1610046564
1609976542
1609902856
1609888914
1609815555
1609811974
1608326838
1608244249
1608174291
1608106388
1607652999
1607370399
1607202179
1605729796
1605645873
1605564203
1605471980
1605129848
1605052778
1605038488
1604700457
1604606947
1604445509
1604202657
1604179230
1604007491
1603652640
1603317705
1602611438
1602464161
1601855232
1601684583
1601490755
1601261765
1601240680
1601088248
1600981010
1600817368
1600813546
1600800543
1600668537
1600577998
1600487293
1600201765
1600136254
1600131053
1600047644
1600028472
1599871253
1599870179
1599865673
1599787674
1599771003
1599624616
1599597763
1599595328
1599558975
1599518258
1599431591
1599350172
1599269499
1599250922
1599201097
1599193896
1599171394
1599158975
1599096777
1599085317
1599019113
1598996397
1598914398
1598845251
1598772141
1598761045
1598743193
1598732774
1598569426
1598564134
1598496126
1598469290
1598384215
1598227515
1598142590
1598079314
1597968133
1597961108
1597893699
1597889687
1597886451
1597879492
1597876683
1597799792
1597547851
1597539726
1597535848
1597457520
1597354022
1597279092
1597185640
1597126834
1597124567
1596938867
1596916103
1596877304
1596863377
1596858655
1596828281
1596766032
1596762290
1596755840
1596744100
1596597779
1596526109
1596506080
1596505180
1596502816
1596423324
1596356799
1596329240
1596320313
1596260346
1596241676
1596241456
1596149765
1596137732
1596074646
1596059435
1595990836
1595981464
1595966310
1595802804
1595798322
1595732213
1595724771
1595721532
1595654884
1595635481
1595556597
1595534887
1595449522
1595299717
1595272085
1595121481
1595106761
1595039504
1595039365
1594984787
1594964876
1594959995
1594944605
1594940595
1594797334
1594796449
1594682913
1594613775
1594514794
1594451258
1594444309
1594418680
1594371276
1594361515
1594342542
1594325685
1594258923
1594255672
1594167444
1594166265
1594163630
1594069376
1594068171
1593849300
1593744227
1593742373
1593653643
1593574583
1593570844
1593555669
1593505191
1593385469
1593379058
1593325350
1593311925
1593310746
1593235936
1593222742
1593204838
1593131227
1593128161
1593124691
1593123774
1593033744
1592957894
1592945300
1592795400
1592778297
1592711073
1592709580
1592615550
1592603084
1592524010
1592515927
1592419371
1592368191
1592357239
1592351000
1592350321
1592342678
1592266821
1592260602
1592252143
1592185489
1592171185
1592096035
1592078626
1592002772
1592000341
1591926156
1591920194
1591910296
1591832553
1591814918
1591748041
1591739154
1591727777
1591658662
1591656137
1591647701
1591572820
1591557333
1591509663
1591478377
1591477046
1591404135
1591064488
1590885466
1590884463
1590785368
1590784928
1590715168
1590709831
1590707437
1590686796
1590633407
1590624448
1590622851
1590620412
1590542279
1590533942
1590530630
1590460565
1590454017
1590451928
1590445289
1590434265
1590370430
1590357176
1590281077
1590276961
1590276051
1590178192
1590117597
1590116791
1590103735
1590099327
1590024695
1590018419
1590018045
1590011825
1590010330
1590001550
1589949667
1589928590
1589927739
1589916358
1589756964
1589753472
1589681143
1589670664
1589592848
1589584139
1589579929
1589571660
1589505871
1589504871
1589483780
1589479972
1589416668
1589326541
1589318816
1589242374
1589155628
1589151349
1589136895
1589054457
1588983830
1588981761
1588980135
1588975806
1588906251
1588897601
1588883809
1588838809
1588808496
1588791681
1588731985
1588715920
1588715640
1588637360
1588558884
1588555138
1588542548
1588475402
1588474710
1588474094
1588467998
1588452976
1588370606
1588364487
1588308574
1588285775
1588277848
1588211218
1588210729
1588198659
1588192746
1588132606
1588127015
1588125447
1588121893
1588096766
1588044955
1588024116
1588022676
1587941413
1587938804
1587886980
1587872923
1587872196
1587847169
1587846671
1587779947
1587778344
1587757341
1587686691
1587668271
1587608393
1587598577
1587594130
1587517084
1587515599
1587424309
1587412715
1587353833
1587342641
1587339280
1587335552
1587269487
1587254599
1587252269
1587231728
1587178831
1587168091
1587160477
1587097299
1587069219
1587008350
1586999400
1586996797
1586985474
1586904431
1586902972
1586827387
1586826747
1586825034
1586816628
1586746871
1586724487
1586723609
1586720029
1586653035
1586652443
1586632871
1586571030
1586569098
1586567134
1586486177
1586478169
1586468284
1586467232
1586392805
1586389758
1586311316
1586305118
1586291505
1586290353
1586228815
1586227474
1586214098
1586213125
1586144533
1586121831
1586065450
1586047617
1586040848
1586035345
1585971434
1585874568
1585873781
1585872572
1585788618
1585786909
1585786390
1585768603
1585698065
1585695611
1585625794
1585608345
1585535929
1585524693
1585432982
1585431821
1585343155
1585273740
1585255905
1585251588
1585250389
1585196256
1585188783
1585188491
1585182274
1585099305
1585097824
1585078806
1585075073
1585020544
1585012066
1584987996
1584924205
1584912473
1584836715
1584833288
1584748772
1584746839
1584734276
1584658176
1584575397
1584565923
1584486710
1584478992
1584472398
1584411630
1584386020
1584381730
1584309626
1584222085
1584217444
1584211355
1584133102
1584127501
1584046972
1583973910
1583893618
1583883700
1583801104
1583786174
1583782726
1583714175
1583697739
1583619543
1583616211
1583539518
1583532266
1583449564
1583448053
1583375466
1583373460
1583361127
1583287194
1583271845
1583249480
1583183534
1583101019
1583100071
1583094870
1583093544
1583006338
1582999978
1582928137
1582916409
1582915657
1582856938
1582835197
1582752830
1582747659
1582679547
1582672246
1582667505
1582603988
1582585808
1582495806
1582421660
1582417440
1582333808
1582329306
1582329130
1582240183
1582236398
1582228686
1582157209
1582144051
1582074299
1582059688
1581990978
1581989631
1581969574
1581896757
1581830527
1581820817
1581817257
1581811233
1581745217
1581719068
1581639281
1581633711
1581562054
1581555791
1581550927
1581543546
1581483669
1581468063
1581465389
1581396434
1581395112
1581287479
1581278321
1581217376
1581200006
1581193556
1581127401
1581114159
1581105511
1581048433
1580951154
1580947424
1580936680
1580855027
1580848455
1580847866
1580686325
1580678878
1580676228
1580593895
1580590122
1580584736
1580522680
1580504718
1580433117
1580429882
1580348315
1580330435
1580325545
1580256281
1580245426
1580166704
1580163027
1580077616
1580009804
1580001163
1579999199
1579905832
1579895966
1579892961
1579830600
1579743305
1579741925
1579662725
1579564805
1579562967
1579561566
1579476370
1579474966
1579371116
1579306519
1579303772
1579234213
1579227161
1579201083
1579199065
1579034673
1578963532
1578947037
1578941393
1578777660
1578716637
1578709040
1578682966
1578599095
1578526609
1578452749
1578271447
1578255020
1578004534
1577994804
1577937505
1577934556
1577924569
1577845525
1577839665
1577838452
1577829435
1577747243
1577734974
1577670719
1577668649
1577667544
1577660156
1577646306
1577581048
1577574639
1577572141
1577569526
1577562060
1577496430
1577491919
1577481582
1577473203
1577227905
1577152541
1577146068
1577070884
1577068547
1576980296
1576974199
1576909243
1576887436
1576810254
1576796082
1576714366
1576635395
1576629308
1576544458
1576543401
1576441759
1576386364
1576291448
1576290345
1576288567
1576279508
1576202732
1576119758
1576030241
1575938823
1575932693
1575931083
1575780229
1575686689
1575681049
1575587707
1575585328
1575511221
1575498463
1575490690
1575345662
1575341699
1575251518
1575233013
1575167362
1575166080
1575164072
1575155539
1575079648
1575077187
1574993483
1574978532
1574902303
1574900565
1574817600
1574814715
1574646139
1574631458
1574561878
1574550673
1574462879
1574451487
1574402704
1574402161
1574376536
1574371344
1574219348
1574204029
1574138230
1574136021
1574119096
1574039306
1574034649
1573874683
1573870847
1573869314
1573860575
1573781964
1573696711
1573686146
1573609544
1573599352
1573428090
1573358408
1573326495
1573257360
1573252669
1573191501
1573160328
1573108234
1573093715
1573010108
1573008407
1572935176
1572848308
1572822602
1572735642
1572663532
1572652737
1572649621
1572562880
1572560670
1572432217
1572395446
1572389433
1572375423
1572304561
1572230451
1572219430
1572125444
1572047044
1571958229
1571887366
1571874281
1571790154
1571721109
1571699969
1571625569
1571610823
1571610025
1571528864
1571437820
1571433913
1571360221
1571278311
1571181907
1571097578
1570921334
1570829518
1570737816
1570667813
1570578364
1570500194
1570490199
1570489558
1570406473
1570320735
1570313456
1570157979
1570061299
1570058688
1569988867
1569970205
1569952354
1569890825
1569889746
1569882079
1569804643
1569803220
1569730567
1569711847
1569640575
1569634710
1569619378
1569556491
1569537809
1569536573
1569457819
1569449956
1569447344
1569383732
1569369982
1569366495
1569298825
1569204971
1569111294
1569022398
1568924393
1568921642
1568871439
1568846927
1568844526
1568769852
1568759782
1568696095
1568528677
1568506192
1568440165
1568433337
1568353966
1568335003
1568315684
1568265887
1568255018
1568165924
1568156733
1568152276
1568150643
1568099248
1568075458
1567992930
1567991949
1567985825
1567911042
1567905440
1567902756
1567813073
1567811063
1567729059
1567727532
1567724603
1567650360
1567642896
1567558109
1567553745
1567551820
1567478687
1567386149
1567378299
1567376223
1567374883
1567301757
1567300789
1567214949
1567212941
1567210633
1567121165
1567119431
1567034027
1567029930
1566868193
1566855816
1566852685
1566850220
1566765753
1566703783
1566691039
1566685044
1566683029
1566603635
1566593794
1566591077
1566526528
1566524828
1566509796
1566507243
1566420025
1566416969
1566331334
1566275288
1566271354
1566270305
1566176863
1566176010
1566105676
1566104262
1566077139
1565996476
1565995346
1565912833
1565911685
1565843828
1565826886
1565738073
1565731797
1565660695
1565641455
1565571038
1565560136
1565499539
1565482253
1565313428
1565246194
1565238410
1565154246
1565072649
1565050260
1564980411
1564868874
1564727855
1564725203
1564643056
1564628839
1564616766
1564548576
1564466982
1564446418
1564445251
1564375803
1564362663
1564360853
1564291135
1564287827
1564192367
1564190874
1564113474
1564103242
1564100810
1564022321
1563940903
1563938867
1563776899
1563762603
1563746449
1563508234
1563499285
1563491841
1563343985
1563313464
1563086687
1562980820
1562883773
1562880824
1562705500
1562641395
1562206390
1562114455
1562040480
1562039165
1562037033
1561953187
1561950153
1561933387
1561852767
1561685935
1561617046
1561519447
1560915235
1560834751
1560726229
1560655945
1560655056
1560377024
1560318681
1560227281
1560226356
1558754359
1557439937
1554509606
1552183757
1551921630
1550962113
1550881269
1550296319
