1593512203
1593509133
1593498750
1593484159
1593460767
1593460582
1593460468
1593452692
1593443861
1593441658
1593433339
1593431419
1593414925
1593369675
1593364789
1593360866
1593359429
1593356007
1593351146
1593349219
1593347638
1593347588
1593346339
1593345956
1593028424
1593025892
1593023536
1593017814
1593017052
1593015028
1593014937
1593011790
1593008724
1593006454
1593004788
1593002817
1592999643
1592999179
1592933144
1592926473
1592922232
1592911148
1592844777
1592844648
1592844529
1592832352
1592832069
1592768648
1592768229
1592755349
1592744847
1592684081
1592676974
1592673330
1592673288
1592669977
1592668070
1592666451
1592662822
1592660627
1592656951
1592656822
1592654814
1592654747
1592332200
1592328433
1592327124
1592324399
1592321614
1592317701
1592315229
1592313713
1592312278
1592312252
1592310297
1592309698
1592148565
1592119884
1592119774
1592119562
1592053898
1592050060
1591988857
1591982533
1591978013
1591977318
1591975076
1591973501
1591973468
1591968063
1591967888
1591964625
1591963230
1591816833
1591812911
1591807687
1591804492
1591804413
1591794184
1591793985
1591792060
1591789958
1591789933
1591701515
1591640498
1591640428
1591622625
1591622400
1591622253
1591555369
1591554439
1591549098
1591545111
1591538167
1591536632
1591533848
1591532805
1591532091
1591466327
1591459585
1591457523
1591455146
1591453798
1591451062
1591449533
1591447285
1591445201
1591444847
1591387430
1591365827
1591356090
1591353957
1591350544
1591350322
1591291166
1591289837
1591286863
1591282903
1591280302
1591278920
1591278316
1591272453
1591272162
1591101733
1591100305
1591098830
1591031997
1591026006
1591025829
1591021860
1591021168
1590941952
1590936814
1590934860
1590934020
1590933449
1590933200
1590926462
1590924819
1590924567
1590924117
1590923742
1590923530
1590923302
1590923005
1590862993
1590862904
1590862828
1590862421
1590862330
1590859323
1590852553
1590852396
1590850569
1590850546
1590850500
1590764356
1590742642
1590688693
1590687135
1590686878
1590677164
1590676804
1590674844
1590673961
1590673572
1590673354
1590673177
1590656787
1590599100
1590597079
1590596152
1590595805
1590594083
1590593857
1590593098
1590592911
1590592659
1590592394
1590592073
1590591833
1590591657
1590591393
1590591167
1590590997
1590590824
1590590653
1590590429
1590503858
1590424736
1590422475
1590415120
1590142965
1590137348
1590136840
1590136756
1590136656
1590075118
1590074672
1590074146
1589976218
1589976081
1589976041
1589975895
1589975838
1589975752
1589975705
1589975619
1589971592
1589957300
1589908748
1589902134
1589901550
1589901219
1589900733
1589899722
1589899483
1589898947
1589887203
1589886107
1589885672
1589885327
1589885090
1589825165
1589818381
1589814978
1589814765
1589813363
1589813047
1589812788
1589812541
1589812221
1589811964
1589811674
1589635515
1589568467
1589568391
1589568293
1589568227
1589560627
1589560557
1589560448
1589560399
1589560345
1589560282
1589560173
1589560125
1589560063
1589557236
1589556688
1589555332
1589555186
1589554837
1589554416
1589553922
1589553620
1589472000
1589450044
1589396743
1589395938
1589395686
1589391636
1589387832
1589387170
1589386609
1589385469
1589385155
1589384009
1589383318
1589383108
1589382684
1589382356
1589381996
1589310626
1589305332
1589303381
1589300303
1589298929
1589298576
1589298358
1589293769
1589292842
1589291205
1589290974
1589290702
1589290488
1589290261
1589289848
1589271386
1589271008
1589270654
1589218984
1589216491
1589216156
1589212385
1589210407
1589209092
1589208639
1589208334
1589208133
1589207796
1589207469
1589206050
1589135020
1589120912
1589091298
1589090987
1589041204
1589040913
1589040471
1589037604
1589037571
1589037542
1589037500
1589034218
1589033190
1589029904
1589026151
1589015627
1589012109
1589011685
1588955855
1588947344
1588925936
1588925064
1588924718
1588864074
1588862711
1588862515
1588862334
1588861875
1588861297
1588861133
1588852666
1588852604
1588834892
1588786261
1588778464
1588777990
1588777772
1588777457
1588777181
1588775933
1588775641
1588775311
1588775164
1588696985
1588688684
1588688316
1588688037
1588687867
1588687694
1588687255
1588686885
1588686483
1588666974
1588666768
1588663266
1588612839
1588609803
1588605488
1588602971
1588602351
1588602161
1588601815
1588601325
1588601073
1588577700
1588577341
1588577098
1588530578
1588530155
1588526464
1588519308
1588519070
1588518732
1588516511
1588515799
1588515398
1588515116
1588514812
1588514314
1588513968
1588502020
1588497805
1588497551
1588445987
1588436531
1588434159
1588433729
1588433339
1588430013
1588429398
1588429099
1588428582
1588428390
1588428156
1588412453
1588405346
1588359417
1588354586
1588346560
1588346307
1588343627
1588343116
1588342764
1588342427
1588342163
1588341959
1588325182
1588320153
1588320083
1588270462
1588267234
1588263487
1588262109
1588259766
1588257566
1588257129
1588256904
1588256668
1588256417
1588256217
1588235289
1588151897
1588151756
1588151701
1588151572
1588151534
1588051143
1588050782
1588050550
1588050010
1588049903
1588049701
1588049618
1588007892
1588007575
1588005378
1588005120
1588004908
1588001097
1588000586
1588000379
1587999092
1587998803
1587998554
1587998345
1587998093
1587980852
1587971420
1587970878
1587970712
1587970550
1587925012
1587924779
1587924587
1587923635
1587920937
1587920660
1587920355
1587920184
1587920008
1587919815
1587919587
1587884088
1587883910
1587883686
1587883492
1587836974
1587836845
1587836739
1587835459
1587830946
1587830714
1587830229
1587829893
1587829737
1587829562
1587828516
1587828347
1587828208
1587807544
1587807306
1587800482
1587799168
1587750275
1587749682
1587749391
1587749176
1587749064
1587748952
1587748838
1587748720
1587748631
1587747184
1587739620
1587738797
1587738283
1587728558
1587728321
1587728001
1587727747
1587727223
1587726931
1587706680
1587705843
1587705365
1587705178
1587704680
1587661791
1587661485
1587660845
1587660210
1587656268
1587655385
1587655194
1587654978
1587654748
1587654577
1587654419
1587642238
1587642069
1587641795
1587641645
1587641524
1587641348
1587616555
1587616015
1587615800
1587615486
1587615077
1587614895
1587614680
1587577487
1587572540
1587569774
1587568595
1587567518
1587567240
1587567074
1587565857
1587553658
1587553510
1587546919
1587546872
1587546813
1587540297
1587540092
1587539943
1587539780
1587539688
1587539321
1587492236
1587491982
1587483247
1587483024
1587477960
1587477910
1587477596
1587477275
1587462783
1587462730
1587462653
1587462598
1587458882
1587458728
1587458667
1587455760
1587455620
1587455439
1587451484
1587451308
1587451198
1587394961
1587394786
1587394589
1587394362
1587394141
1587394007
1587393797
1587392876
1587392629
1587392393
1587392259
1587392133
1587391986
1587391865
1587391737
1587391565
1587391451
1587391270
1587391131
1587371750
1587357733
1587357390
1587357234
1587357135
1587357039
1587356898
1587356796
1587356625
1587356560
1587327986
1587327872
1587327753
1587327646
1587327567
1587327400
1587321762
1587316495
1587313161
1587311847
1587308592
1587302673
1587300763
1587300375
1587299546
1587298349
1587298150
1587298104
1587298056
1587285693
1587284855
1587283324
1587282795
1587282323
1587282084
1587280171
1587221035
1587134686
1587120394
1587116294
1587108687
1587108557
1587108461
1587058791
1587058678
1587058386
1587058136
1587049618
1587049530
1587048395
1587048229
1587048042
1587047803
1587047587
1587047331
1587022249
1587021920
1587021357
1587021073
1587020780
1587020447
1586968582
1586961611
1586961482
1586961294
1586961224
1586961097
1586960912
1586960374
1586960050
1586959844
1586959578
1586959383
1586959235
1586958978
1586942059
1586938009
1586937803
1586937687
1586937636
1586901739
1586885582
1586877151
1586874996
1586874830
1586874603
1586861555
1586857860
1586853936
1586805620
1586798941
1586789044
1586788150
1586785425
1586775030
1586766065
1586760971
1586711265
1586702909
1586702719
1586700466
1586700116
1586699944
1586686604
1586683210
1586680582
1586677913
1586676408
1586616071
1586612620
1586608643
1586606069
1586534011
1586510942
1586507090
1586503480
1586500593
1586458285
1586454464
1586450703
1586447181
1586443572
1586440006
1586435502
1586428096
1586418634
1586413516
1586365436
1586363071
1586349452
1586346138
1586341780
1586327732
1586285805
1586282686
1586280712
1586278762
1586276538
1586275070
1586273590
1586270978
1586270935
1586097610
1586021541
1586021382
1586021279
1586021194
1586020933
1586020862
1586020772
1586020560
1586020360
1586020279
1585998316
1585998242
1585998158
1585998053
1585998000
1585991125
1585990853
1585990606
1585990432
1585927145
1585922261
1585922131
1585922059
1585921978
1585921752
1585913837
1585913714
1585913590
1585752511
1585752168
1585751767
1585751339
1585750881
1585643817
1585490057
1585378915
1585378688
1585313277
1585313185
1585313015
1585312751
1585312495
1585312418
1585308946
1585295636
1585222240
1585221720
1585219966
1585119320
1585058655
1584957160
1584956796
1584956298
1584954428
1584878154
1584858138
1584856917
1584799875
1584796938
1584795896
1584795833
1584784464
1584781757
1584781314
1584781234
1584781186
1584781083
1584712154
1584711911
1584682748
1584682593
1584682515
1584682362
1584612632
1584611236
1584607767
1584521099
1584433523
1584433448
1584433381
1584377356
1584341163
1584340699
1584258777
1584182214
1584173393
1584111359
1584016596
1584016479
1584016042
1584015935
1584015561
1584015041
1583906440
1583845560
1583839907
1583839397
1583837931
1583835610
1583820258
1583820168
1583820119
1583762999
1583757203
1583734919
1583649439
1583649300
1583579359
1583521874
1583415339
1583415010
1583318417
1583155354
1583069177
1582987658
1582987509
1582987446
1582987359
1582987033
1582986858
1582986798
1582986729
1582985813
1582985357
1582984656
1582983855
1582983333
1582983235
1582982788
1582982553
1582982354
1582898065
1582897405
1582897275
1582897131
1582896994
1582896153
1582896023
1582798694
1582798060
1582797843
1582797438
1582293601
1582215232
1582215065
1582214737
1582123289
1582122683
1582122490
1582122317
1582121859
1582048777
1582030611
1582030423
1582030327
1582030196
1582030116
1582020634
1582019172
1582018901
1582014490
1582014285
1582014135
1582013846
1582013714
1582013619
1581922452
1581876891
1581773686
1581772775
1581772546
1581772364
1581772158
1581771265
1581770863
1581770637
1581770319
1581770107
1581769593
1581769321
1581769155
1581761656
1581761435
1581686590
1581605411
1581484661
1581436903
1581416461
1581344936
1581344850
1581344768
1581344489
1581344310
1581344144
1581343875
1581343724
1581343402
1581343338
1581343270
1581343224
1581343115
1581343043
1581342932
1581342871
1581261613
1581000634
1581000549
1581000426
1581000273
1581000180
1581000121
1580901900
1580827620
1580827427
1580827337
1580826953
1580826808
1580826599
1580826431
1580825960
1580825649
1580825484
1580825344
1580825189
1580824899
1580824346
1580818965
1580818632
1580739887
1580739699
1580739241
1580739073
1580738874
1580738665
1580738469
1580738245
1580738054
1580737475
1580736706
1580736453
1580736372
1580736217
1580735211
1580735068
1580734953
1580734760
1580734721
1580734655
1580733716
1580733660
1580733615
1580733563
1580573258
1580536333
1580536111
1580535717
1580468932
1580464233
1580367277
1580220699
1580213618
1580200490
1580200390
1580150298
1580150113
1580150026
1580149491
1580132354
1580132057
1580131625
1580131359
1580131275
1580131199
1580131092
1580130938
1580130765
1580115274
1580114831
1580114500
1580114222
1580113915
1580113586
1580113245
1580112951
1580112808
1580112608
1580112424
1580112257
1580060288
1580048535
1580047609
1580047296
1580047228
1579963623
1579963063
1579962748
1579962337
1579962184
1579961134
1579959583
1579959052
1579958057
1579957557
1579880739
1579880395
1579879934
1579879669
1579879109
1579878160
1579877789
1579877710
1579877569
1579877447
1579877339
1579877260
1579877143
1579786194
1579785976
1579785790
1579785632
1579785469
1579785293
1579785161
1579785029
1579784845
1579784427
1579783936
1579783786
1579783674
1579783585
1579783510
1579783390
1579710247
1579709964
1579709853
1579708791
1579621075
1579538920
1579536800
1579536725
1579531825
1579527764
1579527664
1579525433
1579524923
1579437135
1579436958
1579436892
1579436816
1579436705
1579436596
1579436522
1579429726
1579351094
1579286508
1579254581
1579254491
1579254442
1579254389
1579254280
1579254177
1579254124
1579254087
1579254037
1579253975
1579253755
1579193855
1579190583
1579190087
1579189651
1579189124
1579187192
1579184419
1579183764
1579182815
1579181535
1579180949
1579180599
1579180176
1579179752
1579169853
1579074748
1578923099
1578923015
1578922926
1578922828
1578922646
1578908198
1578907869
1578907096
1578906809
1578906686
1578906520
1578842886
1578842573
1578841820
1578841648
1578841484
1578841042
1578840746
1578840472
1578835248
1578834848
1578834637
1578834398
1578834120
1578833768
1578833429
1578756691
1578756298
1578755796
1578755417
1578755000
1578754639
1578754322
1578753718
1578753363
1578751783
1578751461
1578751109
1578750178
1578749932
1578748688
1578671881
1578671020
1578667261
1578666659
1578666394
1578665581
1578662329
1578661649
1578661347
1578660955
1578659137
1578658893
1578657117
1578586213
1578585864
1578585115
1578584666
1578584002
1578583477
1578583171
1578582862
1578582597
1578582259
1578581691
1578581303
1578580797
1578580507
1578579549
1578579011
1578578680
1578577948
1578494739
1578493724
1578493380
1578492768
1578492006
1578491559
1578491024
1578415639
1578413379
1578412594
1578411671
1578411436
1578410870
1578391308
1578391104
1578311995
1578305236
1578303415
1578302464
1578301630
1578301254
1578236688
1578221120
1578037503
1577957355
1577719009
1577718627
1577714737
1577714621
1577713938
1577713622
1577712967
1577712329
1577711702
1577711169
1577710805
1577710505
1577710168
1577709917
1577696699
1577633480
1577633076
1577632645
1577631910
1577631460
1577631053
1577630145
1577628419
1577627976
1577627513
1577626827
1577626492
1577625989
1577440597
1577349439
1577272826
1577270211
1577269642
1577269282
1577269096
1577268772
1577267544
1577267140
1577197045
1577025188
1577014199
1577005354
1576940647
1576841592
1576840861
1576824305
1576678653
1576678474
1576678227
1576677528
1576677322
1576676370
1576671799
1576671365
1576670719
1576669137
1576668421
1576667720
1576666794
1576588694
1576588146
1576587998
1576587635
1576587288
1576586742
1576586445
1576586038
1576581907
1576581020
1576580792
1576521892
1576521445
1576521157
1576508910
1576507502
1576507297
1576506935
1576506563
1576506191
1576505781
1576505494
1576505028
1576504497
1576503773
1576503443
1576503100
1576401581
1576400955
1576400471
1576400243
1576399726
1576396195
1576346263
1576330801
1576330243
1576329346
1576327181
1576260323
1576150350
1576141273
1576141136
1575982127
1575812496
1575812154
1575811964
1575811342
1575810875
1575810503
1575544941
1575544011
1575543834
1575401014
1575365620
1575298699
1575297617
1575295091
1575294768
1575291088
1575290938
1575281973
1575042009
1575040656
1575040489
1575040238
1575039749
1575039553
1575039276
1575039171
1575038875
1575038756
1575038581
1575038417
1575037947
1575037811
1575037425
1575037051
1575036883
1575036768
1575036523
1574952205
1574777235
1574681123
1574510532
1574435231
1574435018
1574434900
1574434797
1574434765
1574340084
1574255363
1574247789
1574247276
1574246991
1574246379
1574164882
1574100174
1574097358
1574096324
1574095879
1574093472
1574093067
1574091788
1574090527
1574090042
1574089614
1574087723
1574086477
1574085541
1574084236
1574082374
1574075001
1574074646
1574074288
1574074007
1574073707
1574073369
1574060173
1574003315
1574002959
1574002564
1574002066
1574001840
1574001271
1574000560
1574000162
1573999736
1573999410
1573999242
1573999036
1573998931
1573998690
1573976917
1573910825
1573898527
1573823238
1573823032
1573822891
1573822729
1573822505
1573822333
1573822173
1573821998
1573821835
1573821461
1573821330
1573821236
1573821077
1573821001
1573820813
1573820702
1573820610
1573820391
1573820183
1573820070
1573819917
1573819698
1573819606
1573819490
1573819285
1573819127
1573744747
1573743906
1573743127
1573742359
1573742059
1573741699
1573741256
1573740975
1573740774
1573740608
1573740027
1573739675
1573739451
1573739276
1573739022
1573738866
1573738517
1573738189
1573737828
1573737589
1573407730
1573406805
1573406366
1573405981
1573405677
1573325091
1573298757
1573298569
1573297722
1573297552
1573297303
1573296956
1573296696
1573204888
1572716109
1572715992
1572715873
1572715755
1572715562
1572715422
1572715340
1572715183
1572715095
1572714897
1572714478
1572713995
1572713552
1572686183
1572684072
1572674413
1572674185
1572674100
1572674023
1572275231
1572272618
1572272191
1572271948
1572271347
1572270520
1572269981
1572269369
1572269193
1572268079
1572267576
1572267121
1572266918
1572257743
1572257272
1572256921
1572256522
1572256118
1572255711
1572255390
1572254931
1572254609
1572254278
1572253854
1572253294
1572189372
1572188914
1572188307
1572187781
1572186652
1572186403
1572186140
1572185866
1572185180
1572184940
1572184723
1572182969
1572182747
1572182467
1572182222
1572181965
1572097095
1572096974
1572096920
1572096891
1572096817
1572080018
1571899939
1571767764
1571766844
1571763198
1571762948
1571762613
1571762086
1571761585
1571650962
1570885048
1570884543
1570730767
1570465003
1570464404
1570464029
1570463552
1570463346
1570462943
1570462684
1570462408
1570461932
1570461181
1570373618
1570370627
1570370231
1570369532
1570369062
1570368569
1570261457
1570261129
1570260604
1570260239
1570259992
1570259685
1570259400
1570259120
1570258223
1570257924
1570116788
1569860635
1569860140
1569859900
1569859564
1569766120
1569765394
1569760886
1569760428
1569752400
1569737456
1569736819
1569736639
1569677836
1569589418
1569343579
1569342760
1569340739
1569339286
1569336822
1569334205
1569332397
1569247994
1569247672
1569247471
1569246346
1569245990
1569244606
1569160380
1569158390
1569084069
1569083679
1569082835
1569082510
1569080329
1569079858
1569079524
1569079280
1569079061
1569078661
1569078321
1569078063
1569077767
1569072464
1568905844
1568905593
1568903618
1568903200
1568901945
1568901357
1568900860
1568900499
1568898351
1568898140
1568897813
1568825658
1568825596
1568735319
1568734575
1568732687
1568730381
1568729772
1568729432
1568729126
1568625256
1568624652
1568624000
1568558514
1568557946
1568557375
1568557028
1568556629
1568556168
1568555878
1568555451
1568223697
1568223253
1568222010
1568220884
1568220661
1568220196
1568219691
1568218772
1568218533
1568124306
1568039894
1568039530
1568038991
1568038604
1568038215
1568037872
1568037558
1568037443
1568037056
1568036991
1568036200
1568035937
1568035338
1568035110
1568035048
1567957175
1567956443
1567956204
1567955675
1567955350
1567954967
1567954658
1567864102
1567863911
1567863796
1567863190
1567863082
1567862982
1567862821
1567862701
1567862427
1567862307
1567862171
1567862056
1567861984
1567861852
1567691683
1567691512
1567691409
1567690744
1567690479
1567690199
1567689553
1567689245
1567684706
1567675574
1567675046
1567673721
1567673513
1567673386
1567673312
1567673091
1567671804
1567671076
1567664036
1567663912
1567663823
1567663732
1567663672
1567618846
1567618416
1567616422
1567606593
1567433152
1567433032
1567432854
1567432662
1567432423
1567432330
1567432228
1567432120
1567431942
1567431807
1567431684
1567431605
1567431427
1567431328
1567431243
1567431129
1567349235
1567349006
1567348775
1567348405
1567348167
1567347930
1567347760
1567347685
1567347630
1567347544
1567347360
1567347080
1567346903
1567346628
1567346212
1567345742
1567345623
1567345484
1567264268
1567263906
1567263531
1567263279
1567262893
1567262740
1567262588
1567262342
1567262136
1567261408
1567260530
1567260265
1567008606
1567008170
1567008027
1567007820
1567007681
1567007412
1567007304
1567007220
1567007136
1567006172
1567005895
1567005760
1566913942
1566913818
1566913725
1566913532
1566913392
1566913297
1566912669
1566912570
1566830111
1566829532
1566828744
1566828185
1566827566
1566827503
1566827446
1566827360
1566827268
1566827156
1566827088
1566826994
1566754851
1566753609
1566752798
1566752418
1566751203
1566750876
1566750230
1566749819
1566749531
1566749255
1566748662
1566748422
1566657358
1566657021
1566656802
1566656656
1566656538
1566656304
1566624271
1566574687
1566573851
1566573689
1566573426
1566573210
1566572526
1566571994
1566571551
1566571277
1566570938
1566570322
1566484834
1566484438
1566484185
1566483731
1566482676
1566482340
1566311327
1566310489
1566310402
1566310326
1566310069
1566309868
1566309761
1566309499
1566309354
1566309288
1566309150
1566234770
1566234020
1566233598
1566232367
1566231952
1566231644
1566230601
1566230279
1566229833
1566227666
1566227457
1566227372
1566226517
1566226257
1566226208
1566225627
1566225578
1566225533
1566225285
1566144143
1566143573
1566142722
1566142262
1566142219
1566142172
1566142132
1566142074
1566142023
1566141601
1566141151
1566140915
1566140086
1566139864
1566139603
1566139325
1566139123
1566138710
1566138512
1566057122
1566055491
1566055264
1566054659
1566054160
1566054082
1566053619
1566053163
1566052877
1566052199
1566052134
1566052092
1566051508
1566051292
1566051185
1566051086
1566050882
1566050008
1565971249
1565970996
1565970120
1565969125
1565968390
1565967961
1565967647
1565967393
1565967142
1565966913
1565966667
1565966428
1565966180
1565965927
1565965662
1565965437
1565965218
1565797392
1565796579
1565796379
1565795834
1565794373
1565793647
1565793337
1565793282
1565793238
1565792877
1565792459
1565792130
1565792036
1565791747
1565791416
1565790960
1565708657
1565707977
1565707642
1565707376
1565707013
1565706435
1565706194
1565705955
1565705623
1565705382
1565705020
1565704770
1565704455
1565703902
1565703657
1565703376
1565628856
1565628759
1565628458
1565628195
1565627931
1565627634
1565627389
1565626855
1565626531
1565625580
1565625376
1565624953
1565624737
1565624489
1565619512
1565619456
1565619386
1565619288
1565619058
1565618811
1565618554
1565618437
1565533524
1565533414
1565533060
1565532849
1565532776
1565359571
1565359216
1565359051
1565358868
1565358748
1565357188
1565356933
1565356458
1565356215
1565355974
1565355887
1565355818
1565355458
1565355380
1565355286
1565355037
1565354817
1565097775
1565097639
1565097454
1565096244
1565096187
1565096041
1565095754
1565095687
1565095618
1565095525
1565095399
1565018816
1565017170
1565016081
1565015739
1565015642
1565015551
1564987687
1564987485
1564921272
1564920270
1564898310
1564898157
1564898012
1564578304
1564578099
1564577723
1564494843
1564494378
1564494296
1564494086
1564493919
1564330718
1564330560
1564330376
1564330164
1564330109
1564329963
1564320939
1564319000
1564318141
1564247579
1564246608
1564246413
1564246336
1564246276
1564246169
1564246062
1564245983
1564245925
1564207159
1564153704
1564075899
1564074852
1564074576
1564074420
1564073689
1564073178
1564072987
1564072904
1564040579
1563980124
1563979938
1563903674
1563903383
1563903093
1563902626
1563902409
1563902110
1563901802
1563901130
1563900924
1563900850
1563892035
1563843896
1563843785
1563843690
1563843621
1563817911
1563817630
1563817509
1563816970
1563816860
1563814573
1563814235
1563813869
1563727871
1563727674
1563727500
1563726865
1563688282
1563554905
1563549513
1563549363
1563548968
1563548846
1563548693
1563548341
1563517324
1563516993
1563516646
1563516372
1563471127
1563461611
1563382289
1563382194
1563382097
1563381971
1563381744
1563381616
1563381494
1563381380
1563381317
1563192503
1563123844
1563123682
1563123232
1563123092
1563122972
1563122650
1563122395
1563122108
1563121964
1563105621
1563036540
1563036360
1563036257
1563036137
1563036018
1563035873
1563035760
1563035710
1563035525
1563035460
1562951027
1562950824
1562950663
1562950477
1562950290
1562950186
1562949980
1562949896
1562949789
1562949396
1562898788
1562897593
1562897241
1562897059
1562838561
1562823458
1562823320
1562778539
1562777349
1562776595
1562776287
1562776023
1562775700
1562740313
1562694710
1562693319
1562692981
1562692785
1562691848
1562674410
1562673054
1562606100
1562605759
1562605231
1562605039
1562604915
1562604415
1562591484
1562519552
1562519103
1562518949
1562518850
1562518725
1562518636
1562518408
1562488634
1562432295
1562432171
1562432117
1562431768
1562431667
1562425683
1562403062
1562402987
1562389784
1562345390
1562345172
1562344965
1562344847
1562344787
1562344690
1562344627
1562344567
1562344514
1562344473
1562322051
1562316604
1562260063
1562259561
1562259308
1562259079
1562259017
1562258916
1562258831
1562258724
1562258657
1562174897
1562174764
1562174590
1562174265
1562173947
1562173788
1562173716
1562173647
1562173579
1562173530
1562143005
1562138286
1562137735
1562137644
1562137140
1562137018
1562136938
1562136803
1562087188
1562087121
1562087052
1562086928
1562086658
1562086532
1562086153
1562062903
1562049406
1561988574
1561981662
1561961632
1561870148
1561784288
1561728890
1561720514
1561698746
1561646284
1561615929
1561615557
1561571587
1561562973
1561535879
1561476779
1561475284
1561474854
1561449889
1561444875
1561379719
1561354224
1561273903
1561194854
1561186108
1561099945
1561016976
1561008172
1560954939
1560932792
1560579860
1560433729
1560342691
1560268046
1560238536
1560144951
1560077786
1560061264
1560004167
1559972358
1559901630
1559825466
1559801116
1559734648
1559716417
1559629697
1559544416
1559401854
1559385967
1559372355
1559312354
1559302902
1559229187
1559025031
1558937321
1558764670
1558698988
1558687516
1558617549
1558591207
1558430019
1558418089
1558329304
1558246260
1558073844
1558003375
1557914462
1557832321
1557725741
1557583205
1557560848
1557500738
1557484205
1557409849
1557309033
1557247539
1557162708
1557128333
1557039104
1556783524
1556775957
1556706673
1556626675
1556611295
1556600800
1556517986
1556437138
1556377122
1556338646
1556287753
1556260947
1556207898
1556168875
1556087568
1555999517
1555913956
1555737324
1555564225
1555484193
1555393830
1555306231
1555128410
1555055072
1554885264
1554706044
1554628244
1554469312
1554367086
1554303559
1554216194
1554195047
1553961277
1553925067
1553693920
1553579120
1553503408
1553416922
1553330154
1553233500
1552474124
1552310398
1552215099
1552109954
1551958314
1551781777
1551614591
1551522954
1551193248
1551109752
1550920681
1550661888
1550497019
1550329587
1550221677
1549729776
1549549454
1549458182
1548917378
1548685956
1548330588
1548315721
1547891062
1547702655
1547479338
1546529077
1546238821
1545831206
1545765968
1545715933
1545458890
1545293762
1545025675
1544355559
1544266513
1544009016
1543482709
1543340234
1543231123
1543137978
1542804804
1542563025
1542305814
1542263407
1541777891
1539392978
1539163944
1538906713
1538739180
1538543229
1537610384
1537269034
1536681585
1536681453
1536681348
1536680946
1536680726
1536483964
1536482994
1536409917
1536408929
1536408428
1536407728
1536407272
1536174028
1536173484
