1618194904
1618185189
1618184085
1617915006
1617856229
1617674995
1617575061
1617485024
1616871882
1616641777
1616313128
1615745533
1615678643
1615340603
1615318778
1615245641
1614920394
1614741266
1613940529
1613844147
1613665020
1613606167
1613339410
1613247821
1613169957
1613082486
1613019377
1613006728
1613003134
1612916787
1612902505
1612638059
1612482716
1612381575
1612292841
1612241050
1612237708
1612199647
1611969982
1611873539
1611780276
1611778183
1611777688
1611762792
1611520051
1611500294
1611436193
1611431637
1611431338
1611274747
1611172716
1611172380
1611163571
1611151414
1611083927
1611081880
1611078092
1610988772
1610901056
1610644639
1610638062
1610585345
1610578572
1610555011
1610546950
1610498074
1610471859
1610471738
1610376298
1610329856
1610328818
1610293456
1610286212
1610284162
1610251533
1610211618
1610206748
1610155718
1610153983
1610125397
1610125090
1610123245
1610062724
1610050041
1610043805
1610040447
1610039691
1610021438
1610017302
1610009834
1609942032
1609934772
1609908985
1609901239
1609854637
1609854316
1609811323
1609808332
1609807362
1609804704
1609765181
1609763773
1609763289
1609729988
1609729544
1609712834
1609711906
1609677573
1609648147
1609641540
1609641254
1609641008
1609633527
1609632977
1609628735
1609624285
1609622149
1609619890
1609618169
1609572903
1609572189
1609563215
1609563035
1609556349
1609527828
1609513503
1609510140
1609484315
1609477961
1609475863
1609470182
1609458647
1609453572
1609385606
1609385257
1609384021
1609375615
1609374925
1609373974
1609337513
1609300761
1609298795
1609267037
1609214997
1609211656
1609205580
1609199190
1609198177
1609197418
1609193577
1609162480
1609160180
1609159924
1609159137
1609136552
1609136237
1609118071
1609116708
1609116532
1609115950
1609114128
1609090881
1609036316
1609034917
1609031414
1609031329
1609023832
1609023335
1608982578
1608952952
1608947076
1608942870
1608940352
1608867111
1608857562
1608854967
1608854297
1608851693
1608850420
1608788463
1608778056
1608775068
1608774667
1608682588
1608681575
1608681017
1608677506
1608676043
1608670993
1608670229
1608666565
1608609475
1608608047
1608607523
1608592985
1608582578
1608580746
1608570627
1608565357
1608529153
1608521584
1608520889
1608513361
1608512409
1608511848
1608510829
1608510188
1608493535
1608432417
1608431833
1608428131
1608426843
1608421708
1608420670
1608420353
1608419949
1608413692
1608408334
1608405717
1608404967
1608402966
1608401083
1608354919
1608348041
1608346634
1608346131
1608341557
1608337338
1608333760
1608333424
1608332198
1608323728
1608266445
1608266298
1608255849
1608236313
1608235125
1608234535
1608179582
1608161850
1608160487
1608159605
1608158760
1608156743
1608155824
1608154917
1608153775
1608152844
1608149207
1608141685
1608139320
1608082693
1608082217
1608081006
1608075513
1608073275
1608068527
1608066425
1608065741
1608058622
1608058079
1608048959
1608048448
1608006754
1608006503
1608002140
1608001864
1608001671
1608001427
1608001094
1608000750
1607986971
1607984884
1607984365
1607979116
1607976706
1607974694
1607973783
1607962846
1607961239
1607912762
1607911017
1607905742
1607904118
1607902919
1607892074
1607890073
1607889449
1607887428
1607885367
1607884193
1607883017
1607881021
1607878468
1607871586
1607830386
1607828799
1607826582
1607820744
1607813187
1607810597
1607809793
1607809106
1607805562
1607804685
1607798459
1607797626
1607796722
1607780398
1607779492
1607778935
1607740429
1607738112
1607737488
1607737296
1607736721
1607732640
1607723588
1607714121
1607713838
1607713621
1607709893
1607704017
1607699688
1607656739
1607650956
1607642319
1607640483
1607638032
1607633776
1607633138
1607628673
1607628189
1607624299
1607623184
1607622393
1607620604
1607620107
1607609981
1607561858
1607560429
1607559234
1607552566
1607545568
1607543475
1607542637
1607537394
1607536914
1607535851
1607466012
1607458036
1607457227
1607440573
1607439120
1607438320
1607433063
1607384855
1607382490
1607381691
1607380986
1607378478
1607373678
1607372092
1607370181
1607369545
1607368422
1607364596
1607362924
1607362310
1607322199
1607314688
1607308324
1607290887
1607289109
1607278972
1607275481
1607274423
1607273657
1607272228
1607268899
1607227632
1607221037
1607214152
