1593460006
1593458443
1593457601
1593455438
1593454087
1593452765
1593452219
1593450107
1593448307
1593444363
1593433155
1593430529
1593423742
1593367886
1593365632
1593352004
1593351222
1593348055
1593346822
1593341705
1593340944
1593279400
1593274321
1593268956
1593257760
1593243372
1593238498
1593235409
1593233347
1592996842
1592994518
1592989877
1592985831
1592978851
1592931188
1592929677
1592922651
1592919458
1592916967
1592914712
1592914225
1592913908
1592913146
1592912946
1592907341
1592884155
1592882969
1592882485
1592880504
1592879802
1592879481
1592879227
1592877620
1592876951
1592842071
1592839581
1592838659
1592837987
1592836431
1592833015
1592832657
1592831910
1592825917
1592824467
1592823306
1592753503
1592747167
1592746566
1592742968
1592737363
1592731539
1592728251
1592726015
1592723557
1592720584
1592718744
1592636849
1592575072
1592547595
1592546207
1592542060
1592538222
1592482747
1592480288
1592472194
1592468040
1592460517
1592460102
1592422255
1592401261
1592400268
1592395979
1592393293
1592392455
1592381488
1592371961
1592361991
1592360332
1592324657
1592309695
1592301918
1592297066
1592273728
1592273022
1592272538
1592233824
1592123685
1592121480
1592117772
1592113282
1592104952
1592102208
1592060507
1592059222
1592057451
1592044326
1592039921
1592029323
1592026666
1592021772
1592018902
1592015894
1592000418
1591984180
1591973482
1591958050
1591952761
1591950457
1591948868
1591946839
1591934775
1591883054
1591877668
1591875852
1591860060
1591856094
1591855736
1591841565
1591840237
1591816624
1591803386
1591802917
1591785241
1591762774
1591713524
1591689016
1591685951
1591678846
1591623885
1591614280
1591610063
1591592473
1591590726
1591584732
1591536342
1591526645
1591523582
1591519777
1591502734
1591501057
1591470649
1591453831
1591452013
1591447474
1591433561
1591428266
1591426342
1591422817
1591411877
1591410927
1591386658
1591382120
1591380269
1591377544
1591375026
1591372767
1591372041
1591371180
1591368953
1591366807
1591365586
1591364911
1591361277
1591352167
1591316724
1591316023
1591310812
1591304053
1591303287
1591297570
1591296030
1591229872
1591226756
1591208731
1591207101
1591203350
1591200738
1591198739
1591198314
1591197977
1591194516
1591189831
1591189213
1591061476
1591049950
1591043930
1591040408
1591036830
1591035906
1591035064
1591024427
1591014655
1591011902
1590995032
1590958974
1590946337
1590940412
1590939812
1590939296
1590938045
1590937879
1590931511
1590930382
1590911427
1590855623
1590855437
1590851666
1590851386
1590850514
1590782998
1590780488
1590779436
1590774129
1590765065
1590762911
1590762532
1590755212
1590682176
1590681084
1590680416
1590669804
1590603758
1590602577
1590601203
1590599962
1590599637
1590597179
1590596641
1590587957
1590575641
1590573216
1590502917
1590501877
1590500637
1590429450
1590426112
1590425779
1590422814
1590416959
1590413234
1590411135
1590394441
1590383371
1590378907
1590330640
1590329496
1590326253
1590325550
1590239067
1590238207
1590237288
1590172335
1590171530
1590169430
1590168593
1590151132
1590076264
1590072490
1590069383
1590067295
1589992560
1589913759
1589910861
1589908754
1589907760
1589906908
1589905503
1589903966
1589823636
1589823146
1589822994
1589821491
1589820253
1589801367
1589801240
1589731910
1589731442
1589730409
1589727190
1589725809
1589721357
1589719502
1589717749
1589553479
1589552615
1589547524
1589544966
1589543940
1589540191
1589536918
1589535630
1589535427
1589531715
1589530640
1589387003
1589386403
1589383718
1589382871
1589380774
1589380484
1589222893
1589222807
1589221704
1589220290
1589219293
1589125451
1589122564
1589121481
1589121093
1589120378
1589118820
1589116163
1589048291
1589046913
1589045429
1589045271
1589045152
1589043479
1589042838
1589042240
1589041776
1589041173
1589040301
1589040014
1588950836
1588946091
1588677808
1588677742
1588675026
1588516448
1588511780
1588510588
1588496472
1588494447
1588493938
1588490492
1588447330
1588445729
1588442880
1588438272
1588437818
1588434809
1588428391
1588426422
1588333941
1588332591
1588331923
1588274768
1588269846
1588266478
1588265988
1588265194
1588264076
1588262873
1588260763
1588191531
1588191024
1588189608
1588189090
1588187821
1588101163
1588098776
1588098503
1588096797
1588095452
1588092629
1588091199
1588085960
1588083556
1588082238
1588079596
1588013544
1588012526
1588012426
1588012347
1587922228
1587921560
1587827467
1587824695
1587785800
1587785251
1587781947
1587779598
1587747039
1587741693
1587740307
1587738724
1587734439
1587725223
1587721979
1587665361
1587661957
1587659650
1587658208
1587656468
1587654783
1587654217
1587652100
1587651095
1587647779
1587647170
1587646604
1587646172
1587619588
1587579267
1587568078
1587567477
1587566971
1587541777
1587486793
1587485483
1587481252
1587477697
1587472274
1587470435
1587468166
1587459956
1587456104
1587450754
1587407489
1587406930
1587402533
1587401086
1587398997
1587395421
1587394276
1587390644
1587388978
1587387325
1587380967
1587321807
1587317266
1587313910
1587308634
1587304945
1587302483
1587301776
1587300540
1587298913
1587287298
1587234763
1587231564
1587225494
1587224373
1587221803
1587221001
1587217587
1587216311
1587214819
1587213231
1587212418
1587212178
1587194365
1587189168
1587148281
1587145133
1587144476
1587142122
1587140919
1587135564
1587133141
1587130967
1587130575
1587055678
1587052102
1587051446
1587043746
1587043040
1587042209
1587042008
1587041437
1587037355
1587034630
1587029150
1586967712
1586965454
1586959897
1586957837
1586956775
1586955535
1586955131
1586954378
1586953839
1586870498
1586868485
1586867080
1586866569
1586866020
1586745235
1586714681
1586713554
1586712564
1586707932
1586700468
1586698735
1586612054
1586611064
1586610180
1586609138
1586593745
1586591943
1586588554
1586543491
1586543196
1586530318
1586526260
1586514746
1586506288
1586504408
1586451571
1586440618
1586437838
1586437242
1586363076
1586355258
1586352915
1586351518
1586350287
1586342847
1586339338
1586267556
1586265064
1586256353
1586249497
1586247478
1586242168
1586189372
1586188062
1586182075
1586176153
1586175103
1586174744
1586102443
1586098474
1586095137
1586093249
1586011897
1586011445
1586011231
1586009681
1586008582
1586006161
1586002081
1585928082
1585926469
1585924158
1585922791
1585921742
1585910459
1585909373
1585850007
1585834794
1585833607
1585832002
1585828570
1585827377
1585822920
1585821958
1585764421
1585748865
1585739788
1585663453
1585661882
1585660467
1585658434
1585656960
1585611425
1585607232
1585605957
1585582039
1585578827
1585574090
1585490746
1585386120
1585330457
1585320221
1585311903
1585224024
1585215371
1585145067
1585060722
1585052570
1584967408
1584964989
1584884839
1584868451
1584863502
1584794817
1584792207
1584791322
1584789387
1584784864
1584711168
1584709507
1584706126
1584697084
1584623654
1584620775
1584615632
1584613462
1584604560
1584546572
1584535250
1584528247
1584516200
1584462384
1584460440
1584451705
1584447995
1584367697
1584358804
1584268396
1584263765
1584257970
1584205570
1584202232
1584199293
1584193912
1584109153
1584086427
1584022809
1584021659
1583935752
1583933125
1583928207
1583849860
1583828861
1583823704
1583755223
1583729227
1583669925
1583666003
1583659750
1583591320
1583589815
1583497673
1583421794
1583401541
1583330103
1583319929
1583313582
1583310182
1583302810
1583252592
1583250439
1583247513
1583244414
1583242716
1583235859
1583235058
1583224784
1583068539
1583061968
1583045382
1582980138
1582973143
1582966110
1582950475
1582897726
1582896549
1582887919
1582886565
1582879748
1582869646
1582810415
1582809190
1582806795
1582802204
1582793219
1582792453
1582725817
1582723522
1582720150
1582715053
1582712104
1582710168
1582632224
1582631262
1582630676
1582630163
1582625843
1582623368
1582609040
1582561046
1582555054
1582552118
1582548795
1582529133
1582452780
1582438640
1582378825
1582376580
1582369791
1582361197
1582345691
1582211857
1582209765
1582199299
1582119636
1582119536
1582112198
1582093572
1582036060
1582034996
1582034805
1582012341
1581944191
1581943532
1581943059
1581935688
1581876925
1581863043
1581861465
1581860031
1581857760
1581848816
1581786314
1581783976
1581782615
1581774364
1581768092
1581767992
1581690012
1581679919
1581678775
1581667178
1581658790
1581607305
1581606799
1581606617
1581605261
1581598150
1581519099
1581518980
1581517897
1581514804
1581436183
1581434912
1581425494
1581340751
1581340057
1581339754
1581337925
1581331827
1581239947
1581146663
1581079631
1581055664
1580994185
1580973117
1580873918
1580826910
1580819919
1580819467
1580819175
1580818926
1580818316
1580808873
1580772209
1580746692
1580715064
1580656134
1580655550
1580654036
1580645133
1580563734
1580560562
1580558588
1580479134
1580469885
1580469102
1580468019
1580392887
1580392369
1580386539
1580373834
1580369478
1580368173
1580307442
1580299530
1580292895
1580291864
1580287170
1580213732
1580212882
1580209775
1580207666
1580206551
1580129204
1580125917
1580121811
1579961406
1579952101
1579949650
1579879434
1579877883
1579875674
1579786891
1579706823
1579704686
1579686009
1579621598
1579616823
1579596820
1579539099
1579515764
1579504319
1579434251
1579431249
1579355998
1579355228
1579355023
1579342779
1579342303
1579311047
1579266186
1579258723
1579252739
1579172959
1579166463
1579098726
1579098397
1579019837
1579007527
1579005440
1579003944
1578926880
1578925521
1578921832
1578908649
1578904337
1578837700
1578836827
1578754695
1578754277
1578752860
1578721359
1578719468
1578719183
1578661469
1578654117
1578651759
1578646350
1578590976
1578575800
1578574586
1578574097
1578569989
1578501088
1578487370
1578465075
1578411285
1578401991
1578324794
1578315821
1578314535
1578311913
1578310890
1578295960
1578245754
1578242063
1578241257
1578238714
1578238458
1578220023
1578215775
1578155591
1578153069
1578147756
1578144179
1578117381
1578115788
1578065719
1578062759
1578051368
1578040779
1578036621
1578011390
1578006439
1577971354
1577960140
1577872191
1577871384
1577853701
1577849152
1577820192
1577709531
1577709383
1577630250
1577625771
1577625369
1577623514
1577614485
1577534528
1577528130
1577521494
1577518647
1577453355
1577453058
1577446483
1577440965
1577440701
1577440234
1577436448
1577427610
1577368182
1577360630
1577358797
1577357375
1577351018
1577292672
1577277067
1577273071
1577192635
1577192467
1577192205
1577191814
1577119873
1577111876
1577081319
1577040862
1577040802
1577021466
1576980355
1576980002
1576935418
1576932402
1576930999
1576929344
1576925452
1576914667
1576902730
1576854121
1576761311
1576676665
1576665270
1576663599
1576416781
1576389040
1576336097
1576328570
1576319539
1576318987
1576316475
1576313452
1576312243
1576309570
1576309085
1576236329
1576232388
1576225511
1576223021
1576160467
1576155774
1576142288
1576140475
1576138756
1576078457
1576077699
1576070187
1576067515
1575908827
1575902918
1575902387
1575896707
1575895478
1575807665
1575798049
1575792161
1575790558
1575726046
1575724134
1575722739
1575710145
1575656290
1575644054
1575643338
1575635969
1575622978
1575619975
1575565829
1575558549
1575558068
1575549555
1575536640
1575473147
1575471614
1575467264
1575465011
1575463312
1575447297
1575397269
1575389954
1575388338
1575387760
1575381165
1575354273
1575298896
1575295094
1575285753
1575278302
1575211121
1575208533
1575206166
1575204571
1575198204
1575189005
1575186940
1575124407
1575123153
1575119220
1575114841
1575113413
1575112071
1575040035
1575031506
1575023045
1575017614
1575014972
1575014357
1574951963
1574948021
1574942656
1574939249
1574938431
1574787179
1574768242
1574677016
1574675373
1574672269
1574599074
1574589226
1574586552
1574573173
1574514025
1574504630
1574503569
1574427392
1574426647
1574425668
1574424898
1574424816
1574423843
1574419693
1574418875
1574418688
1574418459
1574417411
1574347807
1574340696
1574338422
1574329232
1574318466
1574317082
1574253454
1574247924
1574245058
1574233021
1574231727
1574166536
1574165771
1574162405
1574145745
1574081349
1574081081
1574073259
1574072767
1574067242
1573995585
1573995382
1573993751
1573985588
1573984553
1573970435
1573918253
1573916132
1573915219
1573908733
1573908129
1573904865
1573897614
1573886834
1573835564
1573829681
1573820340
1573819685
1573818266
1573796019
1573748457
1573747367
1573742082
1573741473
1573738862
1573726544
1573725581
1573717357
1573650473
1573650335
1573649330
1573641313
1573640368
1573639097
1573638761
1573635774
1573629614
1573545182
1573541782
1573396926
1573396525
1573393786
1573372590
1573287631
1573138767
1573137143
1573046700
1573044675
1573019501
1572964554
1572959379
1572955709
1572954343
1572944298
1572885443
1572885123
1572884167
1572878622
1572875129
1572865725
1572860065
1572794387
1572793271
1572791889
1572782365
1572768522
1572767472
1572709808
1572708002
1572690920
1572686487
1572623219
1572622954
1572618484
1572616274
1572613510
1572536313
1572523654
1572521512
1572518830
1572517556
1572510226
1572438770
1572435313
1572428031
1572421425
1572417711
1572363874
1572352598
1572346678
1572338238
1572288882
1572276346
1572267271
1572254830
1572251147
1572241251
1572235052
1572231828
1572184843
1572183642
1572182605
1572168816
1572152260
1572104484
1572102001
1572095743
1572094460
1572078550
1572010284
1572009999
1572008017
1571931450
1571921666
1571881761
1571840416
1571763543
1571762954
1571760602
1571745674
1571679237
1571670866
1571663540
1571661286
1571661115
1571659193
1571657627
1571652655
1571574116
1571572465
1571499670
1571494815
1571491968
1571487745
1571415722
1571412169
1571395744
1571316685
1571316090
1571205385
1571143561
1571138015
1571135630
1571133920
1571051557
1571047090
1570974921
1570968373
1570884333
1570881175
1570869295
1570797061
1570796786
1570782202
1570770149
1570712572
1570711855
1570708048
1570631270
1570627749
1570538944
1570537398
1570461755
1570453235
1570444127
1570369581
1570368434
1570303645
1570287771
1570276065
1570197202
1570190616
1570174266
1570101227
1570097808
1570020782
1570016565
1569937006
1569930923
1569842363
1569831123
1569689325
1569675547
1569663014
1569596637
1569588128
1569583481
1569503880
1569493703
1569486484
1569420653
1569419676
1569411306
1569333695
1569324820
1569314467
1569243354
1569242572
1569150840
1569076455
1569071172
1569068842
1569064192
1568981306
1568979627
1568960803
1568901028
1568895959
1568891345
1568875209
1568820827
1568816975
1568815406
1568804985
1568803162
1568801582
1568730136
1568726409
1568709123
1568651261
1568645051
1568640540
1568516103
1568467772
1568459936
1568456788
1568449194
1568367920
1568317623
1568297208
1568276373
1568273063
1568212028
1568204794
1568191726
1568187685
1568040759
1568035459
1568034725
1567950183
1567857524
1567773400
1567752083
1567750925
1567679353
1567676082
1567513107
1567510380
1567502104
1567429524
1567429122
1567426260
1567265688
1567180126
1567079472
1567075920
1566914414
1566913390
1566912502
1566844141
1566819451
1566739268
1566738505
1566734250
1566732122
1566645523
1566626217
1566566493
1566566025
1566552811
1566488656
1566481687
1566478595
1566403482
1566391658
1566296424
1566295399
1566219386
1566218529
1566212881
1566137022
1566135368
1565947608
1565933081
1565873064
1565870432
1565869614
1565788317
1565784876
1565682783
1565675094
1565618767
1565614867
1565587490
1565527779
1565514600
1565440181
1565436962
1565434414
1565343362
1565327717
1565255806
1565192322
1565187871
1565186427
1565171917
1565085921
1565011812
1565008719
1565003635
1564920602
1564911103
1564836211
1564757754
1564751510
1564741193
1564669081
1564664888
1564645630
1564572819
1564570193
1564560655
1564493848
1564483519
1564477117
1564397445
1564392446
1564323734
1564321823
1564308219
1564299727
1564229286
1564222339
1564145808
1564117229
1564056643
1564049493
1564031836
1563974494
1563971828
1563970715
1563963584
1563892514
1563885416
1563875485
1563625051
1563617398
1563613587
1563548078
1563545827
1563542700
1563538026
1563533712
1563528517
1563518964
1563471206
1563455059
1563349373
1563290512
1563287667
1563279891
1563193997
1563188834
1563185859
1563105842
1563103702
1563100970
1562934888
1562851093
1562667177
1562658218
1562593541
1562592597
1562586410
1562570418
1562505941
1562504767
1562500039
1562485528
1562482151
1562422142
1562417037
1562415132
1562413211
1562326855
1562323106
1562322714
1562318464
1562245225
1562230535
1562226034
1562158990
1562154266
1562152378
1562068452
1562067544
1562061042
1561985997
1561983868
1561981076
1561969832
1561963097
1561897933
1561883971
1561802507
1561801794
1561801609
1561796008
1561792654
1561787258
1561783819
1561727958
1561723144
1561720180
1561719428
1561716876
1561710580
1561647947
1561641574
1561630203
1561628458
1561543114
1561473810
1561470596
1561467956
1561283055
1561274432
1561272999
1561269730
1561219066
1561212020
1561210080
1561207051
1561199438
1561128702
1561127094
1561125991
1561122900
1561115957
1561113354
1561111848
1561107140
1561104303
1561049759
1561048934
1561046855
1561046024
1561045368
1561043190
1561028685
1561023736
1561022334
1561021812
1561017464
1561010433
1561008160
1561006172
1560937552
1560869460
1560860612
1560858197
1560857017
1560855019
1560848673
1560848071
1560834249
1560772891
1560770226
1560764518
1560761665
1560754881
1560754053
1560683377
1560683238
1560594123
1560593937
1560592934
1560588395
1560588011
1560583563
1560528714
1560517373
1560512140
1560511763
1560510093
1560506109
1560438814
1560438131
1560437176
1560434274
1560432323
1560429294
1560421490
1560345149
1560343362
1560333461
1560327415
1560261899
1560246463
1560245298
1560235165
1560179914
1560175424
1560174640
1560172200
1560156658
1560156211
1560090319
1560087515
1560084117
1560078379
1560075023
1560066498
1560004050
1560003036
1560000441
1559993620
1559923082
1559904802
1559903907
1559838250
1559832413
1559830245
1559736703
1559732646
1559711611
1559645264
1559639966
1559562324
1559547428
1559540917
1559468769
1559460456
1559389477
1559373571
1559280163
1559220005
1559117642
1558852394
1558846500
1558807604
1558803972
1558622558
1558611302
1558610356
1558533559
1558533428
1558530638
1558440677
1558437888
1558368555
1558355740
1558352549
1558272842
1558267458
1558255515
1558254304
1558190720
1558187644
1558180183
1558175473
1558106573
1558101524
1558099623
1558092455
1558020927
1558019609
1558019325
1558018063
1557937478
1557930179
1557928456
1557926160
1557675349
1557669773
1557601323
1557601063
1557598010
1557589896
1557588140
1557585741
1557584557
1557506063
1557504006
1557501857
1557496967
1557495902
1557494509
1557419872
1557416822
1556952134
1556869334
1556862582
1556794262
1556781382
1556776075
1556703290
1556691359
1556690149
1556549313
1556530863
1556522391
1556468446
1556437008
1556433689
1556432044
1556431515
1556371060
1556369858
1556294901
1556188059
1556178840
1556170365
1556109169
1556096708
1556086041
1556014778
1556005427
1556002812
1556002262
1555938956
1555928666
1555914551
1555910474
1555834502
1555831027
1555829628
1555767168
1555764493
1555756283
1555743443
1555677920
1555588589
1555587722
1555576676
1555500373
1555489824
1555412068
1555399173
1555392850
1555335195
1555327358
1555320466
1555310740
1555238531
1555231151
1555229420
1555166183
1555159416
1555155518
1555153031
1555134741
1555073051
1555067931
1555061170
1555045768
1554987299
1554985414
1554974209
1554901573
1554893443
1554784486
1554718391
1554709449
1554702312
1554631379
1554630647
1554542493
1554537573
1554528786
1554465126
1554458728
1554456166
1554387994
1554365708
1554284938
1554204348
1554199962
1554119870
1554111551
1554104930
1554030146
1554019344
1554015940
1553932173
1553854833
1553774164
1553770988
1553690221
1553687238
1553596763
1553594519
1553585214
1553516943
1553509005
1553507028
1553504974
1553429436
1553420297
1553415644
1553342549
1553336832
1553333147
1553266303
1553259482
1553253395
1553249384
1553158265
1553153976
1553137934
1553137551
1553095968
1553075162
1553068074
1553003867
1552989287
1552913659
1552913299
1552912921
1552816340
1552807955
1552729254
1552721221
1552642412
1552639955
1552562674
1552558420
1552550607
1552484300
1552387564
1552385446
1552313441
1552311576
1552211193
1552204181
1552042676
1552039901
1552035309
1551954988
1551953079
1551867925
1551777975
1551772534
1551685864
1551617447
1551613338
1551608764
1551530578
1551526222
1551447330
1551437442
1551357456
1551352673
1551351355
1551350184
1551264262
1551177599
1551176770
1551092023
1551006288
1551003409
1550918730
1550833000
1550744904
1550741631
1550658869
1550658313
1550572996
1550485645
1550314029
1550227049
1550225915
1550224550
1550052909
1550051500
1549968563
1549964491
1549880879
1549878076
1549794203
1549792331
1549710385
1549705514
1549626838
1549621180
1549538438
1549534795
1549450304
1549449598
1549436037
1549369402
1549362529
1549280669
1549274390
1549191469
1549105683
1549103355
1549016718
1549013597
1548934703
1548843651
1548841392
1548756096
1548747200
1548669626
1548584674
1548582792
1548498867
1548494337
1548487874
1548411762
1548407866
1548404595
1548323193
1548311657
1548238246
1548238182
1548152425
1548145153
1548135140
1548060868
1547978332
1547975616
1547893918
1547892621
1547806351
1547792614
1547789878
1547723324
1547705300
1547634365
1547631379
1547621404
1547547619
1547451228
1547365135
1547279982
1547274854
1547202883
1547116221
1547031778
1547017546
1546942167
1546928670
1546856862
1546672330
1546597933
1546595934
1546514032
1546499462
1546425025
1546338510
1546253296
1546249347
1546165655
1546153196
1546143940
1546081758
1546064488
1545992579
1545906932
1545896037
1545645161
1545631947
1545562281
1545559646
1545203587
1545032211
1544867408
1544782600
1544694742
1544522315
1544429720
1544418538
1544348411
1544341199
1544181583
1544087413
1544004637
1543919009
1543835929
1543732283
1543727301
1543660272
1543649831
1543573021
1543571800
1543488400
1543480376
1543478080
1543225266
1543139664
1543138640
1543136764
1543044722
1543034563
1542954114
1542879779
1542795292
1542783266
1542709738
1542632709
1542529265
1542526425
1542514048
1542450150
1542363649
1542363443
1542280768
1542190466
1542188958
1542181692
1542032226
1541929964
1541926963
1541845450
1541756873
1541660742
1541655182
1541590911
1541580937
1541566437
1541502782
1541490228
1541487534
1541420270
1541385383
1541332249
1541315339
1541308306
1541268479
1541230477
1541228985
1541224115
1541169278
1541067964
1541067164
1541061589
1541061418
1540994811
1540807125
1540713562
1540465240
1540462059
1540381319
1540366606
1540365128
1540363913
1540291646
1540217305
1540121481
1540120436
1540120089
1540048821
1540036196
