1593444638
1593441997
1593436933
1593435338
1593431293
1593429653
1593429245
1593423907
1593421487
1593417636
1593414936
1593413933
1593409699
1593368182
1593361178
1593360298
1593359109
1593354619
1593352547
1593347301
1593346229
1593345844
1593344450
1593339314
1593333043
1593272435
1593271261
1593268552
1593265951
1593260913
1593249705
1593234641
1593185971
1593181825
1593167366
1593162786
1593131067
1593099181
1593093995
1593092773
1593081195
1593045147
1593024191
1593013727
1593012508
1593010827
1593010216
1593008178
1593006858
1593005840
1593004853
1592999857
1592998826
1592995837
1592992815
1592986938
1592979955
1592956595
1592928737
1592927145
1592925326
1592924309
1592922630
1592919496
1592917544
1592915736
1592914734
1592914117
1592911376
1592907178
1592902949
1592902511
1592888144
1592883632
1592881561
1592845953
1592840689
1592837202
1592835024
1592826997
1592821942
1592821073
1592819460
1592815515
1592807577
1592804314
1592792743
1592755824
1592753346
1592751638
1592747694
1592743243
1592733643
1592728236
1592717940
1592690432
1592670615
1592667059
1592665721
1592663884
1592661865
1592646513
1592639131
1592635041
1592583742
1592578478
1592570752
1592560697
1592558304
1592544998
1592541016
1592495232
1592491517
1592491495
1592485260
1592473086
1592466063
1592455218
1592406095
1592406038
1592406014
1592405987
1592405966
1592405378
1592404990
1592401485
1592391926
1592382454
1592372202
1592318751
1592317845
1592317242
1592316647
1592315793
1592314339
1592300052
1592244394
1592212123
1592121376
1592098676
1592062117
1592056815
1592055059
1592053607
1592053228
1592051533
1592046141
1592042193
1592038105
1592034474
1592025292
1592019014
1591969222
1591965948
1591954857
1591948940
1591948210
1591925531
1591883890
1591879157
1591878391
1591872786
1591870350
1591867927
1591864929
1591858338
1591850356
1591803135
1591801255
1591797034
1591795844
1591794996
1591794964
1591794936
1591793091
1591792224
1591785128
1591784576
1591783350
1591781542
1591776139
1591770904
1591761296
1591728026
1591717849
1591716228
1591714966
1591711817
1591709557
1591708575
1591707768
1591706175
1591699819
1591697185
1591693930
1591693057
1591691551
1591689322
1591685158
1591680743
1591677043
1591631330
1591628059
1591626753
1591623165
1591619663
1591615928
1591612368
1591609562
1591603871
1591600691
1591597827
1591594210
1591590641
1591547760
1591540413
1591539255
1591537519
1591535341
1591534117
1591528559
1591522341
1591520661
1591518741
1591515634
1591507986
1591504330
1591457143
1591454105
1591453106
1591451558
1591448931
1591445172
1591442133
1591436716
1591432866
1591431495
1591421705
1591371144
1591368536
1591363972
1591361472
1591351808
1591344495
1591335004
1591282163
1591277852
1591277413
1591276804
1591273685
1591267227
1591253138
1591199575
1591194748
1591192722
1591191266
1591186540
1591182925
1591174741
1591172005
1591169139
1591113353
1591112786
1591111850
1591104668
1591103446
1591102859
1591096858
1591093852
1591089041
1591083644
1591075339
1591025439
1591020048
1591016448
1591003835
1590998421
1590991226
1590982246
1590940880
1590936011
1590935169
1590932750
1590931251
1590929713
1590927631
1590923430
1590921023
1590918052
1590906642
1590859980
1590855617
1590850834
1590848219
1590844246
1590840021
1590829361
1590823829
1590763736
1590763248
1590759944
1590756324
1590755410
1590754529
1590743109
1590740407
1590681626
1590680725
1590680455
1590679959
1590672668
1590664541
1590588936
1590588053
1590579637
1590575719
1590567429
1590516046
1590509726
1590507065
1590506448
1590506134
1590499951
1590494484
1590493520
1590417486
1590412754
1590411626
1590401438
1590400527
1590322532
1590314800
1590309182
1590305940
1590252475
1590250339
1590249333
1590247515
1590246927
1590246354
1590244519
1590235349
1590226215
1590222031
1590219022
1590165127
1590164131
1590161413
1590160825
1590160534
1590159634
1590158433
1590147506
1590137419
1590057651
1590048011
1589988611
1589983228
1589961163
1589904933
1589904345
1589903737
1589902326
1589817953
1589814961
1589813129
1589809542
1589806722
1589805629
1589804753
1589794254
1589788810
1589733330
1589732185
1589731555
1589731321
1589730507
1589728228
1589726532
1589725957
1589724177
1589722839
1589722240
1589720434
1589719012
1589712151
1589703316
1589698721
1589646026
1589642719
1589640022
1589637618
1589636158
1589634913
1589631057
1589623324
1589612028
1589554846
1589551536
1589550422
1589550183
1589545836
1589543125
1589539525
1589530537
1589472244
1589470637
1589465706
1589464806
1589463915
1589461373
1589459744
1589454731
1589447300
1589437846
1589430605
1589384441
1589383558
1589382643
1589382075
1589380831
1589379318
1589377240
1589375763
1589371242
1589363169
1589296336
1589294181
1589291608
1589269726
1589211607
1589211381
1589210127
1589208972
1589206326
1589197333
1589128809
1589127357
1589127062
1589126621
1589125489
1589123435
1589122408
1589112995
1589099635
1589096199
1589042423
1589040790
1589038885
1589038049
1589037345
1589035510
1589030113
1589029325
1589026492
1589018712
1589012888
1588953628
1588953402
1588951850
1588950623
1588945804
1588944638
1588941938
1588940124
1588936819
1588924139
1588866136
1588865414
1588862740
1588861005
1588860014
1588856722
1588852108
1588841229
1588782920
1588782171
1588781412
1588781138
1588779496
1588776038
1588761935
1588613561
1588609473
1588609102
1588608419
1588607145
1588606205
1588605641
1588603633
1588601416
1588597033
1588587741
1588521623
1588519437
1588515628
1588508126
1588506633
1588492824
1588482988
1588433425
1588432825
1588430120
1588425646
1588422020
1588345223
1588172188
1588169707
1588169151
1588168499
1588167074
1588165212
1588163404
1588159270
1588147528
1588085125
1588083877
1588083689
1588080681
1588000547
1587999212
1587997265
1587996015
1587995438
1587994741
1587985100
1587982749
1587980044
1587918695
1587917788
1587916152
1587915760
1587913288
1587909145
1587901212
1587891634
1587828617
1587828151
1587826858
1587826665
1587825119
1587822670
1587822558
1587794108
1587747198
1587745404
1587741655
1587740172
1587739134
1587722446
1587714622
1587659669
1587658835
1587657022
1587656887
1587656139
1587655530
1587654100
1587653369
1587644952
1587625587
1587571432
1587570874
1587568820
1587561132
1587550628
1587534043
1587485714
1587484566
1587480351
1587476122
1587464106
1587461938
1587460224
1587456607
1587444572
1587397531
1587395744
1587386119
1587384036
1587375006
1587365797
1587360770
1587313203
1587309536
1587307117
1587306445
1587304387
1587303622
1587300317
1587295259
1587290692
1587282349
1587278463
1587269721
1587228047
1587226027
1587214817
1587211831
1587201011
1587138701
1587137483
1587136526
1587136229
1587133689
1587131362
1587115079
1587110790
1587105114
1587055237
1587053437
1587051045
1587049207
1587048024
1587044404
1587043826
1587033028
1587027629
1587015627
1586965243
1586964609
1586962815
1586960105
1586939427
1586880647
1586880019
1586879407
1586878832
1586874616
1586873743
1586871005
1586869205
1586859329
1586847197
1586842558
1586788855
1586787828
1586779223
1586770298
1586709011
1586705412
1586703620
1586702147
1586700637
1586699408
1586698505
1586695855
1586692828
1586687577
1586674809
1586622622
1586620806
1586619014
1586617830
1586610934
1586603437
1586593846
1586589032
1586581462
1586536208
1586535306
1586532014
1586527853
1586527213
1586524822
1586523617
1586519438
1586507406
1586499035
1586450434
1586448025
1586445006
1586441719
1586440806
1586439014
1586437805
1586437256
1586436392
1586430926
1586420904
1586412608
1586364217
1586361661
1586360060
1586358060
1586357448
1586357139
1586354478
1586352604
1586350846
1586340388
1586279203
1586271834
1586264760
1586260102
1586252084
1586236577
1586187026
1586185853
1586183455
1586182270
1586180407
1586178604
1586178065
1586177435
1586176205
1586174719
1586167206
1586155245
1586101933
1586093518
1586092215
1586090433
1586089826
1586013657
1586010887
1586005374
1585995033
1585979835
1585929826
1585929796
1585929758
1585928858
1585926007
1585923022
1585921871
1585918833
1585911306
1585901774
1585897405
1585843825
1585842649
1585840548
1585839609
1585838229
1585836604
1585835768
1585830359
1585811729
1585758845
1585755029
1585750509
1585746033
1585735218
1585731322
1585727731
1585724426
1585672223
1585664517
1585661413
1585657830
1585656628
1585644311
1585585849
1585584613
1585583646
1585581628
1585577406
1585575045
1585574152
1585570943
1585562404
1585552236
1585500031
1585495804
1585494909
1585486834
1585474212
1585416380
1585413683
1585413032
1585411869
1585411249
1585408894
1585407726
1585404681
1585404250
1585400522
1585328543
1585326614
1585323007
1585322823
1585319404
1585318838
1585316405
1585314005
1585296551
1585249561
1585240814
1585234224
1585232582
1585227605
1585226444
1585219205
1585209622
1585201944
1585200335
1585153805
1585150333
1585148420
1585147812
1585142867
1585141204
1585139411
1585135460
1585134018
1585121872
1585115005
1585071452
1585065642
1585063825
1585059026
1585058423
1585055403
1585054803
1585053006
1585049456
1585047638
1585036805
1584981005
1584972620
1584972038
1584966625
1584958853
1584894830
1584893064
1584891006
1584889252
1584886534
1584882047
1584878441
1584874851
1584866110
1584806427
1584805648
1584803409
1584798526
1584792929
1584714006
1584709232
1584696440
1584633668
1584628213
1584622859
1584547240
1584541874
1584531067
1584520218
1584464051
1584451228
1584442530
1584435657
1584372623
1584370822
1584367834
1584361849
1584347403
1584277262
1584268238
1584257639
1584195491
1584186223
1584175831
1584118230
1584115812
1584104403
1584102507
1584097535
1584085179
1584081065
1584027032
1584023444
1584018035
1584016509
1584007842
1584006413
1583996444
1583995106
1583942423
1583934663
1583908848
1583856005
1583827807
1583820031
1583768452
1583764341
1583760067
1583757155
1583752996
1583740226
1583734113
1583725665
1583676603
1583673208
1583668044
1583659109
1583593235
1583588626
1583584808
1583575176
1583506818
1583500869
1583493291
1583418624
1583412619
1583396686
1583395406
1583331034
1583319695
1583301267
1583250447
1583247370
1583241967
1583229484
1583227143
1583225097
1583145664
1583070346
1583056793
1582986848
1582953274
1582902362
1582901318
1582894873
1582884017
1582871788
1582812728
1582808566
1582807210
1582790281
1582786402
1582732851
1582731308
1582726235
1582722641
1582715733
1582711278
1582700418
1582641008
1582637489
1582626546
1582560010
1582557039
1582549213
1582545061
1582539522
1582475040
1582471800
1582470617
1582467518
1582467319
1582464045
1582449460
1582380605
1582376408
1582369987
1582299192
1582298157
1582294216
1582292718
1582291819
1582212678
1582211744
1582206643
1582197614
1582129889
1582120536
1582118393
1582107266
1582101384
1582094120
1582036146
1582032662
1582012799
1581954460
1581953154
1581948636
1581945019
1581933680
1581932422
1581924946
1581858358
1581848014
1581843777
1581840586
1581782033
1581771167
1581765089
1581758152
1581754457
1581751680
1581701238
1581694330
1581683285
1581675086
1581604173
1581598997
1581588176
1581519639
1581509144
1581505407
1581492742
1581433203
1581431777
1581426023
1581422405
1581415281
1581405620
1581359700
1581339639
1581333658
1581318052
1581260438
1581257893
1581253714
1581246612
1581235459
1581162663
1581156199
1581137976
1581085872
1580998817
1580907833
1580893324
1580886470
1580831676
1580823074
1580811102
1580743807
1580739078
1580736329
1580724338
1580652632
1580648462
1580571079
1580567997
1580565591
1580558335
1580551844
1580488609
1580486556
1580484776
1580479560
1580474140
1580463596
1580398237
1580395978
1580394654
1580392914
1580389713
1580376792
1580309890
1580305514
1580300868
1580286640
1580230827
1580228625
1580211038
1580203373
1580182808
1580138180
1580134237
1580131478
1580130250
1580118583
1580110165
1580051127
1580043659
1580038060
1580021212
1579965579
1579962184
1579959217
1579954301
1579939619
1579884800
1579869703
1579862687
1579792639
1579775733
1579763579
1579707022
1579705853
1579702573
1579698368
1579694215
1579688459
1579677015
1579616119
1579614350
1579607585
1579602798
1579590030
1579536319
1579526849
1579518019
1579509683
1579449103
1579429273
1579421520
1579365019
1579361640
1579352401
1579341763
1579277126
1579272339
1579270181
1579268142
1579255161
1579187189
1579180195
1579177814
1579176187
1579172854
1579169059
1579158291
1579104016
1579102293
1579101877
1579098147
1579094237
1579090245
1579087881
1579083817
1579078702
1579072688
1579015805
1579014512
1579010501
1579006939
1578996564
1578931220
1578929414
1578928050
1578924620
1578920299
1578911457
1578898572
1578846929
1578846733
1578842229
1578839435
1578834167
1578832243
1578830635
1578823253
1578817260
1578760309
1578758665
1578756699
1578753405
1578751850
1578747615
1578743270
1578736573
1578726968
1578673564
1578672016
1578670227
1578667405
1578660504
1578655223
1578639637
1578585929
1578573684
1578565569
1578548241
1578497414
1578494159
1578492637
1578490073
1578488447
1578473675
1578411053
1578406218
1578402208
1578391451
1578325495
1578315776
1578307891
1578294053
1578245295
1578238343
1578233441
1578218419
1578147314
1578143249
1578132436
1578067543
1578061212
1578056800
1578047659
1578042923
1577983922
1577979226
1577957120
1577948995
1577893452
1577883597
1577877494
1577864146
1577806244
1577805131
1577802361
1577797380
1577785100
1577720664
1577715021
1577704176
1577635271
1577629266
1577620402
1577615100
1577602151
1577546996
1577538018
1577533429
1577460628
1577455871
1577452255
1577441958
1577374530
1577369398
1577365135
1577362538
1577277749
1577251336
1577202122
1577197545
1577194041
1577181775
1577116081
1577110869
1577108395
1577105989
1577103819
1577080891
1577029827
1577026234
1577020170
1577020076
1577018968
1577013104
1577011141
1577002618
1576945885
1576942345
1576941242
1576937515
1576934410
1576933527
1576912891
1576860559
1576855559
1576852024
1576846878
1576839699
1576836351
1576836191
1576829758
1576826092
1576770022
1576764598
1576749141
1576742366
1576693552
1576679427
1576678207
1576674066
1576670550
1576664743
1576653728
1576600377
1576596655
1576593664
1576591855
1576587792
1576581727
1576566354
1576513837
1576513687
1576513159
1576512521
1576511984
1576508633
1576505741
1576501645
1576491091
1576481317
1576427409
1576426525
1576423583
1576423512
1576420213
1576415750
1576393704
1576341491
1576337713
1576336183
1576330012
1576329109
1576324849
1576318270
1576310369
1576255899
1576250356
1576246231
1576242201
1576240650
1576238556
1576232502
1576220095
1576168731
1576164652
1576159981
1576157254
1576146294
1576138674
1576131990
1576129812
1576082379
1576081884
1576079417
1576073443
1576069179
1576064939
1576057203
1576050802
1576047496
1575990681
1575988960
1575987852
1575983744
1575981403
1575978199
1575969924
1575967508
1575961382
1575959574
1575942896
1575894159
1575891175
1575890155
1575887046
1575886046
1575881165
1575823326
1575820555
1575814810
1575810106
1575797374
1575762023
1575735731
1575731996
1575728190
1575724430
1575722894
1575713765
1575706250
1575641811
1575638899
1575627539
1575616331
1575550811
1575540757
1575535628
1575528840
1575468900
1575466504
1575441064
1575377985
1575366232
1575301073
1575296084
1575287891
1575281122
1575200734
1575196184
1575123118
1575111553
1575107612
1575033752
1575025326
1575025091
1574997634
1574940840
1574935699
1574924305
1574868432
1574868362
1574868282
1574860802
1574859070
1574850749
1574841268
1574818447
1574783429
1574782209
1574773473
1574763000
1574757349
1574753399
1574749121
1574695140
1574680391
1574678626
1574648374
1574608709
1574602207
1574580324
1574561079
1574521898
1574515921
1574504744
1574494921
1574487933
1574429342
1574418532
1574407266
1574346612
1574336125
1574331064
1574258155
1574249995
1574239524
1574226852
1574226813
1574220465
1574177422
1574169300
1574166143
1574159192
1574146979
1574074989
1574060423
1573996911
1573995003
1573986706
1573974491
1573899476
1573887175
1573829901
1573822816
1573813496
1573743556
1573736573
1573725712
1573714752
1573659026
1573657470
1573655723
1573641541
1573629838
1573554093
1573549241
1573486151
1573482358
1573479269
1573468253
1573467260
1573456672
1573392388
1573388659
1573379886
1573312962
1573276761
1573216460
1573207423
1573200857
1573196410
1573132967
1573115433
1573053516
1573045347
1573036278
1573023620
1572958806
1572948060
1572941768
1572876463
1572871457
1572860553
1572851098
1572786396
1572771750
1572702878
1572696999
1572678175
1572622929
1572621810
1572619990
1572599359
1572593306
1572591694
1572527943
1572517335
1572505923
1572444681
1572442742
1572440453
1572440443
1572440406
1572434590
1572434132
1572418341
1572412776
1572343819
1572339567
1572328498
1572261769
1572261719
1572256825
1572252314
1572246640
1572192888
1572192866
1572158203
1572158159
1572158115
1572105394
1572098307
1572087777
1572080352
1572080264
1572073275
1572073253
1572009449
1572009378
1572009337
1572009301
1571986915
1571931544
1571931510
1571931447
1571931417
1571914692
1571914586
1571844710
1571844642
1571844525
1571840548
1571826075
1571820342
1571817040
1571756905
1571751426
1571747142
1571744789
1571725665
1571725560
1571725400
1571672952
1571668334
1571668292
1571668241
1571657505
1571651350
1571641216
1571641162
1571641121
1571641052
1571583338
1571583285
1571583050
1571576014
1571553706
1571553652
1571552197
1571492439
1571480059
1571475730
1571468040
1571410825
1571399619
1571394719
1571307395
1571293002
1571236724
1571228118
1571206589
1571148902
1571142170
1571133626
1571123592
1571069726
1571057416
1571047917
1571040534
1570981130
1570976048
1570966686
1570954930
1570890032
1570887364
1570875686
1570864147
1570793715
1570783065
1570778103
1570717530
1570713002
1570701171
1570691391
1570665878
1570626010
1570617736
1570605174
1570600135
1570597086
1570589563
1570550518
1570533902
1570462769
1570452721
1570437359
1570424151
1570373661
1570365802
1570361955
1570356112
1570340552
1570318011
1570291370
1570285136
1570279603
1570257777
1570200385
1570192931
1570168521
1570113711
1570105086
1570096958
1570085720
1569940849
1569934382
1569916471
1569861823
1569848881
1569846451
1569837225
1569829717
1569805706
1569770376
1569763239
1569752746
1569748533
1569742022
1569669429
1569667786
1569654318
1569590722
1569578432
1569577681
1569567087
1569517346
1569504878
1569495391
1569487250
1569425739
1569416336
1569405947
1569399118
1569340400
1569337065
1569330996
1569321837
1569315796
1569310988
1569243716
1569231888
1569225213
1569220265
1569164445
1569160188
1569155047
1569148478
1569141072
1569113336
1569082710
1569076648
1569072599
1569068154
1569057054
1569056211
1568984678
1568977699
1568972522
1568962563
1568960876
1568908147
1568900180
1568892243
1568855283
1568821988
1568807858
1568801502
1568791761
1568781089
1568743169
1568735109
1568721239
1568718321
1568705403
1568698534
1568694004
1568663413
1568649929
1568644559
1568634548
1568617716
1568610231
1568558744
1568550853
1568476821
1568471011
1568459637
1568451666
1568444598
1568386617
1568379162
1568362382
1568357171
1568294615
1568286955
1568271451
1568207574
1568196244
1568185278
1568178229
1568126346
1568115999
1568098861
1568044189
1568032595
1568014136
1567954336
1567945418
1567937630
1567934619
1567910027
1567867559
1567860680
1567854231
1567841546
1567788256
1567779204
1567768700
1567756517
1567740149
1567686747
1567669523
1567643329
1567606380
1567589442
1567572115
1567550031
1567549706
1567524085
1567509990
1567490781
1567435702
1567425372
1567398364
1567343595
1567332481
1567319828
1567269377
1567265445
1567253062
1567234840
1567178239
1567166940
1567159187
1567131348
1567098044
1567090885
1567083587
1567062193
1567042463
1567001677
1566966587
1566931465
1566915347
1566910403
1566901915
1566890596
1566890311
1566885753
1566840658
1566824379
1566818645
1566803860
1566794910
1566754630
1566751207
1566738795
1566722543
1566699395
1566651440
1566633805
1566609975
1566584944
1566580759
1566565957
1566555400
1566487826
1566478767
1566471703
1566455265
1566403898
1566381594
1566361800
1566307723
1566222710
1566221121
1566213787
1566202190
1566194581
1566171025
1566142215
1566135236
1566122444
1566117713
1566112688
1566051544
1566044704
1566021060
1565985141
1565969452
1565958530
1565956787
1565953573
1565937035
1565913549
1565864855
1565860318
1565850662
1565827292
1565786780
1565762380
1565740317
1565710930
1565701156
1565694279
1565690457
1565679638
1565659888
1565611721
1565604017
1565591861
1565573487
1565539617
1565518046
1565452823
1565444207
1565419644
1565400177
1565376007
1565355629
1565345540
1565333972
1565314234
1565281776
1565269736
1565245894
1565191822
1565157576
1565138703
1565107514
1565096495
1565085845
1565075738
1565028098
1565025105
1565019819
1565015862
1564985165
1564934020
1564912861
1564899436
1564877191
1564837576
1564829216
1564821928
1564759945
1564750244
1564734097
1564666525
1564650958
1564640337
1564577748
1564577475
1564576601
1564506112
1564489882
1564480982
1564467910
1564411430
1564386991
1564381403
1564328568
1564319076
1564308233
1564298000
1564241683
1564236753
1564224310
1564219614
1564209432
1564190632
1564162820
1564146520
1564136223
1564106399
1564068841
1564056552
1564034998
1564023212
1563890957
1563876213
1563859604
1563798748
1563790274
1563778710
1563721838
1563638218
1563626151
1563615821
1563605797
1563594517
1563582848
1563539932
1563534796
1563518582
1563459942
1563455638
1563437516
1563432611
1563377502
1563357486
1563345173
1563291613
1563281426
1563260388
1563236934
1563206810
1563192845
1563184941
1563156333
1563118509
1563109717
1563096495
1563087188
1563032364
1563021089
1563008774
1563001606
1562945401
1562929149
1562913096
1562860104
1562851220
1562842444
1562826349
1562772831
1562762665
1562752519
1562740945
1562686342
1562653939
1562563930
1562513369
1562483277
1562410916
1562398794
1562388761
1562335211
1562321297
1562308770
1562291605
1562250046
1562240194
1562198901
1562168972
1562148831
1562135491
1562081782
1562055950
1561995046
1561983551
1561904356
1561882675
1561798338
1561717601
1561711923
1561703556
1561649578
1561613662
1561563355
1561549648
1561531513
1561511231
1561469125
1561445285
1561381387
1561358310
1561293097
1561283649
1561268909
1561220865
1561197785
1561191781
1561131019
1561111414
1561039273
1560939357
1560926138
1560868275
1560858614
1560774668
1560751895
1560691905
1560677759
1560655305
1560635128
1560601850
1560583721
1560562231
1560507166
1560503531
1560500111
1560406915
1560347176
1560332370
1560323139
1560268764
1560262096
1560256248
1560180572
1560163765
1560148340
1560115234
1559999573
1559909938
1559889600
1559835711
1559825970
1559729847
1559718150
1559653266
1559610117
1559587344
1559580493
1559572684
1559570273
1559555429
1559518053
1559490797
1559489973
1559471054
1559396004
1559388311
1559318608
1559309031
1559299152
1559288959
1559226338
1559199967
1559133254
1559124414
1559123226
1559111924
1559059939
1559051244
1559037403
1559026996
1558961503
1558951206
1558935778
1558887653
1558877456
1558859784
1558799761
1558787441
1558780959
1558767059
1558747353
1558715136
1558711850
1558702946
1558682286
1558616979
1558605665
1558591483
1558522503
1558508584
1558452698
1558443654
1558422025
1558368115
1558358065
1558350079
1558336622
1558280881
1558271115
1558260867
1558248293
1558184395
1558174741
1558173587
1558163621
1558113077
1558107725
1558098967
1558090276
1558076923
1558011554
1558002109
1557989964
1557914685
1557906253
1557838793
1557831792
1557749628
1557678888
1557659921
1557581422
1557569368
1557496310
1557493193
1557487994
1557482447
1557473109
1557425605
1557416186
1557408799
1557407515
1557386767
1557323272
1557308670
1557231814
1557216961
1557212615
1557157024
1557146814
1557126371
1557077943
1557061711
1557035230
1556970841
1556963498
1556948088
1556896181
1556885248
1556876354
1556865188
1556804288
1556791530
1556779392
1556730163
1556692594
1556633984
1556629435
1556625271
1556611870
1556542680
1556536602
1556533091
1556456382
1556445057
1556369479
1556358487
1556282782
1556274176
1556193994
1556187361
1556175407
1556112697
1556087672
1556030296
1556004541
1555938399
1555908650
1555859862
1555855045
1555849918
1555840578
1555764090
1555756576
1555685068
1555654051
1555592417
1555591686
1555583906
1555495503
1555419898
1555415740
1555395461
1555333114
1555328981
1555309441
1555250966
1555245517
1555226196
1555148501
1555136780
1555076103
1555051640
1554965622
1554893491
1554891615
1554881600
1554838603
1554812035
1554804137
1554794251
1554726884
1554717560
1554707932
1554641309
1554630173
1554531822
1554482261
1554475133
1554449369
1554387601
1554378923
1554361236
1554274480
1554230787
1554216641
1554197580
1554186619
1554103705
1554025830
1554012907
1553985793
1553965561
1553948763
1553939536
1553928700
1553864612
1553853982
1553839264
1553811401
1553783458
1553775872
1553769297
1553763732
1553695942
1553607415
1553602320
1553503411
1553433979
1553410506
1553349026
1553343662
1553328805
1553266881
1553258991
1553254698
1553238449
1553181159
1553154583
1553144652
1553102937
1553087557
1553076157
1553063689
1552998747
1552991193
1552977362
1552913882
1552906583
1552885023
1552828025
1552806143
1552743486
1552725606
1552717539
1552653771
1552633104
1552568808
1552561814
1552546777
1552477096
1552460895
1552400862
1552392169
1552372360
1552312838
1552309021
1552296499
1552221071
1552210793
1552202277
1552136516
1552123648
1552052764
1552026235
1551964359
1551952369
1551939379
1551877292
1551873017
1551863499
1551853442
1551789218
1551777862
1551769759
1551705603
1551699745
1551681714
1551623460
1551615201
1551594931
1551522495
1551444017
1551434664
1551424106
1551361243
1551343410
1551273712
1551271066
1551254395
1551247395
1551187124
1551179251
1551172042
1551100009
1551021697
1550909369
1550846179
1550836652
1550823852
1550750777
1550738783
1550730960
1550676775
1550663665
1550650410
1550576365
1550559850
1550502037
1550488116
1550479692
1550472260
1550464564
1550418958
1550409146
1550386508
1550312630
1550261909
1550230621
1550220734
1550148963
1550129606
1550063531
1550045482
1549978634
1549977025
1549966581
1549955843
1549896132
1549876236
1549866652
1549805686
1549802360
1549716624
1549699048
1549685578
1549646535
1549632283
1549608587
1549541851
1549522017
1549437450
1549378572
1549373643
1549350252
1549293697
1549277221
1549192010
1549174839
1549100519
1549014391
1549005941
1548943457
1548927945
1548856115
1548841908
1548766806
1548686459
1548664822
1548585387
1548492995
1548482238
1548423044
1548404500
1548251686
1548246468
1548231764
1548163254
1548082230
1548073821
1548064529
1547908849
1547815814
1547797989
1547723038
1547644754
1547632253
1547553394
1547544000
1547536796
1547476642
1547467851
1547454284
1547447947
1547390645
1547381492
1547365166
1547297153
1547274928
1547207102
1547195963
1547130836
1547120368
1547108589
1547034034
1547025288
1547020051
1546951295
1546945735
1546944832
1546938985
1546930498
1546863928
1546852701
1546841489
1546783039
1546752415
1546702335
1546680523
1546675214
1546669681
1546600583
1546509879
1546494716
1546423275
1546411299
1546344984
1546328271
1546256387
1546231141
1546172241
1546064952
1545999838
1545989234
1545983601
1545915196
1545829540
1545807420
1545722878
1545666904
1545635665
1545629765
1545576582
1545470028
1545393099
1545379464
1545289369
1545206027
1545138352
1545117592
1545042025
1544974938
1544965719
1544945304
1544880369
1544869740
1544798691
1544782015
1544767883
1544703034
1544694096
1544681686
1544618410
1544612715
1544596343
1544514639
1544422382
1544362922
1544347866
1544262156
1544249138
1544187006
1544177235
1544166885
1544105288
1544085429
1544077362
1544012055
1543997010
1543929698
1543913494
1543903397
1543836570
1543826633
1543816920
1543751869
1543741775
1543671294
1543640806
1543598430
1543559129
1543490202
1543478381
1543470604
1543398096
1543388885
1543321820
1543305375
1543230837
1543213300
1543133420
1543050763
1543045354
1542961744
1542788281
1542633096
1542609074
1542541840
1542452450
1542379410
1542370869
1542285068
1542199287
1542181428
1542119102
1542088009
1541945913
1541922991
1541921181
1541859255
1541854145
1541834563
1541834216
1541740887
1541592654
1541509463
1541485567
1541438884
1541422423
1541333059
1541313784
1541248578
1541233633
1541224187
1541148621
1541139660
1541078660
1541067449
1541049417
1540982343
1540980088
1540961534
1540922618
1540903561
1540898610
1540896835
1540877498
1540803329
1540791530
1540709589
1540639280
1540621211
1540556296
1540537603
1540504363
1540468556
1540397251
1540381408
1540372124
1540304104
1540290395
1540213175
1540117692
1540039573
1540024515
1539971733
1539919289
1539845994
1539782379
1539764913
1539705479
1539685596
1539674551
1539615289
1539524289
1539499048
1539444856
1539422283
1539414379
1539384970
1539350398
1539340876
1539255625
1539177139
1539152270
1539135221
1539069816
1539001775
1538996461
1538978718
1538903399
1538801718
1538801210
1538796753
1538721064
1538716031
1538665586
1538652028
1538630810
1538552410
1538548613
1538534648
1538472863
1538470534
1538470480
1538387902
1538336489
1538301605
1538232054
1538204585
1538202266
1538118086
1538041664
1537968205
1537951109
1537882631
1537860206
1537773690
1537694303
1537621015
1537613120
1537525771
1537515793
1537358724
1537277152
1537262819
1537184746
1537182676
1537084278
1537078230
1537009963
1536933968
1536858996
1536823775
1536733981
1536673742
1536654553
1536576160
1536486446
1536396525
1536313319
1536237102
1536067243
1535984772
1535545658
1535276186
1535258172
1535104272
1535030275
1534849537
1534766436
1534592295
1534508357
1534507619
1534409762
1534396919
1534314740
1534305213
1534250026
1534175242
1534175133
1534174956
1534160412
1534158604
1534069169
1534057427
1533970731
1533970201
1533967809
1533900646
1533878840
1533822739
1533797049
1533738143
1533553341
1533545844
1533486192
1533389979
1533379486
1533299761
1533205112
1533194345
1533188849
1533053725
1533035315
1532945538
1532852083
1532684252
1532527978
1532524239
1532434635
1532349439
1532258864
1532086891
1532008718
1531922340
1531307705
1530359304
1530274751
1530101679
1529762650
1529138857
1529050844
1528969421
1528892447
1528558902
1528462728
1528363531
1528360348
1528123634
1528122075
1527961446
1527944791
1527940605
1527940479
1527920128
1527772622
1527682091
1527669130
1527596343
1527506830
1527406114
1527323058
1527161513
1527062992
1526989677
1526900623
1526819287
1526738142
1526513221
1526500689
1526387989
1526208232
1526162277
1526118663
1526075630
1526049451
1525886657
1525861187
1525788468
1525678230
1525641539
1525592126
1525442122
1525367889
1525335291
1525008225
1524921202
1524816867
1524749392
1524663594
1524657913
1524647273
1524610730
1524494187
1524400155
1524298958
1524233895
1524209673
1524106985
1524063020
1524041203
1523996475
1523796533
1523618709
1523602906
1523521056
1523452444
1523445013
1523370780
1523368881
1523287519
1523283796
1523261431
1523194806
1523101004
1523028011
1522996674
1522934551
1522924757
1522911939
1522908974
1522834009
1522830408
1522767293
1522749631
1522615323
1522573977
1522412430
1522320640
1522309478
1522155071
1522130624
1522049605
1521955839
1521703510
1521634526
1521630196
1521540880
1521538792
1521531500
1521446766
1521287936
1521272933
1521184899
1521115393
1521108920
1521108039
1521022304
1521016301
1520861267
1520746285
1520654283
1520500088
1520424655
1520299996
1520238296
1519971513
1519887671
1519817875
1519740740
1519649956
1519636768
1519554696
1519379277
1519299716
1519214022
1519141619
1519129285
1519106759
1519084842
1519072469
1519070017
1519043909
1519006856
1518905601
1518807129
1518804771
1518803805
1518798764
1518795625
1518792857
1518786812
1518778872
1518770780
1518762622
1518757568
1518757257
1518730759
1518715555
1518710398
1518703552
1518697001
1518692932
1518657820
1518653021
1518649187
1518629239
1518622047
1518551693
1518542301
1516611040
1516512645
1516435406
1516307534
1516260960
1516178021
1516013429
1516000467
1515747503
1515579712
1515421455
1515226885
1515056368
1514728744
1514624184
1514538764
1514452795
1514381659
1514195490
1513940233
1513857843
1513583240
1513521540
1513425860
1513353530
1513190543
1513084903
1512777820
1512634291
1512600929
1512388892
1512206018
1512125148
1512029917
1511763883
1511703764
1511616782
1511521422
1511256415
1510908323
1510841199
1510732049
1510665198
1510640342
1510384266
1510321142
1510290153
1510212845
1510167927
1510139037
1510047728
1509967216
1509948767
1509902219
1509797309
1509785892
1509711066
1509446039
1509388788
1509299578
1509240180
1509178997
1509091278
1509006826
1508946104
1508914009
1508754850
1508653112
1508620230
1508568123
1508487176
1508459124
1508430411
1508426941
1508398263
1508328587
1508303637
1508204091
1508134439
1507896327
1507822062
1507803341
1507748893
1507656442
1507552462
1507487253
1507367830
1507290818
1507217941
1507208557
1507159645
1507101332
1507033294
1506987990
1506969119
1506888713
1506857786
1506595115
1506353392
1506282633
1506189258
1506179281
1506030584
1506003293
1505978219
1505889962
1505822363
1505727522
1505674539
1505643361
1505577955
1505450647
1505276935
1505191023
