1618101363
1617647755
1617299064
1616966018
1616691681
1616625325
1616084784
1615576697
1612631228
1610820928
1610582678
1610492436
1608927269
1608874414
1606505679
1605981886
1605915112
1605553331
1605380799
1603736343
1603665475
1603389262
1601765152
1601670999
1600462765
1595959589
1595437494
1595111612
1594570311
1593975593
1593729107
1593386638
1592674609
1592592494
1592426020
1591487993
1590953098
1590677803
1590421492
1590096305
1589823736
1589646770
1588545505
1587344354
1586799078
1586616761
1586546011
1586032431
1585100773
1584487738
1584200347
1584138362
1582075760
1581226350
1580269358
1579976367
1579966330
1579929060
1579495051
1579407660
1578801387
1574732894
1573333704
1572619460
1572588517
1568648623
1568648062
1568608659
1568581084
1568579173
1568577896
1565628912
1565572144
1565371654
1544395617
1535747517
1535298211
1535298083
1534395545
1534395458
1530236078
1527917074
1527831594
1526533607
1526155341
1523430305
1523430197
1522026698
1522026533
1521876965
1521663785
1521598971
1520661344
1520661103
1520446329
1520354618
1520100071
1520099759
1519290312
1519088393
1519003296
1518926739
1518922940
1518889426
1519104874
1518758703
1518739446
1518714834
1518679889
1518662278
1518636877
1518629582
1518624964
1518546375
1519047340
1518930194
1518723847
1518679318
1518622883
1516382344
1516343428
1515992826
1515803762
1515740678
1513920112
1513901779
1513893034
1513884653
1513829303
1513815037
1513705162
1513704722
1513053748
1512634058
1511773642
1511070092
1510801716
1510470261
1510297155
1510160349
1509058514
1508482972
1508436237
1508289547
1507839769
1507839705
1507490483
1507446065
1506723501
1505522442
1505501415
1505495756
1505492616
1505452269
1505413801
1505110462
1504753660
1504753572
1504739026
1504574184
1504459273
1504244319
1504244150
1504080573
1504062045
1504054639
1504035808
1503810122
1503619796
1503619407
1503609261
1503552253
1503552136
1503070297
1503070142
1502932145
1502914276
1502846021
1502836062
1502755529
1502662293
1502657332
1502599296
1502582931
1502554861
1502485176
1502478846
1502428009
1502401879
1502394363
1502385999
1502383543
1502338173
1502313835
1502309802
1502225441
1501874447
1501436339
1501349614
1501302498
1501283338
1501274424
1501271620
1501201615
1501189614
1501185185
1501179332
1501122384
1501099488
1500952125
1500840076
1500759891
1500754829
1500750095
1500156660
1500009353
1499783468
1499783253
1499497290
1499449913
1499395289
1499383287
1499366995
1499366724
1499301800
1499288997
1499219893
1499204555
1499134143
1499122648
1499122056
1499103640
1499046799
1499037589
1499029402
1499024189
1499012649
1498953263
1498947771
1498679572
1498623941
1498606678
1498603522
1498415335
1498346808
1498274901
1498268732
1498247280
1498081843
1498067419
1498061514
1498004955
1497996761
1497981765
1497978589
1497912753
1497899090
1497893676
1497835252
1497831719
1497826220
1497812312
1497800143
1497799779
1497756110
1497729131
1497727119
1497724170
1497723670
1497636190
1497627223
1497575663
1497218998
1497199594
1496961017
1496888230
1496860406
1496843167
1496840219
1496598321
1496522825
1496512273
1496510236
1496454597
1496432737
1496432520
1496374996
1496355683
1496338092
1496332832
1496285760
1496274478
1496264387
1496256786
1496192140
1496185877
1496174088
1496172617
1496159395
1496023270
1496011016
1496000952
1495995867
1495991977
1495983488
1495932607
1495925998
1495911628
1495899741
1495896514
1495839842
1495826229
1495826040
1495766452
1495761789
1495754970
1495749251
1495744773
1495736632
1495506663
1495501275
1495491113
1495488485
1495485485
1495422506
1495417978
1495401270
1495392407
1495387296
1495309492
1495301358
1495300624
1495297100
1495250846
1495239396
1495233042
1495220071
1495219540
1495210803
1495161866
1495147084
1495136794
1495129224
1495121735
1495081947
1495067527
1495055202
1495051945
1495046886
1495035633
1495033687
1494804102
1494788839
1494787334
1494786862
1494721277
1494704809
1494696557
1494690122
1494648538
1494630191
1494617865
1494606398
1494563455
1494521405
1494465664
1494457201
1494453946
1494443991
1494440739
1494434639
1494433534
1494377903
1494371868
1494368126
1494363998
1494352426
1494348931
1494306006
1494292922
1494267481
1494260612
1494256610
1494190418
1494179075
1494174318
1494167146
1494119753
1494109911
1494097806
1494087195
1494072814
1494041916
1494033941
1494024907
1494020429
1493988366
1493946059
1493940510
1493934919
1493929954
1493926047
1493869214
1493859768
1493849272
1493846069
1493842594
1493839229
1493833692
1493427154
1493418821
1493399743
1493349048
1493345267
1493340575
1493327197
1493314851
1493249304
1493238706
1493230300
1493223759
1493175503
1493171789
1492998048
1492997571
1492893073
1492880407
1492812156
1492811124
1492750540
1492725785
1492722338
1492709688
1492703638
1492654319
1492647828
1492644021
1492636089
1492633309
1492629808
1492571624
1492556965
1492548513
1492541618
1492464259
1492463761
1492446245
1492403082
1492365103
1492360770
1492360196
1492352950
1492326803
1492307930
1492284251
1492282668
1492279032
1492226766
1492218505
1492213645
1492202328
1492199050
1492136147
1492119721
1492106292
1492100441
1492052356
1492042091
1492039173
1492034986
1492019789
1492016440
1491956455
1491941461
1491936183
1491935480
1491763069
1491712570
1491677446
1491672177
1491671929
1491625073
1491602074
1491596954
1491575565
1491523191
1491507740
1491501659
1491265735
1491250558
1491245872
1491226553
1491181080
1491154150
1491149052
1491142836
1491100387
1491073844
1491073071
1491001540
1491001012
1490937801
1490811596
1490804689
1490757710
1490752299
1490743456
1490726194
1490719725
1490662633
1490645382
1490642287
1490578456
1490563933
1490549819
1490542608
1490491449
1490480277
1490474337
1490466904
1490460472
1490396722
1490384993
1490383512
1490369785
1490369588
1490303142
1490294803
1490288341
1490227017
1490204716
1490198719
1490146808
1490121422
1490118323
1490061427
1490048021
1490040643
1490026730
1490026534
1489958390
1489943412
1489888396
1489873777
1489866508
1489853543
1489853341
1489799276
1489789273
1489789237
1489779784
1489707064
1489697779
1489691787
1489679548
1489679442
1489627906
1489615683
1489600825
1489594099
1489542158
1489538248
1489507913
1489459259
1489430457
1489429417
1489375707
1489368806
1489355297
1489347893
1489347472
1489340893
1489335334
1489301744
1489289910
1489284469
1489271497
1489191798
1489182430
1489172187
1489167748
1489102322
1489083178
1489004869
1488937294
1488932157
1488921651
1488828391
1488825763
1488746380
1488708669
1488707070
1488527316
1488433780
1488405033
1488351615
1488301404
1488301200
1488255966
1488255682
1488206864
1488206732
1488079607
1488073432
1488072080
1488058966
1488048888
1488039286
1487990892
1487990846
1487968091
1487901570
1487901320
1487886561
1487866554
1487803819
1487797982
1487797242
1487792890
1487788261
1487756028
1487728461
1487709747
1487709627
1487665453
1487653941
1487623109
1487613980
1487613366
1487534970
1487534655
1487530820
1487481919
1487468041
1487458855
1487442734
1487394919
1487376685
1487376286
1487372212
1487354900
1487354774
1487307589
1487276071
1487271081
1487268641
1487222007
1487220802
1487191815
1487185641
1487180473
1487151007
1487123607
1487111582
1487108238
1487095614
1487091157
1487053347
1487033126
1487025425
1487015638
1487012953
1486950308
1486935681
1486858522
1486841999
1486841216
1486755341
1486748122
1486694986
1486688142
1486687967
1486683020
1486675995
1486675390
1486494430
1486489629
1486443819
1486443735
1486431446
1486431387
1486409496
1486404443
1486347013
1486337327
1486332892
1486329392
1486317927
1486312927
1486241386
1486235702
1486228647
1486228613
1486191474
1486160173
1486146686
1486145150
1486141025
1486141006
1486092258
1486092222
1486074301
1486057560
1486028089
1486003136
1485982889
1485978408
1485974662
1485974604
1485917087
1485903727
1485903535
1485899570
1485896942
1485887749
1485887679
1485838574
1485817635
1485815648
1485804262
1485801751
1485799648
1485797603
1485755545
1485738120
1485733700
1485729009
1485717479
1485712379
1485711976
1485653163
1485652724
1485652190
1485644115
1485569607
1485569395
1485493712
1485493700
1485372102
1485207424
1485197318
1485197199
1485139657
1485121328
1485119656
1485103379
1484967867
1484792849
1484792763
1484770870
1484762565
1484706016
1484705976
1484681418
1484681280
1484625835
1484621452
1484616153
1484610218
1484606644
1484604954
1484535109
1484533976
1484512539
1484507611
1484439546
1484438354
1484435833
1484419687
1484367452
1484337315
1484333597
1484324050
1484280341
1484274244
1484265128
1484256406
1484203235
1484183792
1484175844
1484163002
1484152421
1484112221
1484105729
1484099058
1484094019
1484086922
1484086385
1484082503
1484074007
1484018241
1484017781
1484004587
1483921592
1483858683
1483845645
1483833404
1483827615
1483825779
1483749894
1483749736
1483650293
1483581800
1483560381
1483505023
1483486187
1483484054
1483483973
1483433301
1483385921
1483372758
1483371990
1483371084
1483298000
1483296721
1483291059
1483290469
1483290176
1483226313
1483226229
1482963046
1482956204
1482895637
1482877234
1482869030
1482867349
1482809273
1482693793
1482635330
1482623166
1482619377
1482612943
1482540022
1482438438
1482425698
1482420057
1482265924
1482265889
1482173666
1482075215
1482031346
1482017852
1482009163
1481998314
1481994935
1481993440
1481945614
1481925641
1481918543
1481862348
1481853313
1481848301
1481844875
1481838287
1481828094
1481694753
1481689068
1481663453
1481662586
1481611284
1481581117
1481570455
1481569659
1481509332
1481509030
1481501369
1481494388
1481482474
1481480711
1481339848
1481332505
1481319928
1481316088
1481218208
1481217051
1481163106
1481158099
1481135998
1481126664
1481067212
1481055300
1481047991
1481039942
1480987177
1480982933
1480982718
1480974730
1480903149
1480899159
1480871159
1480820410
1480797985
1480791795
1480785203
1480733933
1480730598
1480708642
1480703856
1480693313
1480643876
1480641203
1480636263
1480614715
1480609217
1480565304
1480559819
1480556367
1480538953
1480527040
1480490248
1480445604
1480374517
1480366049
1480357384
1480302132
1480286259
1480282088
1480275466
1480272951
1480214652
1480205870
1480141244
1480117293
1480058960
1480034515
1480022323
1479924790
1479855122
1479838675
1479837641
1479781501
1479766164
1479746750
1479688377
1479685630
1479682052
1479674471
1479605231
1479604672
1479604539
1479603451
1479494831
1479486265
1479445322
1479419899
1479415472
1479415344
1479327325
1479321363
1479264190
1479262853
1479255170
1479245772
1479181483
1479158963
1479158774
1479158426
1479145741
1479105943
1479094259
1479084126
1479064798
1479064787
1478991053
1478990208
1478979010
1478977051
1478976884
1478917616
1478917452
1478911778
1478911666
1478911593
1478834571
1478814926
1478807521
1478799098
1478798961
1478747594
1478747326
1478726362
1478715634
1478708435
1478708429
1478655766
1478650215
1478639834
1478637635
1478626146
1478621567
1478565024
1478561060
1478551511
1478546339
1478542411
1478538697
1478538653
1478496100
1478472550
1478472473
1478472391
1478366995
1478366929
1478308003
1478300259
1478284526
1478277304
1478228938
1478222444
1478216409
1478211727
1478204380
1478199501
1478135308
1478124389
1478109917
1478109517
1478109358
1477965978
1477963847
1477962323
1477923795
1477872609
1477872589
1477860285
1477852080
1477834346
1477793042
1477782993
1477767555
1477763980
1477758355
1477751710
1477749254
1477749214
1477694521
1477691513
1477691215
1477691014
1477690555
1477682716
1477668509
1477668477
1477594488
1477586376
1477571654
1477527913
1477527263
1477444675
1477442692
1477433320
1477425144
1477420737
1477415511
1477401071
1477372114
1477347769
1477339828
1477334428
1477334238
1477330639
1477328023
1477285004
1477267064
1477260658
1477255355
1477239514
1477236337
1477193984
1477158638
1477106600
1477100852
1477094118
1477088483
1477078825
1477009911
1477006479
1476991400
1476990909
1476985855
1476984285
1476979519
1476937801
1476926048
1476923710
1476920546
1476912160
1476911865
1476911131
1476905746
1476895677
1476895658
1476831301
1476804103
1476741482
1476633460
1476568836
1476549405
1476491869
1476481996
1476477560
1476472176
1476418850
1476399883
1476394902
1476386890
1476384394
1476379363
1476377704
1476307143
1476298944
1476295686
1476291528
1476289429
1476241243
1476231227
1476223866
1476218789
1476214434
1476156899
1476144249
1476137057
1476136504
1476115141
1476115018
1476051346
1476041877
1475947959
1475947471
1475947395
1475811765
1475788021
1475783264
1475780273
1475699949
1475688330
1475644333
1475626171
1475516123
1475515947
1475508812
1475473617
1475465546
1475457764
1475449732
1475444400
1475436095
1475433918
1475423554
1475375434
1475357728
1475335848
1475275862
1475274459
1475266478
1475263899
1475251775
1475193382
1475191705
1475185970
1475184333
1475175867
1475172912
1475169195
1475161744
1475161613
1475114496
1475106792
1475100546
1475093911
1475091305
1475085843
1475085034
1475026851
1475015220
1475003365
1474997691
1474997090
1474939322
1474923996
1474904783
1474849832
1474843874
1474775329
1474761542
1474754548
1474752917
1474747071
1474733493
1474687065
1474671841
1474661228
1474654733
1474648375
1474644758
1474608266
1474603782
1474595985
1474587710
1474583946
1474576526
1474573658
1474511596
1474488651
1474473243
1474472110
1474419680
1474418307
1474415224
1474414760
1474409102
1474383360
1474382404
1474344277
1474253220
1474245674
1474241805
1474156566
1474130334
1474063347
1474059700
1474041600
1474041549
1473990195
1473984488
1473980724
1473966395
1473966230
1473889867
1473871315
1473870859
1473810103
1473805047
1473799901
1473794859
1473792628
1473789124
1473727057
1473707678
1473702900
1473699058
1473696129
1473648485
1473646238
1473642852
1473638170
1473632782
1473615351
1473608735
1473557969
1473546656
1473538834
1473521391
1473521323
1473486666
1473472029
1473455985
1473450908
1473434390
1473383227
1473373981
1473368189
1473362879
1473358654
1473357363
1473357280
1473357138
1473311984
1473285018
1473273362
1473268728
1473220470
1473199847
1473199706
1473180660
1473179505
1473177756
1473122869
1473120925
1473112966
1473112203
1473097169
1472939433
1472930632
1472790092
1472750814
1472742309
1472695059
1472692333
1472669668
1472669445
1472669042
1472662878
1472659667
1472603538
1472595401
1472584158
1472580667
1472578225
1472578038
1472522790
1472511130
1472491089
1472487242
1472452573
1472446190
1472444129
1472442007
1472439409
1472436892
1472434908
1472428004
1472425667
1472421863
1472363470
1472360338
1472343046
1472333446
1472329506
1472314891
1472263983
1472258103
1472257472
1472250965
1472241282
1472240366
1472185588
1472167884
1472142533
1472142457
1472076366
1472076034
1472075365
1472071858
1472069294
1472066247
1472064282
1472008212
1472004778
1471994105
1471993425
1471991099
1471972952
1471972600
1471914538
1471911666
1471908198
1471896017
1471893607
1471889207
1471885276
1471883599
1471836537
1471829860
1471829602
1471829404
1471829185
1471828960
1471663226
1471554893
1471481139
1471385403
1471317660
1471307819
1471307548
1471197436
1471187236
1471187173
1471132200
1471124295
1471107559
1471104279
1471100205
1471054840
1471041215
1471041006
1471029156
1471027460
1471026244
1470964188
1470960497
1470959144
1470957982
1470957099
1470883279
1470870219
1470860942
1470860828
1470780986
1470771809
1470682324
1470619373
1470610869
1470610416
1470610241
1470514363
1470512086
1470505984
1470504465
1470504190
1470503970
1470502904
1470501858
1470456977
1470444342
1470441291
1470438014
1470434148
1470430327
1470428418
1470417310
1470362562
1470357470
1470341881
1470332318
1470331948
1470329601
1470276626
1470256610
1470255988
1470241459
1470196200
1470191749
1470191501
1470190930
1470188065
1470186387
1470151225
1470110852
1470109832
1470109033
1470104458
1470086991
1469888481
1469886914
1469856127
1469836425
1469805777
1469667122
1469636500
1469588856
1469543572
1469543099
1469541265
1469508713
1469498620
1469492328
1469481533
1469475593
1469465237
1469462409
1469415078
1469411416
1469402326
1469402190
1469380842
1469339404
1469311068
1469310863
1469310440
1469310056
1469302542
1469300635
1469288626
1469243227
1469242339
1469238423
1469217596
1469214472
1469212275
1469211812
1469209710
1469159339
1469158891
1469149956
1469129155
1469115484
1469065963
1469059403
1469050249
1469046557
1469042931
1469040925
1469040048
1469038041
1469037047
1469033742
1469029309
1469027148
1468998109
1468984791
1468969122
1468966250
1468947092
1468943613
1468881149
1468864464
1468860730
1468860392
1468791472
1468785420
1468773292
1468706653
1468705685
1468698075
1468693738
1468684006
1468683935
1468633130
1468617424
1468538397
1468533487
1468530241
1468529516
1468528785
1468528403
1468449993
1468263856
1468250246
1468198922
1468198173
1468197427
1468196888
1468101204
1468098717
1468038535
1468036126
1468016299
1468015948
1468015647
1467998909
1467996060
1467937421
1467903305
1467860770
1467836315
1467775143
1467683599
1467662931
1467662504
1467661792
1467658032
1467651535
1467597271
1467592525
1467586887
1467514260
1467484559
1467483137
1467482673
1467410835
1467388354
1467348939
1467223913
1467219128
1467218545
1467217193
1467216918
1467156496
1467147191
1467133707
1467084751
1467083979
1467064045
1467054312
1467053758
1467051674
1466894484
1466819321
1466808993
1466806439
1466794387
1466719709
1466712181
1466711591
1466711276
1466705305
1466704032
1466663440
1466649752
1466649535
1466624908
1466524715
1466523474
1466475665
1466454382
1466448393
1466368020
1466360112
1466305575
1466295808
1466287622
1466283300
1466282104
1466281819
1466214332
1466210235
1466208682
1466205848
1466204610
1466181313
1466116706
1466114191
1466112784
1466112011
1466037954
1466033297
1465953579
1465864121
1465829221
1465778908
1465751255
1465750420
1465750171
1465704927
1465695824
1465672748
1465525759
1465525662
1465324501
1465324084
1465323098
1465267100
1465252681
1465248546
1465187649
1465173900
1465173769
1465092851
1465069721
1465008731
1464984984
1464984498
1464983754
1464910142
1464902441
1464825358
1464724230
1464717897
1464717688
1464709585
1464652912
1464646470
1464549969
1464546119
1464486631
1464486089
1464480473
1464473387
1464378598
1464378387
1464310339
1464305901
1464303021
1464201395
1464200347
1464111790
1464111475
1463941757
1463941097
1463932290
1463866453
1463849747
1463849112
1463848163
1463796049
1463773250
1463758181
1463756514
1463693957
1463673540
1463671743
1463625287
1463619548
1463618529
1463614928
1463602578
1463585878
1463534175
1463527670
1463511985
1463499106
1463497971
1463444467
1463441210
1463428815
1463419169
1463336307
1463328912
1463327363
1463326252
1463324632
1463324116
1463323780
1463277629
1463264786
1463246127
1463240232
1463239196
1463194476
1463174289
1463173582
1463153606
1463098618
1463065797
1463000280
1462982061
1462977763
1462928389
1462852431
1462851702
1462851380
1462844773
1462835091
1462827143
1462821026
1462816227
1462808550
1462775421
1462775125
1462726953
1462680458
1462679698
1462679137
1462679089
1462645715
1462641526
1462567132
1462566651
1462562539
1462423193
1462422813
1462421328
1462313175
1462307287
1462234292
1462212476
1462212019
1462211605
1462129224
1462048687
1462048061
1462047805
1461817685
1461817295
1461816761
1461802880
1461802127
1461717944
1461717353
1461715873
1461374557
1461373707
1461373486
1461350955
1460835135
1460742614
1460680559
1460680067
1460679746
1460250602
1460249451
1460249150
1460158692
1460060565
1459958276
1459791532
1459568651
1459561364
1459376638
1459033079
1458925373
1458923535
1458504264
1458504156
1458490015
1458427987
1458327835
1458259652
1457721479
1457667408
1457329785
1457210090
1456979751
1456868498
1456808583
1456527950
1455745780
1455564359
1454734824
1453425404
1453423315
1453082910
1452924227
1452923804
1451715050
1451711945
1451710176
1451700364
1451699941
1451699640
1451424483
1451424192
1451258552
1451256284
1451255950
1451255468
1451255178
1451243726
1451189391
1451186316
1451073233
1451068390
1451029500
1451028317
1450815311
1450758384
1450758023
1450757864
1450682265
1450682111
1450656192
1450500207
1450500148
1450384292
1450162363
1449988774
1449888314
1449731192
1449695990
1449695499
1449648195
1449551801
1449551551
