1617960785
1617936096
1617928245
1617732958
1617679742
1617665039
1617663034
1617639907
1617588600
1617582042
1617571569
1617497659
1617486198
1617413489
1617300258
1617225623
1617218005
1617151910
1617143644
1617063315
1616978079
1616964052
1616902664
1616889107
1616781222
1616738568
1616684179
1616637810
1616625849
1616556224
1616519989
1616453899
1616453551
1616436537
1616429671
1616375363
1616362600
1616288225
1616288081
1616187059
1616111793
1616111589
1616111363
1616111191
1616111053
1616111006
1616110885
1615993472
1615818545
1615756619
1615689834
1615669832
1615599435
1615579560
1615500391
1615488443
1615423525
1615402204
1615350818
1615166559
1615072023
1615061067
1614985900
1614958192
1614800211
1614733662
1614718942
1614644852
1614627245
1614572750
1614556438
1614535076
1614491934
1614465261
1614398501
1614283347
1614282270
1614182383
1614145329
1614133724
1614106543
1614033282
1614028290
1613969832
1613942230
1613909457
1613868848
1613857819
1613785916
1613768471
1613711436
1613695701
1613677298
1613668647
1613613245
1613544149
1613534044
1613524501
1613428720
1613177643
1613160353
1613153360
1613098117
1613008829
1612985037
1612919006
1612892025
1612845065
1612825184
1612819481
1612750172
1612652905
1612634833
1612613588
1612585082
1612567293
1612555442
1612501116
1612490404
1612468252
1612407981
1612381254
1612316747
1612215035
1612152845
1612141305
1612114163
1612067473
1612046345
1612045469
1611988762
1611968295
1611881669
1611875851
1611779145
1611703084
1611692484
1611633816
1611622305
1611602269
1611540032
1611530107
1611433631
1611370426
1611354816
1611353188
1611283470
1611210757
1611180374
1611122987
1611111621
1611026524
1611015350
1610990623
1610837471
1610820669
1610756475
1610739063
1610683975
1610669722
1610654666
1610597390
1610578010
1610500887
1610479191
1610401396
1610341293
1610314205
1610300757
1610258814
1610231048
1610151671
1610139345
1610072186
1609993429
1609979710
1609963169
1609914275
1609898117
1609888634
1609876160
1609868903
1609826930
1609792007
1609708312
1609648952
1609632025
1609618301
1609549868
1609462397
1609444465
1609390305
1609299234
1609271430
1609202056
1609182632
1609116503
1609088638
1609047907
1609039137
1609030426
1609002026
1608962960
1608957752
1608950079
1608927319
1608911437
1608844439
1608787140
1608772995
1608763158
1608702880
1608686828
1608615824
1608601782
1608575407
1608511923
1608501324
1608441858
1608419658
1608410602
1608394654
1608351041
1608340272
1608329718
1608318600
1608262740
1608254082
1608238858
1608187088
1608167982
1608151216
1608080050
1608069467
1608060306
1608009047
1607972651
1607921822
1607906305
1607708824
1607662446
1607636683
1607570770
1607551799
1607489462
1607489389
1607481827
1607454205
1607409592
1607385894
1607373834
1607316669
1607303543
1607292372
1607276827
1607211271
1607199912
1607136975
1607125222
1607106683
1607106567
1607106499
1607038754
1607038683
1607033036
1606972147
1606955122
1606955004
1606943966
1606888303
1606879610
1606870990
1606866090
1606807981
1606797226
1606782994
1606718259
1606712675
1606712570
1606687262
1606630261
1606622043
1606607105
1606598583
1606541174
1606525273
1606515149
1606501267
1606451922
1606438971
1606368663
1606356483
1606347928
1606334830
1606277905
1606277845
1606258685
1606246915
1606231999
1606195803
1606179299
1606107784
1606086711
1606024897
1606013909
1606003905
1605935959
1605935713
1605922873
1605906640
1605891357
1605849819
1605849746
1605835853
1605835714
1605821576
1605795253
1605794913
1605748302
1605727745
1605676354
1605654177
1605646320
1605579138
1605545153
1605502707
1605479426
1605469070
1605458624
1605413126
1605393733
1605390499
1605321140
1605305307
1605291034
1605248002
1605202304
1605156936
1605130338
1605119107
1605070347
1605060598
1605049219
1605036082
1604987833
1604970077
1604940507
1604892219
1604885574
1604872755
1604796707
1604777414
1604728216
1604713988
1604704803
1604693617
1604631623
1604622513
1604592041
1604554978
1604554960
1604519575
1604466605
1604461889
1604441296
1604426876
1604357610
1604348268
1604277763
1604262932
1604201773
1604191454
1604108439
1604097001
1604078185
1604031816
1604021306
1604001124
1603991958
1603936063
1603922436
1603849515
1603771160
1603763408
1603739424
1603678787
1603673172
1603656013
1603600182
1603509630
1603476197
1603416087
1603400012
1603341183
1603331654
1603316699
1603306626
1603251707
1603221364
1603211578
1603172108
1603161375
1603145727
1603084401
1603055245
1602988786
1602961101
1602894104
1602882033
1602824027
1602817190
1602795560
1602706857
1602645277
1602625132
1602615483
1602517340
1602468157
1602445684
1602394058
1602381229
1602350610
1602300760
1602285277
1602214013
1602198257
1602184521
1602129375
1602114963
1602096843
1602047795
1602029216
1602019311
1601965466
1601950427
1601936201
1601864126
1601841678
1601792345
1601768286
1601691731
1601613302
1601592989
1601518671
1601496552
1601423669
1601407406
1601351313
1601337943
1601314537
1601271457
1601260066
1601238934
1601174154
1601151154
1601005266
1600991462
1600905707
1600802829
1600754705
1600727621
1600658622
1600635062
1600547146
1600470320
1600400870
1600379970
1600369547
1600313063
1600300572
1600286254
1600228708
1600204617
1600196083
1600188837
1600118773
1600111456
1600058929
1600051258
1599961384
1599946919
1599863183
1599843354
1599793759
1599763572
1599706373
1599696754
1599686603
1599667955
1599619781
1599603762
1599527990
1599499381
1599446446
1599436577
1599428518
1599423603
1599360845
1599335278
1599274839
1599262559
1599249551
1599236093
1599195180
1599175176
1599167183
1599154645
1599097678
1599069121
1599063310
1599002564
1598987861
1598987631
1598978436
1598920919
1598916250
1598896163
1598835233
1598816550
1598756554
1598750356
1598744726
1598728814
1598723430
1598677485
1598672075
1598660234
1598642294
1598582610
1598577322
1598565734
1598556139
1598484758
1598462266
1598416889
1598313375
1598310224
1598303095
1598300562
1598240471
1598225758
1598224871
1598215694
1598211275
1598140874
1598127124
1598068118
1598053967
1598047633
1598036435
1597962577
1597961545
1597946778
1597934600
1597550766
