1617675282
1617067151
1616818052
1616479272
1616455624
1616304735
1616027264
1615077050
1615053019
1614888262
1614566422
1614564689
1614305778
1614291984
1613851531
1613798649
1613794587
1613459877
1613372753
1613262409
1613190057
1613100730
1613030539
1612922311
1612747549
1612510729
1612412704
1612408963
1611993777
1611886787
1611804124
1611719879
1611636850
1611453782
1611195489
1611090900
1610876293
1610782833
1610672306
1610601998
1610517741
1610517049
1610265590
1610163546
1610158161
1610062118
1610006422
1609898430
1609832794
1609726621
1609667091
1609663106
1609574295
1609573050
1609492326
1609438032
1609395126
1609315568
1609315052
1609144435
1609025556
1608954425
1608948259
1608797283
1608503376
1608447733
1608162982
1608103684
1608012304
1608009345
1607920139
1607917910
1607840094
1607837479
1607657348
1607471050
1607410319
1607407601
1607328233
1607153210
1607069862
1607065666
1606940289
1606820870
1606724915
1606639854
1606550011
1606454177
1606359883
1606283040
1606197727
1606117306
1606025179
1605849471
1605848231
1605846398
1605768873
1605680120
1605678465
1605565605
1605504820
1605418742
1605415960
1605233053
1605227989
1605140220
1604977717
1604885856
1604809691
1604613889
1604551539
1604464119
1604285219
1604196682
1604131536
1604096462
1604021180
1603939434
1603937027
1603827730
1603769904
1603738282
1603522040
1603311206
1603180096
1603001066
1602926404
1602835077
1602828078
1602724634
1602662339
1602650774
1602479215
1602395493
1602395147
1602305493
1602256379
1602232513
1602140633
1602051101
1602050038
1601938600
1601936526
1601855347
1601765481
1601698028
1601593146
1601569630
1601509266
1601420238
1601418764
1601347331
1601257780
1601255381
1601168104
1601072800
1601006720
1601001752
1600907503
1600822806
1600819914
1600750034
1600643987
1600564680
1600469947
1600468771
1600380493
1600363763
1600362502
1600289340
1600284807
1600218149
1600130718
1600061748
1600053146
1599950420
1599882806
1599768483
1599701753
1599622661
1599621119
1599521659
1599445275
1599367128
1599362738
1599361687
1599280942
1599278857
1599190694
1599190189
1599187810
1599085748
1599000209
1598943150
1598857231
1598751574
1598631167
1598575327
1598573884
1598519529
1598507293
1598407333
1598317654
1598254047
1598248002
1598166673
1598150796
1598062500
1597980719
1597975995
1597895787
1597864112
1597807808
1597729228
1597725967
1597703867
1597629514
1597619979
1597549081
1597546482
1597464913
1597459930
1597459562
1597375274
1597309264
1597286328
1597120886
1597028090
1597024164
1596919875
1596916288
1596854628
1596842205
1596840175
1596778961
1596766885
1596673700
1596660044
1596656091
1596593670
1596592016
1596584399
1596517636
1596508871
1596423606
1596337120
1596324456
1596284266
1596272018
1596253362
1596252927
1596250474
1596166011
1596163851
1596079544
1595999205
1595989924
1595914813
1595907076
1595802274
1595724195
1595649232
1595552907
1595549045
1595480302
1595384792
1595301438
1595228287
1595109037
1595040032
1594942537
1594869468
1594759731
1594698559
1594637541
1594607768
1594603575
1594500427
1594414886
1594320255
1594249844
1594248889
1594179126
1594076670
1594009036
1594006862
1594004917
1593906869
1593821765
1593809575
1593781669
1593746677
1593656754
1593544265
1593482221
1593456373
1593390987
1593308086
1593306831
1593219214
1593207665
1593110828
1593045668
1592982323
1592974137
1592894838
1592790637
1592783262
1592709603
1592617876
1592608210
1592535205
1592422466
1592330697
1592261996
1592176077
1592100285
1592001532
1591999484
1591911162
1591828414
1591757771
1591647803
1591583631
1591556006
1591493026
1591062283
1590971908
1590886113
1590877062
1590809059
1590800215
1590798880
1590797733
1590715450
1590689875
1590687852
1590619009
1590617672
1590561401
1590543716
1590430252
1590362883
1590353519
1590344778
1590293361
1590290186
1590284376
1590283195
1590204207
1590110204
1590024416
1590003620
1589950546
1589943237
1589933745
1589856490
1589773204
1589761772
1589759711
1589690498
1589672982
1589593242
1589591130
1589516970
1589488585
1589413810
1589413550
1589402346
1589320783
1589255946
1589157011
1589052459
1589005244
1588996384
1588917553
1588874704
1588823947
1588822635
1588821966
1588818091
1588815841
1588727318
1588724245
1588723702
1588665546
1588660678
1588564793
1588564348
1588486108
1588445100
1588380126
1588376375
1588290859
1588290093
1588221264
1588216457
1588123639
1588041450
1588026445
1587941584
1587867329
1587866339
1587786641
1587744727
1587705554
1587695122
1587606777
1587522146
1587519249
1587518054
1587393453
1587360234
1587343885
1587258064
1587171482
1587168604
1587166946
1587103899
1587100950
1587094659
1587091886
1587057407
1587018660
1587010245
1587004229
1586996088
1586930527
1586916864
1586845574
1586744615
1586740061
1586652801
1586647653
1586562184
1586493594
1586415011
1586325832
1586231208
1586230795
1586212920
1586144879
1586061114
1586049649
1586033893
1585976123
1585975405
1585971842
1585896733
1585896408
1585875855
1585805400
1585803233
1585800512
1585692268
1585625804
1585609316
1585548242
1585531169
1585527306
1585449791
1585430356
1585364329
1585353700
1585281573
1585267208
1585264143
1585190297
1585086677
1585013205
1585009992
1584921148
1584908078
1584835553
1584777039
1584741059
1584738924
1584667122
1584663313
1584594968
1584588763
1584571754
1584490793
1584475028
1584422682
1584409576
1584408756
1584401872
1584341229
1584329271
1584328974
1584314797
1584303243
1584237214
1584235839
1584230149
1584148381
1584144710
1584122272
1584068768
1584039815
1583996410
1583894627
1583880742
1583868635
1583820021
1583817063
1583814165
1583813750
1583810802
1583787495
1583726931
1583725739
1583725689
1583724955
1583721517
1583721196
1583718609
1583710862
1583638875
1583638558
1583555169
1583476741
1583438705
1583357133
1583296365
1583294210
1583208213
1583188755
1583128368
1583117816
1583035202
1582953696
1582941105
1582869192
1582833563
1582785888
1582770829
1582704169
1582693953
1582659201
1582580915
1582580233
1582529666
1582445566
1582420656
1582398493
1582352741
1582312076
1582255809
1582255625
1582172729
1582096997
1582073417
1582053301
1582003900
1582000450
1581989692
1581910975
1581902914
1581824401
1581812739
1581720822
1581657768
1581655699
1581655258
1581553778
1581532772
1581495892
1581490714
1581395688
1581395642
1581393180
1581306110
1581215641
1581138102
1581137468
1581134656
1581062920
1581061691
1581061356
1580974883
1580964960
1580961118
1580952622
1580888942
1580887679
1580885911
1580796869
1580719795
1580717581
1580716647
1580624298
1580622769
1580544122
1580541669
1580451281
1580446125
1580364442
1580287820
1580287183
1580281541
1580276785
1580193077
1580192115
1580174943
1580109236
1580023195
1579935841
1579932994
1579837820
1579834191
1579766370
1579672857
1579591043
1579579126
1579506552
1579475176
1579403745
1579315765
1579315616
1579230934
1579227886
1579146339
1579119462
1579069069
1578988118
1578979650
1578902978
1578774633
1578719153
1578630692
1578535833
1578473002
1578444130
1578442422
1578382521
1578377692
1578338332
1578301261
1578296247
1578280221
1578208246
1578199468
1578109097
1578102527
1578035219
1578025926
1578024467
1577951479
1577948193
1577944249
1577863870
1577857596
1577774837
1577754528
1577682786
1577677080
1577598743
1577592999
1577590984
1577513304
1577507139
1577504190
1577456931
1577455882
1577428158
1577420373
1577345125
1577339031
1577334629
1577258778
1577245802
1577166775
1577165883
1577154777
1577068824
1577056652
1576961093
1576897677
1576807701
1576650043
1576569004
1576479395
1576404067
1576396809
1576320151
1576212428
1576202277
1576131764
1576039346
1576014222
1575948416
1575948139
1575867112
1575792167
1575695300
1575694446
1575610475
1575530166
1575422961
1575421875
1575404092
1575346456
1575255434
1575233052
1575175812
1575090693
1575078163
1575076637
1574989233
1574912712
1574907180
1574828289
1574749025
1574733277
1574663174
1574661040
1574587542
1574576895
1574571370
1574475888
1574397255
1574301367
1574280712
1574216009
1574142648
1574140932
1574042871
1573978974
1573965596
1573944892
1573881079
1573878668
1573781308
1573780181
1573710036
1573663708
1573620892
1573521482
1573510555
1573452504
1573431179
1573344812
1573342521
1573263239
1573192353
1573057443
1573011155
1572925540
1572897666
1572823450
1572735738
1572733583
1572686775
1572620770
1572574078
1572462048
1572398474
1572394583
1572328652
1572325877
1572320433
1572205854
1572097393
1572049639
1571972010
1571878443
1571781609
1571780438
1571774737
1571721736
1571719105
1571630449
1571628017
1571501708
1571433721
1571334754
1571255975
1571255946
1571254497
1571186909
1571175138
1571111643
1571104298
1571017970
1571016960
1570956483
1570942918
1570921053
1570835699
1570835124
1570770411
1570743021
1570715730
1570648299
1570600315
1570497189
1570496218
1570488846
1570402932
1570317680
1570301292
1570240863
1570226297
1570122200
1570024421
1569947939
1569881508
1569881057
1569811894
1569724706
1569721221
1569613184
1569540164
1569458800
1569445709
1569367026
1569273449
1569195392
1569116394
1569111934
1569025163
1568924706
1568852593
1568804841
1568777413
1568774237
1568674036
1568588690
1568513332
1568422890
1568407321
1568334266
1568250861
1568174094
1568072758
1568001094
1567902259
1567830842
1567815656
1567811867
1567802349
1567747552
1567743997
1567645817
1567559508
1567483304
1567475356
1567336573
1567316788
1567289165
1567145635
1567056329
1566958009
1566880317
1566785500
1566710859
1566681761
1566615640
1566551173
1566510194
1566421285
1566340510
1566289979
1566289583
1566262560
1566192791
1566158279
1566129555
1566068724
1565996455
1565924772
1565850385
1565824893
1565824559
1565753720
1565648769
1565630266
1565556864
1565507510
1565503644
1565487738
1565486033
1565465605
1565393492
1565393426
1565303306
1565252436
1565230618
1565225744
1565225257
1565205836
1565146086
1565146035
1565142863
1565132406
1565127470
1565073078
1565069708
1565068030
1565042810
1564996582
1564982740
1564981521
1564979931
1564969739
1564967069
1564964026
1564963147
1564961592
1564906422
1564905509
1564904472
1564868414
1564863025
1564862968
1564862450
1564861878
1564861686
1564860893
1564798775
1564784773
1564717463
1564717388
1564715787
1564705563
1564703207
1564697806
1564696107
1564625200
1564593587
1564546144
1564541033
1564526895
1564446432
1564376268
1564361373
1564357758
1564355141
1564295023
1564256402
1564243649
1564198661
1564197537
1564190489
1564118479
1564098218
1564090234
1564090134
1564075912
1563986901
1563986838
1563986550
1563986127
1563943250
1563905628
1563905503
1563903462
1563856809
1563853561
1563845052
1563732623
1563732384
1563731501
1563659458
1563582761
1563501760
1563493404
1563486631
1563386774
1563386656
1563329590
1563329328
1563315680
1563306273
1563242484
1563220023
1563219261
1563131361
1563129450
1563126984
1563122195
1563072600
1563072525
1563071233
1563071161
1563071090
1563060699
1563038350
1563036222
1562971397
1562971159
1562970322
1562896594
1562895899
1562895435
1562889931
1562864647
1562814943
1562813944
1562808215
1562803848
1562801946
1562731164
1562731100
1562626979
1562554736
1562551108
1562549236
1562448445
1562366886
1562277107
1562186067
1562101725
1562024752
1561941385
1561852838
1561763803
1561763581
1561763399
1561763238
1561763098
1561679580
1561593726
1561482912
1561395673
1561313198
1561246708
1561246033
1561237060
1561221595
1561143017
1561068230
1561061521
1560993462
1560989028
1560910217
1560817648
1560731107
1560728666
1560647407
1560563228
1560482749
1560476927
1560391933
1560386621
1560296872
1560199839
1560096557
1560010717
1559952529
1559952139
1559854962
1559791533
1559676048
1559479327
1559432417
1559312350
1559241739
1559172855
1559072679
1559015382
1558815081
1558722107
1558706608
1558700321
1558551821
1558480262
1558223389
1558135592
1558057952
1557965494
1557958165
1557877838
1557874074
1557872958
1557849709
1557787033
1557714256
1557620944
1557613647
1557520095
1557504394
1557451255
1557439978
1557439901
1557406294
1557323305
1557320373
1557276704
1557243742
1557243342
1557166046
1557092102
1556998701
1556925715
1556917853
1556914638
1556913202
1556839159
1556567005
1556503613
1556412894
1556374419
1556210643
1556210311
1556148026
1556065869
1556048956
1555949697
1555949471
1555949303
1555890411
1555884137
1555796727
1555795999
1555794926
1555771861
1555688116
1555688027
1555687881
1555635528
1555634306
1555549378
1555461674
1555460722
1555386843
1555386029
1555385544
1555189244
1555127370
1555127231
1555012279
1555011015
1554942458
1554940998
1554844845
1554764658
1554751316
1554748468
1554744427
1554669125
1554599150
1554597045
1554515635
1554396518
1554329630
1554262236
1554177380
1554067246
1554066992
1554001120
1553996969
1553981377
1553899086
1553806987
1553797338
1553794209
1553724502
1553637556
1553636585
1553623214
1553558057
1553555402
1553553202
1553536589
1553536155
1553458519
1553392800
1553386949
1553368680
1553300266
1553281870
1553279846
1553278350
1553125781
1553088337
1553049532
1553046493
1552966742
1552951592
1552949121
1552948098
1552947273
1552946285
1552879661
1552879310
1552818195
1552783243
1552769402
1552703271
1552591948
1552574419
1552514375
1552412285
1552319850
1552318839
1552240524
1552180328
1552077144
1551995237
1551924145
1551923550
1551843034
1551822323
1551813134
1551808596
1551722877
1551706794
1551652647
1551640802
1551553287
1551545828
1551463248
1551454415
1551401468
1551362959
1551330622
1551302632
1551293134
1551292919
1551292733
1551292556
1551292375
1551288184
1551279338
1551223712
1551209571
1551204865
1551142470
1551062004
1551060558
1550972378
1550964854
1550958272
1550864679
1550859336
1550801378
1550698801
1550637166
1550533247
1550446508
1550351843
1550341916
1550279925
1549761202
