1617741514
1617557004
1614980534
1614817103
1614715173
1614630908
1614550005
1614538671
1614510556
1614510257
1614455444
1614399853
1614382610
1614288677
1614212960
1614114965
1613951719
1613851846
1613781318
1613776618
1613683394
1613680041
1613496955
1613432726
1613328225
1613087664
1612973268
1612911874
1612847511
1612822042
1612739100
1612738760
1612734030
1612733790
1612644338
1612643610
1612560679
1612306147
1612222764
1612221991
1612137746
1612058190
1611963293
1611870608
1611864880
1611859272
1611803400
1611717497
1611612470
1611605789
1611531832
1611507472
1611449754
1611361989
1611272536
1611249377
1611194176
1611165994
1611102785
1611012440
1610895073
1610828460
1610757735
1610736561
1610694132
1610673106
1610649112
1610638501
1610607277
1610481949
1610399231
1610322228
1610226913
1610206889
1610047648
1610041428
1609994526
1609801229
1609781971
1609714942
1609629968
1609603446
1609526703
1609521036
1609449410
1609433927
1609343636
1609291977
1609278454
1609259839
1609108002
1609096623
1609004330
1608919364
1608833366
1608124343
1608008706
1607985946
1607630165
1606599100
1606174862
1602721251
1602016942
1601935357
1601852396
1601586010
1601408071
