1618266875
1618186340
1617993268
1617743823
1617663714
1617582777
1617497259
1617396980
1617233870
1616883553
1616623271
1616555722
1615675036
1615506048
1615414090
1615323685
1615243706
1615070622
1614719511
1614552722
1614453773
1614031573
1613682043
1613421345
1613386671
1613250503
1613158351
1613124996
1612909446
1612766275
1612561437
1612380941
1612315298
1612254767
1612219033
1612171138
1612126951
1612084579
1612042894
1611972712
1611873560
1611776997
1611486629
1611345698
1611262501
1611173433
1611144404
1611122237
1611089224
1610618642
1610485536
1610322626
1610172512
1610150186
1610058648
1610003447
1609913524
1609800263
1609750693
1609712309
1609581094
1609064019
1608936572
1608682475
1608414118
1608286812
1608239989
1608208976
1607725786
1607555059
1607376642
1607257923
1607115278
1607030150
1606904626
1606765670
1606598235
1606421896
1605985321
1604905709
1604782881
1604606594
1604525271
1604352262
1604191991
1603906966
1603823669
1603735034
1603399885
1603311541
1603224467
1602962028
1602796882
1602706442
1602619337
1602533370
1602276625
1602105941
1601921186
1601756654
1601668501
1601585648
1601491878
1601240533
1601154527
1601067648
1600975075
1600899637
1600720598
1600636673
1600544342
1600285410
1600212782
1600201761
1600106801
1599937262
1599854694
1599768108
1599681983
1599596068
1599510800
1599238510
1599077955
1598985816
1598906617
1598733285
1598563653
1598472590
1598388188
1598307476
1598142733
1598130749
1597958914
1597869605
1597265161
1596565862
1596416295
1596310492
1596219828
1596058926
1595543284
1595272436
1595198888
1595106585
1594671309
1594246935
1594154997
1593898328
1593817289
1593716576
1593631056
1593462186
1593381217
1593033835
1592945998
1592516851
1592427448
1592252731
1592168804
1591908419
1591821395
1591729020
1591654099
1591564281
1590874012
1590788961
1590610457
1590521995
1590348933
1590269254
1590185428
1589999722
1589668528
1589581545
1589492106
1589405852
1589322152
1589237269
1589061376
1588803682
1588636731
1588546303
1588461897
1588364766
1588203388
1588104605
1587852096
1587762236
1587594030
1587508649
1587425009
1587335546
1587168350
1587073950
1586995011
1586903332
1586823490
1586735628
1586647832
1586565179
1586513041
1586475003
1586389362
1586300022
1586214886
1586132357
1586035385
1586029747
1585948938
1585874963
1585776386
1585688779
1585608230
1585519960
1585429202
1585385428
1585344970
1585259947
1585176243
1585092151
1585004980
1584923307
1584832308
1584743464
1584738055
1584657203
1584575312
1584487012
1584398968
1584313025
1584220701
1584129793
1584049709
1583962279
1583882594
1583874334
1583789025
1583705328
1583612752
1583528951
1583447290
1583357952
1583289409
1583087045
1583009169
1582922681
1582835939
1582754487
1582498062
1582411555
1582321261
1582238997
1582154496
1582062115
1581897886
1581719697
1581630565
1581462408
1581367793
1581277165
1581204580
1581109965
1581030626
1580941314
1580858658
1580678783
1580508730
1580423651
1580080387
1579997576
1579816743
1579735884
1579643206
1579558341
1579383655
1579300044
1579208479
1579115994
1578780426
1578611280
1578240749
1578028896
1577607418
1577566612
1577476587
1576915867
1576436822
1576359398
1576296166
1576127301
1575782990
1575695704
1575611362
1575416087
1575319887
1575243231
1575177534
1575161742
1575096577
1574886577
1574826180
1574804857
1574631946
1574502603
1574467379
1574377336
1574280219
1574029928
1573974447
1573932766
1573799940
1573698164
1573566368
1573420411
1573080297
1572992658
1572909899
1572818418
1572411036
1572138639
1572129682
1572046443
1571948731
1571860896
1571598046
1571552396
1571539684
1571430604
1571349824
1571263484
1570998380
1570919263
1570846091
1570833590
1570730867
1570690046
1570581784
1570484512
1570399955
1570225692
1570174961
1570053216
1569922899
1569898561
1569799626
1569713369
1569666584
1569617418
1569465550
1569364034
1569275739
1569189369
1568958380
1568794242
1568674798
1568594141
1568495706
1568409429
1568355904
1568343337
1568331467
1568241257
1568185518
1568149598
1568070922
1568013377
1567800479
1567756294
1567720084
1567635919
1567543732
1567500119
1567373180
1567279127
1567196217
1567120556
1567043821
1566965649
1566855261
1566719597
1566626541
1566502720
1566450427
1566332317
1566258704
1566168488
1566084516
1566030703
1565991560
1565913544
1565820062
1565751145
1565476423
1565389683
1565302190
1565217728
1565135904
1564867878
1564789841
1564699035
1564430259
1564353088
1564351682
1564265134
1564096871
1564003154
1563913962
1563828704
1563732724
1563661138
1563499318
1563413035
1563308118
1563230686
1562967674
1562903906
1562707335
1562536145
1562462772
1562415504
1562353603
1562272281
1562186192
1562096497
1562005531
1561917420
1561841967
1561788484
1561743768
1561666701
1561577488
1561481477
1561319657
1561244473
1561152055
1561065459
1561016304
1560976290
1560941607
1560894091
1560796674
1560694441
1560636531
1560548338
1560455506
1560377419
1560321344
1560277189
1560107158
1560036733
1559979421
1559947956
1559862249
1559772319
1559685366
1559509220
1559431892
1559345557
1559252720
1559168582
1558989587
1558914637
1558832629
1558735305
1558644706
1558559307
1558473204
1558406478
1558386953
1558297001
1558156790
1558131718
1558056650
1558036472
1557978208
1557961867
1557947545
1557867832
1557793560
1557781658
1557723500
1557695752
1557620925
1557555260
1557530367
1557435759
1557344473
1557264856
1557174103
1557084961
1557001013
1556920595
1556917910
1556857394
1556827984
1556743815
1556655853
1556568857
1556514469
1556493868
1556478696
1556397372
1556304879
1556226636
1556134641
1556050273
1555997661
1555962028
1555874034
1555836644
1555813565
1555748104
1555716656
1555699293
1555658737
1555618784
1555572398
1555527191
1555438793
1555379449
1555332275
1555286052
1555269401
1555228722
1555203961
1555185760
1555108750
1555093968
1555043122
1555010121
1554963554
1554942396
1554926090
1554863982
1554837123
1554800129
1554749300
1554584714
1554540801
1554496411
