1617404800
1616697238
1615488566
1615204862
1615154702
1614329909
1612743174
1612382728
1611924267
1610830998
1610567425
1608921211
1608286115
1607436619
1607372200
1606489832
1605778535
1604451750
1604429530
1604136518
1603817084
1603466703
1602608394
1602607483
1601570609
1601480518
1601030989
1600514600
1599347446
1599242426
1599156520
1598912962
1598025647
1597532525
1595010616
1594340567
1594299652
1593703978
1590522388
1590277251
1588175299
1587471348
1586988167
1586523345
1586265041
1584727906
1584484021
1583349372
1579611146
1578928240
1578854007
1578248586
1577942686
1577476857
1576782128
1576763365
1576761639
1576560094
1576416554
1576264683
1576106986
1576078969
1575829903
1575614754
1575549688
1575509476
1575472461
1575469650
1575397671
1574657119
1574623028
1573866238
1573333186
1572810330
1571849376
1570653678
1570601680
1570421460
1570412915
1570121067
1570120796
1569994680
1569806221
1568990259
1568785081
1568678478
1568507999
1568487194
