1618159636
1618155853
1618075298
1618018336
1617988415
1617986903
1617901393
1617729205
1617642215
1617578276
1617556918
1617475558
1617469357
1617384221
1617383115
1617296640
1617211600
1617208520
1617123367
1617036826
1616947723
1616865168
1616774302
1616717255
1616688067
1616631350
1616601602
1616515316
1616450227
1616360113
1616344149
1616193027
1616170736
1616084001
1616001201
1615913912
1615824461
1615738816
1615655380
1615570199
1615482227
1615395715
1615311241
1615225966
1615054641
1614968697
1614888694
1614813470
1614792824
1614447002
1614360821
1614101125
1613931256
1613756678
1613669102
1613500281
1613408334
1613327933
1613239475
1613155011
1613065223
1612980114
1612809280
1612712287
1612557517
1612546404
1612460183
1612304930
1612287992
1612212325
1612193525
1612029292
1611965552
1611847556
1611774279
1611682495
1611511695
1611451182
1611423576
1611336707
1611250634
1611164140
1611077938
1610990997
1610908614
1610818531
1610681367
1610651513
1610568336
1610484855
1610384757
1610327348
1610309497
1610298207
1610255103
1610211945
1610125236
1610076369
1610059611
1609983515
1609969226
1609957829
1609795277
1609724571
1609711361
1609629969
1609529430
1609445977
1609358639
1609273177
1609188383
1609172633
1609110099
1609023001
1608845021
1608743583
1608583257
1608514261
1608438003
1608409696
1608349108
1608322146
1608237254
1608064507
1607978045
1607823260
1607794193
1607721026
1607619681
1607562314
1607532082
1607477798
1607446342
1607389717
1607373807
1607358707
1607292096
1607275707
1607218828
1607188081
1607131467
1607044287
1607032234
1607014889
1606961907
1606925233
1606852492
1606838699
1606784526
1606767308
1606755626
1606698016
1606593767
1606583847
1606507609
1606498204
1606443582
1606335617
1606248286
1606226747
1606188010
1606161377
1606144314
1606089507
1606014475
1606008043
1605976672
1605902816
1605824856
1605729807
1605663388
1605648299
1605558988
1605488478
1605467286
1605404221
1605371287
1605324605
1605296126
1605288411
1605230258
1605213390
1605160146
1605113457
1605039630
1605025692
1604979931
1604935275
1604891984
1604861747
1604848760
1604803637
1604789715
1604715402
1604694330
1604677138
1604629538
1604606067
1604592164
1604538887
1604504398
1604470080
1604449650
1604367568
1604339830
1604280204
1604263034
1604197084
1604161898
1604156882
1604103873
1604090149
1604079524
1603997531
1603931364
1603913211
1603896871
1603841127
1603835598
1603779114
1603756155
1603735426
1603727331
1603395957
1603245203
1603203476
1603160665
1603135098
1603071039
1603032272
1602960751
1602731681
1602617259
1602606333
1602542144
1602513490
1602468353
1602441246
1602432061
1602383692
1602371216
1602288552
1602277950
1602206156
1602129741
1602087765
1602000560
1601737883
1601495309
1601408561
1601347042
1601248940
1601137210
1600875000
1600707666
1600646645
1600568040
1600308658
1600134795
1600096626
1600042314
1600007606
1599958999
1599923424
1599871532
1599861744
1599773551
1599749265
1599706245
1599680797
1599662050
1599612682
1599592568
1599583095
1599536130
1599519728
1599505201
1599450905
1599432478
1599361784
1599335578
1599280925
1599264839
1599247457
1599192697
1599162312
1599159392
1599107690
1599074235
1599019538
1598987955
1598930753
1598922788
1598887873
1598843708
1598832151
1598799695
1598756849
1598745775
1598713228
1598668409
1598659968
1598633831
1598626771
1598588995
1598574815
1598552512
1598488071
1598454132
1598403936
1598366236
1598296094
1598281292
1598229317
1598221168
1598197874
1598141955
1598119585
1598055450
1598034098
1597985136
1597968384
1597949625
1597937488
1597882727
1597849910
1597796195
1597762937
1597709113
1597691433
1597622933
1597591863
1597536117
1597505981
1597450292
1597429791
1597363832
1597338517
1597332945
1597277349
1597244722
1597192500
1597177020
1597159189
1597105001
1597018372
1596985445
1596942844
1596898983
1596855804
1596824689
1596812659
1596742923
1596726220
1596639865
1596587837
1596565736
1596554686
1596510891
1596486020
1596472498
1596466917
1596425776
1596402954
1596394299
1596381291
1596337622
1596307592
1596294432
1596241083
1596208134
1596154914
1596121362
1596078563
1596034852
1595993010
1595948576
1595905738
1595875558
1595862339
1595819108
1595775729
1595732972
1595702180
1595689494
1595646500
1595602856
1595549875
1595516537
1595430172
1595376095
1595343703
1595290709
1595257431
1595203475
1595171021
1595116960
1595087077
1595085576
1595030413
1594998754
1594998163
1594953984
1594921501
1594825263
1594771322
1594739139
1594685983
1594653068
1594571194
1594512326
1594493051
1594479909
1594393844
1594307038
1594254212
1594221214
1594167032
1594136711
1594070378
1594050468
1593965438
1593964719
1593915439
1593877957
1593743924
1593700759
1593311095
1593285163
1593214436
1593184603
1593134020
1593104031
1593051795
1593023397
1592955349
1592923812
1592859769
1592694575
1592591716
1592505869
1592418399
1592333813
1592274423
1592192353
1592177964
1591990544
1591889432
1591813038
1591799104
1591741584
1591731009
1591547344
1591422890
1591371467
1591294512
1591205156
1591121120
1591032077
1590867621
1590777516
1590690338
1590628215
1590519076
1590435505
1590420894
1590333493
1590255638
1590202018
1590120524
1590100168
1590089230
1589915705
1589831442
1589827033
1589768962
1589751187
1589674919
1589661373
1589595752
1589470966
1589417391
1589401085
1589382237
1589309667
1589297177
1589253191
1589213601
1589169809
1589142598
1589079010
1588960953
1588876464
1588791815
1588707808
1588642566
1588618637
1588564241
1588552086
1588543097
1588529531
1588475715
1588456540
1588350682
1588293343
1588292091
1588281244
1588265799
1588183905
1588181543
1588097554
1588056385
1588013465
1587960567
1587958669
1587881276
1587874274
1587848029
1587746088
1587705543
1587670594
1587657062
1587622816
1587580332
1587534392
1587532691
1587350651
1587324688
1587263599
1586718931
1586645133
1586368875
