1618096773
1617837930
1617490312
1616081615
1615835583
1615681884
1615663622
1615225237
1615149022
1614806737
1614711120
1614663475
1614205836
1613759893
1613520041
1613412632
1613337458
1613143246
1612896526
1612841052
1612829441
1612542774
1612045535
1611960873
1611615745
1611441031
1611348534
1611108384
1610837157
1610834391
1610680344
1610586683
1610567719
1610562052
1610329750
1610307495
1610258133
1609971468
1609802631
1609799438
1609472135
1609374571
1609206923
1609001103
1608958026
1608922190
1608655504
1608588336
1608580660
1608408070
1608399661
1608261809
1608168567
1608079039
1607910381
1607734695
1607542356
1607484251
1607472334
1607472233
1607290801
1607239858
1607040625
1606934826
1606931771
1606689218
1606328692
1606277423
1606075885
1606007581
1605739608
1605721833
1605467991
1605396705
1605248040
1605133257
1605063907
1605059505
1604952975
1604797796
1604788703
1604628890
1604542727
1604447934
1604445935
1604444228
1604377585
1604362665
1604198350
1604181890
1604016102
1603825741
1603492289
1603411341
1603409682
1603406927
1603156023
1602804547
1602720809
1602718107
1602464331
1602384240
1602296343
1602270560
1602183841
1602097295
1602010852
1601838067
1601779075
1601594628
1601510996
1601509594
1601424708
1601334469
1601261720
1601234442
1601165322
1601060595
1601002692
1600992839
1600912274
1600891852
1600815679
1600801726
1600735834
1600716117
1600648114
1600631786
1600544481
1600481547
1600478264
1600372769
1600306096
1600271288
1600212274
1600196678
1600127831
1600110148
1600025805
1599960414
1599937793
1599871873
1599868370
1599794115
1599791751
1599788228
1599764879
1599699318
1599505705
1599419043
1599352929
1599348437
1599261873
1599186787
1598835220
1598752798
1598748487
1598719032
1598573003
1598493960
1598317265
1598307299
1598232447
1598223621
1598055138
1598050976
1597972882
1597884739
1597879014
1597752302
1597752159
1597712052
1597706125
1597618931
1597542788
1597361365
1597220593
1597189051
1597115064
1597104605
1596936739
1596848878
1596593886
1596588180
1596424327
1596147629
1595970103
1595799688
1594833537
1594602747
1594415239
1594106253
1593909878
1592105152
1590368197
1589992457
1589646486
1588360135
1588110371
1587010147
1586817745
1585853932
1584724059
1584722227
1584554623
1581457023
1579973275
