1618068285
1617982529
1617895694
1617809399
1617722999
1617378764
1617290471
1617031918
1616948229
1616879669
1616774140
1616689642
1616600455
1616513383
1616168068
1616092223
1615046399
1614960365
1614789020
1614703645
1614614214
1614440992
1614358243
1614269251
1614179311
1614100599
1613834401
1613754663
1613662671
1613576639
1613491932
1613406912
1613146279
1613059876
1612974702
1612886620
1612627376
1612541477
1612454309
1612365568
1612281832
1612195252
1612108955
1611937807
1611849050
1611763672
1611676931
1611504319
1611413988
1611331898
1611246074
1611158942
1611072183
1610986005
1610898522
1610810444
1610726713
1610640010
1610553738
1610467534
1610380727
1610290979
1610208319
1610121889
1610035942
1609949271
1609859369
1609772808
1609686092
1609607987
1609518241
1609430528
1609340108
1609257110
1609175081
1609100434
1608994780
1608908405
1608822166
1608735860
1608649382
1608563039
1608476603
1608390141
1608303768
1608217550
1608130953
1607958108
1607872065
1607698945
1607612595
1607547647
1607440087
1607353420
1607266885
1607180723
1607094181
1607007858
1606835031
1606748607
1606662203
1606489593
1606418966
1606329540
1606238303
1606155904
1606070302
1605983792
1605905332
1605805487
1605724688
1605639840
1605551516
1605457928
1605378084
1605292710
1605203966
1605127510
1605032133
1604941818
1604855195
1604773863
1604687095
1604601325
1604514951
1604429172
1604345571
1604256157
1604173075
1604086776
1603999876
1603901389
1603818160
1603731999
1603645376
1603558871
1603469179
1603380513
1603295694
1603209638
1603123210
1602950308
1602865314
1602777877
1602691686
1602606641
1602521588
1602430019
1602353285
1602265249
1602182135
1602095378
1602000888
1601906599
1601820770
1601737298
1601654209
1601568460
1601483309
1601396797
1601310108
1601222682
1601138645
1601052775
1600961884
1600880282
1600790333
1600703940
1600617379
1600533479
1600444550
1600275765
1600185430
1600012520
1599926075
1599839035
1599756109
1599665040
1599581309
1599493313
1599409502
1599321126
1599234529
1599061834
1598976891
1598889588
1598804146
1598716145
1598633234
1598543780
1598457645
1598371883
1598288038
1598198396
1598112288
1597939830
1597853001
1597766597
1597705354
1597680209
1597592658
1597508888
1597419023
1597343883
1597245974
1597160828
1597082959
1596998948
1596908637
1596820543
1596732880
1596646478
1596479356
1596369860
1596283580
1596219102
1596211496
1596134011
1596047718
1595960613
1595707261
1595630024
1595620943
1595607330
1595538612
1595527182
1595444419
1595347230
1595260551
1595194198
1595102420
1595019651
1595009107
1594929651
1594843249
1594761035
1594753566
1594660942
1594490597
1594415120
1594408364
1594332025
1594242271
1594228099
1594156191
1594144986
1594076566
1594069331
1593979981
1593885094
1593799895
1593777714
1593715307
1593637318
1593627024
1593548638
1593465726
1593292044
1593282006
1593195607
1593122611
1593118709
1593027922
1593017965
1592942756
1592931744
1592850884
1592769737
1592681464
1592671875
1592598586
1592589658
1592512490
1592503535
1592415001
1592336486
1592248219
1591909836
1591899945
1591822885
1591740169
1591728631
1591639996
1591554017
1591532236
1591469399
1591379742
1591293294
1591038888
1590948911
1590935350
1590863145
1590777021
1590690601
1590518899
1590431417
1590344391
1590333302
1590258040
1590176475
1590167349
1590085853
1589998778
1589826031
1589651697
1589567085
1589544037
1589479876
1589393866
1589313764
1589221257
1589196505
1589134985
1589050234
1588958616
1588791621
1588620707
1588537970
1588528346
1588447862
1588440946
1588354081
1588267872
1588200624
1588097105
1588011657
1587924375
1587839084
1587666182
1587578453
1587493218
1587406245
1587320465
1587149235
1587064813
1586974376
1586803430
1586716069
1586629251
1586543645
1586457643
1586370076
1586283630
1586197228
1586111191
1586024492
1585938075
1585766115
1585678959
1585592505
1585506077
1585423179
1585335677
1585248409
1585080044
1584991310
1584900331
1584823571
1584821588
1584732064
1584661039
1584646386
1584559890
1584473445
1584212779
1584126909
1584040930
1583951351
1583865565
1583799972
1583779301
1583694338
1583606802
1583520447
1583435450
1583347552
1583174754
1583002319
1582915956
1582831821
1582745963
1582658538
1582570599
1582398891
1582313027
1582225203
1582139149
1582052499
1581966284
1581792699
1581709922
1581633954
1581620558
1581361267
1581274008
1581188665
1581016530
1580842840
1580769784
1580756161
1580581706
1580414479
1580241655
1580168399
1580068913
1579896067
1579830815
1579809705
1579636852
1579550408
1579377684
1579291253
1579130378
1579118513
1579031225
1578967330
1578945498
1578686456
1578513635
1578506490
1578427245
1578340837
1578263057
1578168061
1578081656
1577649595
1577563257
1577312333
1577229217
1577217680
1577044886
1576958423
1576628961
1576612921
1576526385
1576438053
1576008158
1575922334
1575576921
1575487892
1575403698
1575315087
1575142274
1575073858
1575055875
1574989335
1574971917
1574798541
1574712086
1574553905
1574545068
1574462223
1574377226
1574366448
1574282144
1574193636
1574119941
1574020921
1573948848
1573934579
1573848126
1573761818
1573675288
1573588954
1573513530
1573347945
1573330355
1573243094
1573161039
1573081181
1572904200
1572811279
1572654696
1572639704
1572637893
1572561827
1572552034
1572465889
1572389932
1572379407
1572299979
1572208196
1571954407
1571941980
1571868887
1571867025
1571774697
1571770871
1571694210
1571611622
1571527668
1571513284
1571425294
1571252635
1571166317
1571087222
1571009906
1570993443
1570823657
1570820686
1570744791
1570734228
1570649350
1570562379
1570486283
1570482722
1570467334
1570397059
1570389987
1570385052
1570320632
1570306295
1570303926
1570300429
1570216792
1570052330
1570048324
1570044711
1569974210
1569970427
1569957959
1569954492
1569881183
1569877669
1569797130
1569784437
1569780385
1569717794
1569701525
1569694069
1569624159
1569613438
1569611038
1569528194
1569524565
1569443233
1569438076
1569357830
1569353974
1569350178
1569275045
1569272636
1569183190
1569177056
1569111149
1569106558
1569094431
1569090873
1569022012
1569007914
1569004233
1568925935
1568922331
1568919359
1568838872
1568833302
1568749417
1568745183
1568672239
1568668491
1568574160
1568493049
1568489618
1568485884
1568409344
1568403570
1568399728
1568331883
1568321182
1568316165
1568312255
1568233960
1568228834
1568147461
1568143699
1568065761
1568061834
1567971051
1567902394
1567884455
1567881543
1567814523
1567799158
1567795147
1567711864
1567708295
1567627511
1567623669
1567539124
1567535462
1567462477
1567458533
1567454138
1567382758
1567382331
1567360269
1567298544
1567297479
1567297191
1567296623
1567296466
1567289244
1567288417
1567284211
1567279516
1567275457
1567208908
1567206944
1567206288
1567204977
1567200474
1567193753
1567118215
1567117489
1567116821
1567116549
1567107194
1567103539
1567027997
1567024268
1567018871
1566947087
1566946672
1566946475
1566945779
1566945455
1566940060
1566938427
1566932548
1566855720
1566769992
1566765366
1566758625
1566683937
1566681441
1566669305
1566509561
1566502255
1566426947
1566415915
1566336726
1566333142
1566329556
1566250481
1566246803
1566243160
1566237676
1566160210
1566065542
1565977955
1565902926
1565895808
1565818948
1565815255
1565811554
1565731764
1565727974
1565724218
1565647823
1565643677
1565554529
1565550698
1565546729
1565543332
1565468788
1565464032
1565460111
1565382522
1565378816
1565375123
1565291013
1565287387
1565213558
1565208152
1565204554
1565200915
1565127117
1565122488
1565118419
1565114491
1565042074
1565039876
1565038022
1564952507
1564949570
1564941988
1564862500
1564858851
1564853463
1564851899
1564686583
1564605770
1564601883
1564598060
1564518640
1564514962
1564510019
1564437955
1564435929
1564434072
1564347991
1564344906
1564255659
1564252179
1564177366
1564173355
1564168903
1564092226
1564085293
1564081590
1564004564
1563998475
1563994869
1563989797
1563919944
1563913336
1563909429
1563833829
1563829286
1563737377
1563656616
1563653018
1563649288
1563570283
1563564568
1563487443
1563481970
1563478150
1563401506
1563397508
1563393770
1563390103
1563306075
1563304030
1563300061
1563227803
1563224185
1563139226
1563135391
1563131623
1563051839
1563048147
1563044481
1563042657
1562965445
1562961819
1562958066
1562879577
1562875561
1562871653
1562787090
1562781638
1562700426
1562627251
1562621799
1562618031
1562533759
1562530292
1562526459
1562520458
1562441831
1562436472
1562427243
1562358672
1562355140
1562351474
1562270708
1562268802
1562266864
1562190086
1562185911
1562182285
1562105208
1562097978
1562094116
1562018567
1562013975
1561929154
1561924907
1561921268
1561917610
1561844649
1561840925
1561833002
1561829560
1561750955
1561744828
1561666513
1561660799
1561656527
1561583231
1561578175
1561570187
1561494216
1561489465
1561485641
1561407748
1561321995
1561316289
1561314224
1561240611
1561236845
1561230824
1561151887
1561148180
1561144116
1561066002
1561058127
1560982187
1560978220
1560974238
1560969945
1560890343
1560811005
1560805319
1560722554
1560714873
1560711190
1560632595
1560623434
1560547957
1560540727
1560459670
1560454314
1560378993
1560368060
1560362606
1560287320
1560281531
1560205718
1560199247
1560119597
1560110012
1560106167
1560032297
1560026113
1560018634
1559946828
1559937706
1559858552
1559851268
1559773680
1559768120
1559763903
1559687442
1559681310
1559677538
1559602027
1559598745
1559593198
1559512026
1559500270
1559413796
1559337195
1559331647
1559250149
1559245457
1559167200
1559160926
1559084553
1559078342
1559074516
1558989696
1558911797
1558908179
1558901978
1558895106
1558826355
1558821061
1558814989
1558808883
1558736204
1558729630
1558653199
1558648111
1558640470
1558558096
1558553989
1558480165
1558473926
1558467556
1558381728
1558297638
1558292377
1558214130
1558205299
1558136164
1558132579
1558127250
1558121358
1558049174
1558039708
1558033988
1557961149
1557953219
1557947820
1557862000
1557786853
1557781636
1557697162
1557692244
1557686690
1557683199
1557609406
1557604287
1557600446
1557525765
1557520360
1557514756
1557433159
1557427573
1557354398
1557344936
1557258312
1557182104
1557171847
1557097489
1557090810
1557085702
1557082170
1557013310
1557000401
1556995814
1556921487
1556912823
1556833914
1556828459
1556824661
1556739902
1556661645
1556653846
1556580733
1556569915
1556491895
1556482648
1556477206
1556403906
1556396326
1556386116
1556308397
1556221617
1556048731
1555966739
1555882329
1555876991
1555871591
1555867751
1555799353
1555790731
1555786861
1555783099
1555714199
1555710096
1555706502
1555703188
1555629573
1555625654
1555540674
1555535108
1555531574
1555452071
1555448564
1555444880
1555369699
1555365688
1555362088
1555189103
1555180673
1555175083
1555102978
1555099372
1555012853
1554933930
1554930088
1554926445
1554847455
1554843767
1554840057
1554760981
1554757269
1554753669
1554673012
1554667258
1554661928
1554656317
1554584688
1554579123
1554570085
1554498239
1554494479
1554418908
1554411181
1554330499
1554321657
1554235356
1554164920
1554160950
1554156678
1554152940
1554068190
1554062710
1554055421
1553983409
1553974546
1553814467
1553806975
1553731334
1553727668
1553724071
1553641429
1553637714
1553558359
1553554847
1553551295
1553461532
1553455946
1553449752
1553380354
1553375005
1553369475
1553364084
1553299324
1553295718
1553292282
1553212902
1553209288
1553205682
1553126288
1553123082
1553041006
1553036795
1553032881
1553029284
1552953540
1552950073
1552946572
1552942899
1552861516
1552854809
1552849155
1552843873
1552840097
1552768304
1552762770
1552755678
1552692326
1552687392
1552607895
1552604500
1552601035
1552522245
1552518708
1552515686
1552431572
1552428080
1552424505
1552348846
1552345449
1552341694
1552255769
1552250045
1552238957
1552169211
1552164042
1552158215
1552152870
1552090146
1552086096
1552082518
1552003639
1552000096
1551996596
1551917471
1551913357
1551909445
1551830195
1551826988
1551823056
1551743603
1551740819
1551736758
1551652629
1551647091
1551642007
1551634307
1551567615
1551561171
1551554330
1551547572
1551484657
1551481181
1551477387
1551398325
1551394569
1551390968
1551314728
1551311747
1551304717
1551225659
1551221952
1551218224
1551135652
1551131713
1551048187
1551044478
1551034699
1551027604
1550960377
1550956193
1550950284
1550943906
1550884180
1550880379
1550873019
1550795172
1550790561
1550786823
1550769369
1550706616
1550702320
1550687371
1550619460
1550612055
1550605913
1550532790
1550529015
1550525023
1550444599
1550438446
1550419446
1550363531
1550358606
1550273328
1550269822
1550187196
1550183150
1550101962
1550097785
1550010192
1550005449
1549919714
1549726306
1549722988
1549643938
1549639843
1549549951
1549463649
1549380661
1549297949
1549295008
1548865227
1548861710
1548780508
1548776139
1548088382
1548082341
1547742382
1547739002
1547483450
1547313133
1547307029
1547224217
1547218463
1547137425
1547134293
1547051781
1547048070
1546965103
1546961475
1546875041
1546620105
1546615922
1546531262
1545408037
1545401422
1545317754
1545235545
1545231728
1545148911
1545145272
1545067643
1545062435
1545057103
1544803348
1544717622
1544713023
1544624762
1544547723
1544542571
1544538536
1544458387
1544452592
1544202152
1544196773
1544115796
1544109719
1544046536
1544029673
1544023876
1543946232
1543939561
1543932243
1543859225
1543854126
1543849243
1543763896
1543429998
1543420988
1543410819
1543334735
1543256235
1543244296
1542982266
1542917538
1542910414
1542816567
1542729520
1542661158
1542643795
1542383660
1542369971
1542293375
1542280638
1542204273
1542194126
1542140211
1542125091
1542033862
