1618240104
1618189698
1618108162
1617987275
1617913868
1617909508
1617806394
1617727339
1617676391
1617641057
1617637533
1617586876
1617582749
1617498766
1617412706
1617379457
1617297977
1617289561
1617207845
1617127881
1617047329
1616897631
1616863142
1616776107
1616707296
1616705320
1616693485
1616636071
1616601037
1616526074
1616515314
1616433831
1616375887
1616272907
1616196112
1616171547
1616092967
1616037331
1616029710
1616000393
1615934576
1615855053
1615832193
1615826412
1615774286
1615671019
1615564804
1615479871
1615409278
1615335426
1615306766
1615257330
1615240795
1615059621
1614968650
1614899588
1614876517
1614799852
1614794893
1614788033
1614719548
1614626029
1614618854
1614556703
1614534388
1614464844
1614460415
1614369210
1614362524
1614282674
1614275847
1614192282
1614095549
1614048163
1614024527
1614015476
1613953354
1613941235
1613935830
1613883683
1613834833
1613754366
1613661193
1613610516
1613521063
1613409948
1613350052
1613315226
1613312465
1613255941
1613233700
1613177862
1613142348
1613100595
1613079430
1613078713
1613070576
1612985059
1612890236
1612835021
1612804708
1612762869
1612703526
1612650417
1612627711
1612550103
1612545422
1612458410
1612376985
1612318663
1612283580
1612212470
1612210235
1612112725
1612023224
1611951410
1611881159
1611854391
1611802765
1611691308
1611686537
1611624912
1611592521
1611525045
1611515503
1611514441
1611504484
1611451250
1611423430
1611356027
1611341863
1611333388
1611260536
1611251827
1611185571
1611171008
1611166328
1611107527
1611076928
1610995516
1610927877
1610915155
1610906550
1610851169
1610816353
1610764242
1610736435
1610589794
1610545553
1610510364
1610493929
1610425151
1610401358
1610382262
1610325823
1610310793
1610300123
1610296085
1610248974
1610247531
1610224427
1610217052
1610123351
1610074355
1610050915
1609985105
1609955649
1609943565
1609896979
1609873238
1609820094
1609808051
1609791361
1609784743
1609706954
1609695746
1609618397
1609607720
1609539138
1609530064
1609523150
1609446089
1609378897
1609352418
1609346570
1609277402
1609266155
1609261716
1609198674
1609189814
1609172499
1609116131
1609095759
1609084352
1609006538
1609001640
1608931809
1608922361
1608869429
1608859235
1608826711
1608757815
1608748753
1608740417
1608692013
1608663559
1608606393
1608575987
1608568159
1608516690
1608495134
1608406591
1608341308
1608315828
1608311494
1608306392
1608244290
1608236847
1608235095
1608228766
1608173128
1608170550
1608159595
1608091094
1608059449
1608049890
1607994228
1607971498
1607961594
1607959374
1607909430
1607880618
1607876247
1607804052
1607783006
1607742475
1607740898
1607736880
1607702074
1607695123
1607651671
1607633012
1607627253
1607619259
1607611855
1607579009
1607549745
1607537936
1607466424
1607456029
1607406799
1607383687
1607376932
1607361773
1607353976
1607314275
1607303348
1607302768
1607285473
1607270067
1607215598
1607209386
1607199659
1607185488
1607185248
1607133664
1607129080
1607110543
1607085988
1607051400
1607046310
1607017869
1606960392
1606922634
1606916434
1606862303
1606850227
1606839942
1606783249
1606779617
1606761805
1606754212
1606699660
1606680244
1606662620
1606662157
1606620616
1606613904
1606605321
1606579898
1606579656
1606535664
1606513494
1606505778
1606443561
1606365982
1606363076
1606343983
1606324205
1606268045
1606251976
1606240351
1606234679
1606178614
1606162019
1606161798
1606152007
1606140770
1606110459
1606103499
1606093027
1606076218
1606058492
1606055646
1606002302
1605988825
1605983345
1605970321
1605926699
1605913947
1605896667
1605875674
1605842413
1605822485
1605805381
1605790993
1605749352
1605741598
1605713044
1605667417
1605640296
1605639786
1605623710
1605590751
1605558275
1605548909
1605545774
1605544947
1605476860
1605459768
1605413202
1605399865
1605392556
1605369909
1605316939
1605296102
1605289095
1605279970
1605246009
1605226227
1605199486
1605151216
1605074306
1605039654
1605024604
1604962067
1604941697
1604937645
1604934791
1604868093
1604856284
1604704340
1604693874
1604611274
1604607862
1604548643
1604519465
1604514036
1604432624
1604287251
1604257114
1604158148
1604101155
1603986136
1603946993
1603726142
1603563302
1603347359
1602440874
1602165550
1601610166
1601355121
1601158744
1601095065
1600403818
1600297727
1599960250
1599880472
1599786809
1599756785
1599532563
1599329546
1599321967
1599100825
1598987237
1598766610
1598638462
1598459720
1598382709
1598329000
1598282188
1598206344
1598150776
1597788292
1597712386
1597652115
1597519348
1597084526
1596735013
1596569469
1596332829
1596299358
1596131724
1595935680
1595887953
1595779123
1595686590
1595479597
1595385858
1595278259
1595207489
1595101625
1595087476
1595006220
1594930097
1594916227
1594796487
1594693709
1594614763
1594481465
1594408090
1594345688
1594239613
1594183950
1594179814
1594089577
1594015550
1593959059
1593873120
1593744748
1593635932
1593569221
1593483653
1593377663
1593301645
1593218185
1593136529
1592963137
1592796906
1592684049
1592589137
1592522614
1592435689
1592282608
1592147462
1592021375
1591991123
1591847690
1591815173
1591719392
1591712807
1591585392
1591549387
1591462842
1591454289
1591376089
1591326252
1591287831
1591236194
1591143231
1591071593
1590968710
1590797832
1590695247
1590633123
1590607826
1590586278
1590521743
1590511370
1590424233
1590334101
1590294913
1590282910
1590236827
1590152659
1590075446
1590072756
1589998046
1589921259
1589842303
1589766319
1589671588
1589567721
1589559715
1589473573
1589433383
1589415060
1589378466
1589328335
1589255966
1589222174
1589170046
1589140379
1589122334
1589048280
1588956222
1588877799
1588816715
1588735689
1588688772
1588642926
1588603170
1588555091
1588517499
1588448861
1588392183
1588343456
1588303310
1588273873
1588262414
1588179077
1588124959
1588106505
1588084354
1587997155
1587945159
1587929116
1587868789
1587848326
1587780486
1587779196
1587695539
1587652960
1587610536
1587577621
1587521048
1587504121
1587433595
1587432615
1587412942
1587349073
1587315526
1587308565
1587268599
1587173452
1587157290
1587072067
1587060577
1586962868
1586913509
1586832436
1586750267
1586641286
1586628652
1586551768
1586482182
1586450837
1586375448
1586363521
1586313334
1586303298
1586262377
1586218878
1586193723
1586176857
1586133571
1586114945
1586104637
1586020106
1586005108
1585873759
1585853886
1585846681
1585842993
1585784505
1585767423
1585758145
1585706872
1585676743
1585616715
1585608630
1585598032
1585573463
1585544150
1585537428
1585498691
1585495169
1585442866
1585358849
1585330599
1585327881
1585284504
1585250374
1585186422
1585163536
