1618244290
1617812128
1617791106
1616038966
1615490711
1615154302
1614899817
1614806501
1614354797
1614098320
1612635599
1611935671
1610216210
1608951520
1606672732
1606169259
1606088511
1606006157
1605892693
1605750337
1605734275
1605552317
1604419399
1604185983
1603245482
1602787943
1601675599
1601308863
1600960500
1600358768
1598130458
1597877940
1597532491
1597369752
1597170005
1596650551
1596064542
1595452779
1595188507
1590021443
1588451068
1588031035
1586822181
1584725668
1583600439
1582739690
1581379287
1579814430
1579471003
1579119975
1578777302
1577067678
1576296393
1575666819
1575056561
1573611173
1573443513
1573264586
1573082518
1572923047
1572631937
1572461234
1572039495
1571874527
1571591861
1571333869
1571192712
1570828961
1570588862
1570551980
1570397499
1570218495
1570057730
