1618246469
1617899343
1617827573
1617495982
1616972377
1616865987
1616792273
1616279824
1616191060
1615840175
1615768627
1615666354
1615412387
1615066416
1614974024
1614893080
1614797535
1614539943
1614275537
1614121873
1614114501
1614046091
1613873271
1613782452
1613572351
1613062937
1612658682
1612289444
1612203260
1611706054
1611614095
1611080630
1611009254
1610994094
1610905631
1610734539
1610587205
1610572547
1610411089
1610235531
1610129289
1609886449
1609701891
1608765021
1608750733
1608677378
1608655312
1608598345
1607987770
1607905800
1607642417
1607546023
1607457745
1607368195
1607280874
1607203769
1607122417
1607024708
1606692986
1606512744
1606340978
1606000138
1605641523
1605567254
1605492694
1605482123
1605135862
1605048667
1604774412
1604621836
1604512033
1604440083
1604186391
1604164448
1604017115
1603912718
1603662151
1603477373
1603386155
1603235541
1603230433
1603133624
1603078233
1603051855
1602966806
1602802859
1602718697
1602620188
1602535027
1602442016
1602371734
1602203468
1602122736
1602028691
1601856681
1601168636
1601094213
1600988126
1600841195
1600468935
1600365235
1599957851
1599870630
1599778682
1599441954
1599158700
1599081842
1598919183
1598893242
1598730708
1598657715
1598637271
1598544549
1598463138
1597773281
1597290241
1597195123
1597106148
1597077390
1596590855
1596503993
1596218419
1596216528
1596160824
1596142978
1596041605
1595959301
1595892358
1595820816
1595544389
1595374830
1595268142
1595116988
1595023501
1594998045
1594957074
1594932398
1594774026
1594745617
1594513248
1594417666
1594329356
1594122085
1594077888
1594069197
1594001266
1593979644
1593922245
1593899502
1593642296
1593556043
1593472968
1593387420
1593369672
1593295258
1593269578
1593217379
1593131700
1593122228
1593038564
1592877211
1592847817
1592780890
1592761285
1592709392
1592690279
1592489162
1592411360
1592331095
1592327458
1592257384
1592245233
1592173154
1592075900
1591985169
1591971697
1591917898
1591901751
1591832441
1591666904
1591633629
1591621178
1591542635
1591467610
1591405610
1591397817
1591378692
1590872262
1590799894
1590756059
1590683015
1590635026
1590605259
1590598811
1590533615
1590432584
1590358140
1590334850
1590165389
1589852206
1589651837
1589595703
1589582154
1588973726
1588822633
1588739687
1588010991
1587943693
1587799841
1587784492
1587773670
1587595921
1587467531
1587316615
1587090413
1586999373
1586909451
1586825545
1586742609
1586565879
1586524433
1586107176
1585698236
1585671095
1584653357
1582679881
1581103601
1578531591
1578428442
