000000000000000000000000000000000000000000000000000000000000000000000000000000000000000000000000000000000000000000000000000000000000000000000000000000000000000000000000000000000000000000000000000000000000000000000000000000000000000000000000000000000000000000000000000000000000000000000000000000000000000000000000000000000000000000000000
000000000000000000000000000000000000000000000000000000000000000000000000000000000000000000000000000000000000000000000000000000000000000000000000000000000000000000000000000000000000000000000000000000000000000000000000000000000000000000000000000000000000000000000000000000000000000000000000000000000000000000000000000000000000000000000000
000000000000000000000000000000000000000000000000000000000000000000000000000000000000000000000000000000000000000000000000000000000000000000000000000000000000000000000000000000000000000000000000000000000000000000000000000000000000000000000000000000000000000000000000000000000000000000000000000000000000000000000000000000000000000000000000
000000000000000000000000000000000000000000000000000000000000000000000000000000000000000000000000000000000000000000000000000000000000000000000000000000000000000000000000000000000000000000000000000000000000000000000000000000000000000000000000000000000000000000000000000000000000000000000000000000000000000000000000000000000000000000000000
000000000000000000000000000000000000000000000000000000000000000000000000000000000000000000000000000000000000000000000000000000000000000000000000000000000000000000000000000000000000000000000000000000000000000000000000000000000000000000000000000000000000000000000000000000000000000000000000000000000000000000000000000000000000000000000000
000000000000000000000000000000000000000000000000000000000000000000000000000000000000000000000000000000000000000000000000000000000000000000000000000000000000000000000000000000000000000000000000000000000000000000000000000000000000000000000000000000000000000000000000000000000000000000000000000000000000000000000000000000000000000000000000
000000000000000000000000000000000000000000000000000000000000000000000000000000000000000000000000000000000000000000000000000000000000000000000000000000000000000000000000000000000000000000000000000000000000000000000000000000000000000000000000000000000000000000000000000000000000000000000000000000000000000000000000000000000000000000000000
000000000000000000000000000000000000000000000000000000000000000000000000000000000000000000000000000000000000000000000000000000000000000000000000000000000000000000000000000000000000000000000000000000000000000000000000000000000000000000000000000000000000000000000000000000000000000000000000000000000000000000000000000000000000000000000000
000000000000000000000000000000000000000000000000000000000000000000000000000000000000000000000000000000000000000000000000000000000000000000000000000000000000000000000000000000000000000000000000000000000000000000000000000000000000000000000000000000000000000000000000000000000000000000000000000000000000000000000000000000000000000000000000
000000000000000000000000000000000000000000000000000000000000000000000000000000000000000000000000000000000000000000000000000000000000000000000000000000000000000000000000000000000000000000000000000000000000000000000000000000000000000000000000000000000000000000000000000000000000000000000000000000000000000000000000000000000000000000000000
000000000000000000000000000000000000000000000000000000000000000000000000000000000000000000000000000000000000000000000000000000000000000000000000000000000000000000000000000000000000000000000000000000000000000000000000000000000000000000000000000000000000000000000000000000000000000000000000000000000000000000000000000000000000000000000000
000000000000000000000000000000000000000000000000000000000000000000000000000000000000000000000000000000000000000000000000000000000000000000000000000000000000000000000000000000000000000000000000000000000000000000000000000000000000000000000000000000000000000000000000000000000000000000000000000000000000000000000000000000000000000000000000
000000000000000000000000000000000000000000000000000000000000000000000000000000000000000000000000000000000000000000000000000000000000000000000000000000000000000000000000000000000000000000000000000000000000000000000000000000000000000000000000000000000000000000000000000000000000000000000000000000000000000000000000000000000000000000000000
000000000000000000000000000000000000000000000000000000000000000000000000000000000000000000000000000000000000000000000000000000000000000000000000000000000000000000000000000000000000000000000000000000000000000000000000000000000000000000000000000000000000000000000000000000000000000000000000000000000000000000000000000000000000000000000000
000000000000000000000000000000000000000000000000000000000000000000000000000000000000000000000000000000000000000000000000000000000000000000000000000000000000000000000000000000000000000000000000000000000000000000000000000000000000000000000000000000000000000000000000000000000000000000000000000000000000000000000000000000000000000000000000
000000000000000000000000000000000000000000000000000000000000000000000000000000000000000000000000000000000000000000000000000000000000000000000000000000000000000000000000000000000000000000000000000000000000000000000000000000000000000000000000000000000000000000000000000000000000000000000000000000000000000000000000000000000000000000000000
000000000000000000000000000000000000000000000000000000000000000000000000000000000000000000000000000000000000000000000000000000000000000000000000000000000000000000000000000000000000000000000000000000000000000000000000000000000000000000000000000000000000000000000000000000000000000000000000000000000000000000000000000000000000000000000000
000000000000000000000000000000000000000000000000000000000000000000000000000000000000000000000000000000000000000000000000000000000000000000000000000000000000000000000000000000000000000000000000000000000000000000000000000000000000000000000000000000000000000000000000000000000000000000000000000000000000000000000000000000000000000000000000
000000000000000000000000000000000000000000000000000000000000000000000000000000000000000000000000000000000000000000000000000000000000000000000000000000000000000000000000000000000000000000000000000000000000000000000000000000000000000000000000000000000000000000000000000000000000000000000000000000000000000000000000000000000000000000000000
000000000000000000000000000000000000000000000000000000000000000000000000000000000000000000000000000000000000000000000000000000000000000000000000000000000000000000000000000000000000000000000000000000000000000000000000000000000000000000000000000000000000000000000000000000000000000000000000000000000000000000000000000000000000000000000000
000000000000000000000000000000000000000000000000000000000000000000000000000000000000000000000000000000000000000000000000000000000000000000000000000000000000000000000000000000000000000000000000000000000000000000000000000000000000000000000000000000000000000000000000000000000000000000000000000000000000000000000000000000000000000000000000
000000000000000000000000000000000000000000000000000000000000000000000000000000000000000000000000000000000000000000000000000000000000000000000000000000000000000000000000000000000000000000000000000000000000000000000000000000000000000000000000000000000000000000000000000000000000000000000000000000000000000000000000000000000000000000000000
000000000000000000000000000000000000000000000000000000000000000000000000000000000000000000000000000000000000000000000000000000000000000000000000000000000000000000000000000000000000000000000000000000000000000000000000000000000000000000000000000000000000000000000000000000000000000000000000000000000000000000000000000000000000000000000000
000000000000000000000000000000000000000000000000000000000000000000000000000000000000000000000000000000000000000000000000000000000000000000000000000000000000000000000000000000000000000000000000000000000000000000000000000000000000000000000000000000000000000000000000000000000000000000000000000000000000000000000000000000000000000000000000
000000000000000000000000000000000000000000000000000000000000000000000000000000000000000000000000000000000000000000000000000000000000000000000000000000000000000000000000000000000000000000000000000000000000000000000000000000000000000000000000000000000000000000000000000000000000000000000000000000000000000000000000000000000000000000000000
000000000000000000000000000000000000000000000000000000000000000000000000000000000000000000000000000000000000000000000000000000000000000000000000000000000000000000000000000000000000000000000000000000000000000000000000000000000000000000000000000000000000000000000000000000000000000000000000000000000000000000000000000000000000000000000000
000000000000000000000000000000000000000000000000000000000000000000000000000000000000000000000000000000000000000000000000000000000000000000000000000000000000000000000000000000000000000000000000000000000000000000000000000000000000000000000000000000000000000000000000000000000000000000000000000000000000000000000000000000000000000000000000
000000000000000000000000000000000000000000000000000000000000000000000000000000000000000000000000000000000000000000000000000000000000000000000000000000000000000000000000000000000000000000000000000000000000000000000000000000000000000000000000000000000000000000000000000000000000000000000000000000000000000000000000000000000000000000000000
000000000000000000000000000000000000000000000000000000000000000000000000000000000000000000000000000000000000000000000000000000000000000000000000000000000000000000000000000000000000000000000000000000000000000000000000000000000000000000000000000000000000000000000000000000000000000000000000000000000000000000000000000000000000000000000000
000000000000000000000000000000000000000000000000000000000000000000000000000000000000000000000000000000000000000000000000000000000000000000000000000000000000000000000000000000000000000000000000000000000000000000000000000000000000000000000000000000000000000000000000000000000000000000000000000000000000000000000000000000000000000000000000
000000000000000000000000000000000000000000000000000000000000000000000000000000000000000000000000000000000000000000000000000000000000000000000000000000000000000000000000000000000000000000000000000000000000000000000000000000000000000000000000000000000000000000000000000000000000000000000000000000000000000000000000000000000000000000000000
000000000000000000000000000000000000000000000000000000000000000000000000000000000000000000000000000000000000000000000000000000000000000000000000000000000000000000000000000000000000000000000000000000000000000000000000000000000000000000000000000000000000000000000000000000000000000000000000000000000000000000000000000000000000000000000000
000000000000000000000000000000000000000000000000000000000000000000000000000000000000000000000000000000000000000000000000000000000000000000000000000000000000000000000000000000000000000000000000000000000000000000000000000000000000000000000000000000000000000000000000000000000000000000000000000000000000000000000000000000000000000000000000
000000000000000000000000000000000000000000000000000000000000000000000000000000000000000000000000000000000000000000000000000000000000000000000000000000000000000000000000000000000000000000000000000000000000000000000000000000000000000000000000000000000000000000000000000000000000000000000000000000000000000000000000000000000000000000000000
000000000000000000000000000000000000000000000000000000000000000000000000000000000000000000000000000000000000000000000000000000000000000000000000000000000000000000000000000000000000000000000000000000000000000000000000000000000000000000000000000000000000000000000000000000000000000000000000000000000000000000000000000000000000000000000000
000000000000000000000000000000000000000000000000000000000000000000000000000000000000000000000000000000000000000000000000000000000000000000000000000000000000000000000000000000000000000000000000000000000000000000000000000000000000000000000000000000000000000000000000000000000000000000000000000000000000000000000000000000000000000000000000
000000000000000000000000000000000000000000000000000000000000000000000000000000000000000000000000000000000000000000000000000000000000000000000000000000000000000000000000000000000000000000000000000000000000000000000000000000000000000000000000000000000000000000000000000000000000000000000000000000000000000000000000000000000000000000000000
000000000000000000000000000000000000000000000000000000000000000000000000000000000000000000000000000000000000000000000000000000000000000000000000000000000000000000000000000000000000000000000000000000000000000000000000000000000000000000000000000000000000000000000000000000000000000000000000000000000000000000000000000000000000000000000000
000000000000000000000000000000000000000000000000000000000000000000000000000000000000000000000000000000000000000000000000000000000000000000000000000000000000000000000000000000000000000000000000000000000000000000000000000000000000000000000000000000000000000000000000000000000000000000000000000000000000000000000000000000000000000000000000
000000000000000000000000000000000000000000000000000000000000000000000000000000000000000000000000000000000000000000000000000000000000000000000000000000000000000000000000000000000000000000000000000000000000000000000000000000000000000000000000000000000000000000000000000000000000000000000000000000000000000000000000000000000000000000000000
000000000000000000000000000000000000000000000000000000000000000000000000000000000000000000000000000000000000000000000000000000000000000000000000000000000000000000000000000000000000000000000000000000000000000000000000000000000000000000000000000000000000000000000000000000000000000000000000000000000000000000000000000000000000000000000000
000000000000000000000000000000000000000000000000000000000000000000000000000000000000000000000000000000000000000000000000000000000000000000000000000000000000000000000000000000000000000000000000000000000000000000000000000000000000000000000000000000000000000000000000000000000000000000000000000000000000000000000000000000000000000000000000
000000000000000000000000000000000000000000000000000000000000000000000000000000000000000000000000000000000000000000000000000000000000000000000000000000000000000000000000000000000000000000000000000000000000000000000000000000000000000000000000000000000000000000000000000000000000000000000000000000000000000000000000000000000000000000000000
000000000000000000000000000000000000000000000000000000000000000000000000000000000000000000000000000000000000000000000000000000000000000000000000000000000000000000000000000000000000000000000000000000000000000000000000000000000000000000000000000000000000000000000000000000000000000000000000000000000000000000000000000000000000000000000000
000000000000000000000000000000000000000000000000000000000000000000000000000000000000000000000000000000000000000000000000000000000000000000000000000000000000000000000000000000000000000000000000000000000000000000000000000000000000000000000000000000000000000000000000000000000000000000000000000000000000000000000000000000000000000000000000
000000000000000000000000000000000000000000000000000000000000000000000000000000000000000000000000000000000000000000000000000000000000000000000000000000000000000000000000000000000000000000000000000000000000000000000000000000000000000000000000000000000000000000000000000000000000000000000000000000000000000000000000000000000000000000000000
000000000000000000000000000000000000000000000000000000000000000000000000000000000000000000000000000000000000000000000000000000000000000000000000000000000000000000000000000000000000000000000000000000000000000000000000000000000000000000000000000000000000000000000000000000000000000000000000000000000000000000000000000000000000000000000000
000000000000000000000000000000000000000000000000000000000000000000000000000000000000000000000000000000000000000000000000000000000000000000000000000000000000000000000000000000000000000000000000000000000000000000000000000000000000000000000000000000000000000000000000000000000000000000000000000000000000000000000000000000000000000000000000
000000000000000000000000000000000000000000000000000000000000000000000000000000000000000000000000000000000000000000000000000000000000000000000000000000000000000000000000000000000000000000000000000000000000000000000000000000000000000000000000000000000000000000000000000000000000000000000000000000000000000000000000000000000000000000000000
000000000000000000000000000000000000000000000000000000000000000000000000000000000000000000000000000000000000000000000000000000000000000000000000000000000000000000000000000000000000000000000000000000000000000000000000000000000000000000000000000000000000000000000000000000000000000000000000000000000000000000000000000000000000000000000000
000000000000000000000000000000000000000000000000000000000000000000000000000000000000000000000000000000000000000000000000000000000000000000000000000000000000000000000000000000000000000000000000000000000000000000000000000000000000000000000000000000000000000000000000000000000000000000000000000000000000000000000000000000000000000000000000
000000000000000000000000000000000000000000000000000000000000000000000000000000000000000000000000000000000000000000000000000000000000000000000000000000000000000000000000000000000000000000000000000000000000000000000000000000000000000000000000000000000000000000000000000000000000000000000000000000000000000000000000000000000000000000000000
000000000000000000000000000000000000000000000000000000000000000000000000000000000000000000000000000000000000000000000000000000000000000000000000000000000000000000000000000000000000000000000000000000000000000000000000000000000000000000000000000000000000000000000000000000010110110000000001010000000000000000000000100010000000000000010001
110000000000000000000001000010000000000000000011000000000000000000010001000010000000000000000000000000000000000000100000000000000000000000000100000000000000000000010001000000000000000000000001000100001000000000000000000000110001000100000000100000000000000001000000000000000010000000000000010000000000000000000000000000000000001000000000
010000000000000000000000000000001001000000000011000100000000000000000000000000000000001000000000000000000000000000000100000000000000000000000000000000000000000000010000000010000000000000000000000000000000000000000000000001001010100000000000000100000000000000000000101000000001000000000000000000000000000000000000000010000000000000000000
001100000000000000001000000010000000000000000000000000000000000000000000000010000000000000000000001000000000000000000100000000000000000000000000000000000000000000010000000000000000000000000000000010000000000000000000011001001000000100010000000000000000000000010001000000000000000000000000000000000000000000000000000010000010000000000000
000000000000000000000010000010000000000000000000000000000000000000000100000000000000000000000000000000000000000000000000000000000000000001000000000000000000000000000000000010000000000000000000000001000000000000000001000010000000000000000110000000000000000000000000100000000000000000000000100000000000000000000001000000000000000000000011
000000000000000000000000000001000000000000010010001000000000000000010001000000000000001000010000000000000000000000000100000000000001000000000000000000000000000000000000000010000000000000000000000000001100000000001011010000101100000000000000000000000000000000000001000000011000000010000000000000000000000000000000000010000000000000000010
100000000000000000000000000010000000000000000001100000000000000000010000000000000000000000000100000000000000000000000000000010000001000000000000000000000000000000010000000010000000000000000000000000000000000000000000000000000000000000000000000000000000000000000000000000000000000000000000000000000000000000000000000010000000000000000000
100100000000000000010000000100000000000000000001000000000000000000000000000010000000000000000001001000000000000000010000000000000000000000000001100000000000000000000000100000000000000000000000000000000000000000000000000000000000000010000000100100000000000000000111000000000000000000000000011000000000000000000000000010000000000000000001
000000000000000000100000000010000000010000001100000000000000000000000000100010000000000000000000010000000000000000010010000000000000000000000000000011000000000000000000000000000000000000000000000000000000000000101000010000001000000000000000000110000000000000000011000000000000001000000000010000000000000000100000000010000000000000000001
011000000000000000000100000000000000000000000110000000000000000000000000000010000000000000000000101000000000000000000001000000000000000000000000000000000000000000100000100010000000000000000010000001000000000000011100000000100010000000000000100100000000000000000001001000100100000000000001000000000000000000000000000000000000000000101000
000000000000000000000110001000000000000000010000000000000000000000010000001000000000000000000011100000000000000000000010000000000000000000000000001000000000000001000000000000000000000000010000011000000000000000000011000011000000000000000000000000000000000000000000000011000000000000000000000000000000000000000000000000000000000000000000
100000000000000010000000001000000000000000000100000000000000000000000000000000000000100100000001100000000000000000000000001000000000000000000001100000000000000000000000000000000000000000000000111000000000000000001100000000010000000000000000000001000000000000011110000000000000010000000000000000000000000000000000000000000000000000001010
000000000000000000000000001000000000000001001001001000000000000000000000001000000000000000000000100000000000000000000000000000000000000000000110000000000000000000000000010000000000000000000000001000000000000000011100000000000000000000000000000000000000000000111000000000100001000000000000000000000000000000000000001000000000001100000000
000000000000000000000100000000000000000000001001000000000000000000000010000000000000000000000001111000000000000001000000000000000000000000000011100000000000000000000000100000000000000000000000000000000000000000010000000010000000000000000000110100000000000000000001000000000000000000000000000000000000000000000010000000000000000001000000
000000000000000001000000000000000000000001000010000000000000000001000100000000000000000000000000010000000000000001000000000000000000000001000000010000000000000000000000000000000000000000000000101000000000000000000000000010000000000100000000000000000000000000000001000000000000000000000000000000000000000000000000001000000000000000000000
001000000000000000010000000000000000000000000011100000000000000000000000001000000000000000000000000110000000000000001000000000000000000000000000010000000000000000000000000000000000000000000000010000000000000000110000000000000000000000000000000000000000000000000000001001010000000000000000000000000000000001000000000000000100000100100100
000000000000000000000000001000000000010000011100000000000000000000010000000000000000000000001000000000000000000000010010000000000000000000000000000000000000000000000000010000000000100000000000100001000000000000000000000000000000000000000000111000000000000000110000000000000000000000000000000000000000000000000100000000000000000000000000
000000000000000000000000001000100000000000000000000000000000000000000010001000000000000000000000110000000000000011000000000000000000000010000000000000000000000000000000001000001000010000000000010000000000000001100000000000000000000001000000000000000000000010000000000000000000000000000000001000000000000011000000000000001000000000000000
000000000000000010000000000001000000000001100000000000000000000101000000000000000000000000000100100000000000000001000000000000000000000000000000011000000000000000000100000000000000000000000000000000000000000000000000000000000000000000000000000000000000000000000100000000010000000000000000000000000000000000000100000001000000000000000000
000000000000000000000100000000000000000000000000000000000000000011000000000000000000000000000010000000000000000000000000010000000000000000011100000000000000000001000010001000000010000000000000000000000000000000001000000000000000000010001000000000000000000000000010000000000000000000000000000000000000000000010000000000000000000000001000
000000000000000000000000001000000000000000000000000000000000000000000100000000000000000000000000010000000000000000000100000000000000000000000000000000000000000000000110001000000000000000000000000000000000000000001100000000000000000001000000000000000000000000000000000000000000000000000000000000000000000000000110000000000000000000000000
000000000000000001000000000001000000000000000000000000000000000000000000001000000000000000000000000000000000000000000100001000000000000000000000000000000000000010000000000000000000000000000000000000000000000000000000000000000000000000010000000000000000000000000000000000000000000010000000000000000000000001000000001000100000000000000000
000000000000000001000000001000000000000000000000000000000000000000000000001000000000000100000000000000000000000000000000000000000000000000000000000000000000000000000000001000000000000000000000000000000000000000000000000000000000000011000000001000000000000000000000000000000000000000000000000000000000000001000100001000000000000000000000
000000000000000000000000011000000000000000000000001000000000000000000000000000000100000000000000000000000000000001000010000000000000000000000000000110000000000000000000000000000000000000000000000000000000000000000000000000000000000000000010000000000000000000010000000000000000000001000000001000000000000000000000001000000000000000000000
000000000000000000000000000000000000000000000000000000000000000001000000000000000000000000000000000000000000000000000000000000010000000000000000000000000000000000000000001000000000000000000000000000000000000000000000000000000010000000000000000000000000000000000000000000000000000000000010000000000000000010000000000000000000000000000000
000000000000000000100000001000000000000000000000000000000000000001000000000000000000000000000000000000000000000000000010000000000000000000000000000000000000000000000000001000000000000000000100000000000000000000000000000000000000000000000000000000000000000000000000000000000000000110000000000000000000000000000000001000000000000000000000
000000000000000000000100000000000000000000000000000000000000000000000000001000000000000000000000000000000000000001000010000000000000000000000101000000000000000000000000000000000000000000001000000000000000000000001000000000100000000000000000000000000000000000000100000000000000000000000000000000000000000000000100000000001000000000000000
000000000000000000000000000000010000000000000000000000000000000000000010000000000000000000001000000000000000000000000100000000000000000000000000000000000000000000000100001000000000000000000000000000000000000000000000000000010000000000000000000000000000000000000000000000000000000000010000000000000000000000000010000000000000000000000000
000000000000000000000000001000000000000000000100000000000000000000000000000000000000000000000000000000000000000000000000000000000000000000000000000000000000000000000000000000000000000000000000000000000000000000000000000000000000000000000000000000000000000000000000000000010000010000000000000000000000000000000000001000000000000000000000
000000000000000000001000000000000000000000100000000000000000000000000000001000000000000000000000000000000000000001000000001000000000000000000000000000000000000000000000000000001000000000000000000000000000000000000010000000000000000000000000000000000000000000000000001100000000000000000000000000000000000000000000000000000000000000000000
000000000000000000001000001000000000000000000010000000000000000000000100001000000001000000000011000000000000000000000010000000000000000000000000000000000000000000000100001000000000000000000000000000000000000000001100000000000000000000100000001000000000000000011010010000000000000000000000000000000000000000000010000000000000000000000000
000000000000000000000110000000000000000000100000000000000000000000000000000000001000000000000000000000000000000000000000000000000000000000000000000000000000000000000000000000000000000000000000000000000000000000001000000000000000000000000000000000000000000000000000000000000000000000010000000000000000000000000000000000000000000000000000
000000000000000000000100000000000000000000000000000000000000000000000000000001000000000000000000000000000000000000000000000000000000000000100000000000000000000000000000000000000000000000000100000000000000000000000000000000000000000000000011000000000000000000000000000000000000000000000000000000000000000000001000000000001000000000000000
000000000000000000000000010000000000100000000000000000000000000000000110000000000000000000000000000000000000000000000000000000000000000010000000000000000000000000100000000000000000000000000000000000000000000000000010000000000000000000000000001000000000000000000000000000001000010000000000000000000000000000000100000000000000000110000000
000000000000000000010100000001000100000000000000000000000000000000000110001000000000000000000000000000000000000001000010000000000000000100000000000000000000000000000100000000000000000000000000000000000000000000000000010000000000000000000000000000000000000000000000000000000000000000000000000000000000000000000000001000000000000000100000
000000000000000010000000000000001000000000000000000000000000000000000110000000100100000000001000000000000000000000010100100000000000000000000100000000000000000000000000001000000000000000000000000000000000000000000000001000000000001000000001010000000000000000000000000000000000000000000000000000000000000000000000000000000000000010000001
000000000000000000000010000000000000000000000000000000000000000000000000001000001000000000000000000000000000000000010100000000000000000000000001100000000000000000000000100000000000000000000000000000000000000000000000000000000000000000000001010000000000000000001000000000000000000000000000000000000000000000000000000000000000000000000000
000100000000000000000000000010000000000000000000000000000000000000000010001000000000001000000000000000000000000000001000000000000000000000000000000000000000000000000010000000000000000000000000000000000000000000000000000110000000000000000000001000000000000000000000000000000000010000000010000000000000000000000100000000000000000000000000
000000000000000001000101001000000000000000000000000000000000000000000000001001000000000000000000000000000000000000100000000100000000000000000001000000000000000001000000000000000000000000000000000000000000000000000000000000000000000000001000000000000000000000000000000000000000000000000100100000000000000000001000000000000000000000000000
000000000000000000000000000000000000000000000000000000000000000000000000000000000010000000000000000000000000000000000000000000000000000000000000000000000000000000000000000000100000000010000000000010000000000000001000000000000000000000000000000000000000000000100001000000000000000000000011000000000000000000000000110000000000000000000000
000000000000000000000000000000001000100000100000000000000000000000010000000000000000000000000000000000000000000000000000010000000000000000000000000000000000000000000000000000000000000000100000000000000000000000000000000000010000000000000110000000000000000000000000000000000000000001000000000000000000000000000000000000000000000000100000
000000000000000000000000000010010000000001000000000000000000000000000000000010000000000000000000000000000000000000010000000000001000000000000000000000000000000000000001000001000000000100000000000000000000000000000100000000100000001000000000000000000000000000000010000000000000010000000000000000000000000000010000000000000001000000000000
001000000000000000000000000000000000000000000001000000100000000000000100000000000000000001000000000000000000000000000000000000000000000000000000000000000000000000000100000000000000000000000000000000000000000000001110000000001000000000000000000000000000000000000000100000001000000000000000000000000000000000000001000000000000100000000000
000000000000000010000000000000000000000010000000000100000000000000000000000001000010000000000000000000000000000000001000100001000000000000000000000010000000000000001000000000010000000000001000000000000000000000000000000011000000000000000000000100000000000000000001000000001000000000000000000000000000000000000000000000100000000000000000
000000000000000000000000010000000000000000000000000000000000000000000000000000010000000000000000010000000000000000000000000000000100000000000000000000000000000000000000000000010000000000000010000000000000000000000000000000001000000000000100000000000000000000000000100000000000000000000000000000000000000000000001000001100000000000000000
001000000000000000000010000001000000000000010000000100000000000000001000000010010000001000000000010000000000000000000000000000000100000000000010000011000000000000000000010011000100000000000001000000000000000000000000001000000010000000000000000000000000000000000001000010000101000000000010000000000000000000000000000000000000000000000010
100010000000000000000000001000000000000000000000000100000000000000000010000000010000000000000000000100000000000000000000100000000000000000000000000000000000000000000100000000000000000000000000000000000000000000000010000000100000000000000000000000000000000000000001000000010000000000000000000000000000000000000010000000001000000000000000
000000000000000000000000000000010000000100000000000000000000000000000000000000000000000000000001100000000000000000000000000001000000100000000000000000000000000000000000000100000000000010000000000000000000000000000000000000000000000000000000000000000000000000000000000000000100000000000000010000000000000000000000000000000000000000000000
000000000000000000000000001100000000000000000000000000000000000000000000000000000000000000000000000000000000000000000000000000000000000000000000000000000000000000000010001000000000000000000000000000000000000000000000001000000000000000001000000100000000000000000001000000001100000000000000000000000000000000000101000000000000000000100000
100000000000000000000000000010000000000000000000010000000000000000001000000001001000000000000000000000000000000000000000000010000000000000000000000000000000000000000000100000100000000010000000000000000000000000000000000000100000000000000000000100000000000000000000000000000000001000000000000000000000000000000000000001000000000000001000
000000000000000000000000000000001000000000000000000000000000000000000000000000000000000000010000000000000000000000000000000000100000000000000000000000000000000000000000000010000000010000000000000000000000000000000000000000000000000000000010000010000000000000000000000000010000000000000000000000000000000000000000000000000000000000000001
000000000000000000000000000000000000100000000000000000000000000000000000000100000000000000000000001001000000000000000000000000000000000000000000100000000000000000000000000000000000000010000100000000000000000000000000000000000000001000000000000000000000000000000000000000000000000000000000000000000000000000000000000000000000100000000000
000000000000000000000000000000000000000000000000000001100000000000000000000000000000000000000000000000000000000000000000000000000000000000110000000000000000000000000001000100000000000000000000000000000000000000000001000000000000000000001000000000000000000000000000000000000000000000000000011110000000000000000000000000000000100000000000
000000000000000000000001000000000000000000000000010000000000000000000000000000000000000000000000000000000000000000000010000000100000000001010000000000000000000000000000000100000000000000000000010000000000000000000000000000000000000000000000100000000000000000000000100000000000001000000000000000000000000000000000000000000000000000000000
100000000000000000000000000000100100000000000000000000000000000000000000000000000000000000000100000000000000000000000000000000000000000000000000000000000000000000000000000100000000000000000000010000000000000000000000000000000000000000100000000000000000000000000000000000000000000000100000000000000000000000000000000000000100000000100000
000001110000000000000000000001000000000000000000000000000000000000000000000000000000000000000000000000000000000000000000000000000001000000000000000000000000000000000000010000000000000000000000100100000000000000000100000000000000000000000000000000000000000000000000000000000100000100000000001000000000000000000000000000000000100000001000
000000000000000000000000000000000000000000000000000000000000000000000000010100001000000000000000000000000000000000000000000000000000000000011000110000000000000000000000000000000000000000100101000000000000000000000000000000000000010000000010100000000000000000000000000000000000000000000000000000000000000000000000010100000000000000000000
000000000000000000000000000000000100000000000000000000000000000000010000000000000000000000000000000000000000000000000000000000000000000000000011000000000000000000000000000000000000010000000010000000000000000000000000000000000000000001000000000000000000000000000000000100000000011010001000000000000000000000000000000000000000000000000000
001000000000000000000000010000000000000000000000000000000000000000000100000000000000000000000000000000000000000000000000100000000000000000000000000000000000000000000000000000000000000010000000000000000000000000000000000000000000000000000000000000000000000000000001000010000000000000000000000000000000000000000000100000000000000000000000
000000000000000000000000000000010000000001000000000000000000000000000000000000000000000000000000000000000000000000000100000000000000010000000000000000000000000000000000000000000000000000000000000000000000000000000000100000000000000000000000000000000000000000000000000000000000000000000111000000000000000000000000100000000000000000000000
000000100000000000000000000000000000000000000000000000000000000000000000000000000000000000000000000100000000000000000000000000000000000000000000000000000000000000000000000000000000000000000001000000000000000000000000000000010000000000010000000000000000000000010010000000000000000000000000000000000000000000000000000000000000000001000000
000010000000000000000000010000000000010000000001000000000000000000000000000000000000000000000000000000000000000000000000000000000000000000000000000000000000000000000000000000000000010000000000000000000000000000000000000000001000000000000000000000000000000000000000010000000000000000000000000000000000000000000000001000000100000000000000
000000000000000000000000010010000000000000000000000000000000000000000100000000000000000000000000000000000000000000000000001000000000000000000000000001000000000000010000000000001010000000000000000000000000000000000010000000000000000000001000000000000000000000000000000000000000000100001000000000000000000100000000000000011000000000000000
000100000000000000000000000000000000000000000000100000000000000000000001001000000100000000000010000000000000000000000000000000000000000100000000000000000000000000000010000000000000000000000000000000000000000000000000000000000000000000000000010000000000000000000000000010000010000000000000000000000000000000000000110000010000000000010000
000000000000000000000000000000000000000000000001000000000000000000000000000001000000000000001000000000000000000000000000010001000000000000000001000000000000000000000000000000000010000000100000000100000000000000000000000000000000100000000001000000000000000000000100000000000010000000000000000000000000000000000000000000000010000000000011
000000000000000000000000000000000000000000000001000000000000000000000000000000000001000000000110000000000000000000000000000000000000000000000000000000000000000000000100000000000000000000000000000000000000000000000000000000110000001000000000000000000000000000000000000000000000000000000100000000000000000000000100000000000000000000000000
