000000000000000000000000000000000000000000000000000000000000000000000000000000000000000000000000000000000000000000000000000000000000000000000000000000000000000000000000000000000000000000000000000000000000000000000000000000000000000000000000000000000000000000000000000000000000000000000000000000000000000000000000000000000000000000000000
000000000000000000000000000000000000000000000000000000000000000000000000000000000000000000000000000000000000000000000000000000000000000000000000000000000000000000000000000000000000000000000000000000000000000000000000000000000000000000000000000000000000000000000000000000000000000000000000000000000000000000000000000000000000000000000000
000000000000000000000000000000000000000000000000000000000000000000000000000000000000000000000000000000000000000000000000000000000000000000000000000000000000000000000000000000000000000000000000000000000000000000000000000000000000000000000000000000000000000000000000000000000000000000000000000000000000000000000000000000000000000000000000
000000000000000000000000000000000000000000000000000000000000000000000000000000000000000000000000000000000000000000000000000000000000000000000000000000000000000000000000000000000000000000000000000000000000000000000000000000000000000000000000000000000000000000000000000000000000000000000000000000000000000000000000000000000000000000000000
000000000000000000000000000000000000000000000000000000000000000000000000000000000000000000000000000000000000000000000000000000000000000000000000000000000000000000000000000000000000000000000000000000000000000000000000000000000000000000000000000000000000000000000000000000000000000000000000000000000000000000000000000000000000000000000000
000000000000000000000000000000000000000000000000000000000000000000000000000000000000000000000000000000000000000000000000000000000000000000000000000000000000000000000000000000000000000000000000000000000000000000000000000000000000000000000000000000000000000000000000000000000000000000000000000000000000000000000000000000000000000000000000
000000000000000000000000000000000000000000000000000000000000000000000000000000000000000000000000000000000000000000000000000000000000000000000000000000000000000000000000000000000000000000000000000000000000000000000000000000000000000000000000000000000000000000000000000000000000000000000000000000000000000000000000000000000000000000000000
000000000000000000000000000000000000000000000000000000000000000000000000000000000000000000000000000000000000000000000000000000000000000000000000000000000000000000000000000000000000000000000000000000000000000000000000000000000000000000000000000000000000000000000000000000000000000000000000000000000000000000000000000000000000000000000000
000000000000000000000000000000000000000000000000000000000000000000000000000000000000000000000000000000000000000000000000000000000000000000000000000000000000000000000000000000000000000000000000000000000000000000000000000000000000000000000000000000000000000000000000000000000000000000000000000000000000000000000000000000000000000000000000
000000000000000000000000000000000000000000000000000000000000000000000000000000000000000000000000000000000000000000000000000000000000000000000000000000000000000000000000000000000000000000000000000000000000000000000000000000000000000000000000000000000000000000000000000000000000000000000000000000000000000000000000000000000000000000000000
000000000000000000000000000000000000000000000000000000000000000000000000000000000000000000000000000000000000000000000000000000000000000000000000000000000000000000000000000000000000000000000000000000000000000000000000000000000000000000000000000000000000000000000000000000000000000000000000000000000000000000000000000000000000000000000000
000000000000000000000000000000000000000000000000000000000000000000000000000000000000000000000000000000000000000000000000000000000000000000000000000000000000000000000000000000000000000000000000000000000000000000000000000000000000000000000000000000000000000000000000000000000000000000000000000000000000000000000000000000000000000000000000
000000000000000000000000000000000000000000000000000000000000000000000000000000000000000000000000000000000000000000000000000000000000000000000000000000000000000000000000000000000000000000000000000000000000000000000000000000000000000000000000000000000000000000000000000000000000000000000000000000000000000000000000000000000000000000000000
000000000000000000000000000000000000000000000000000000000000000000000000000000000000000000000000000000000000000000000000000000000000000000000000000000000000000000000000000000000000000000000000000000000000000000000000000000000000000000000000000000000000000000000000000000000000000000000000000000000000000000000000000000000000000000000000
000000000000000000000000000000000000000000000000000000000000000000000000000000000000000000000000000000000000000000000000000000000000000000000000000000000000000000000000000000000000000000000000000000000000000000000000000000000000000000000000000000000000000000000000000000000000000000000000000000000000000000000000000000000000000000000000
000000000000000000000000000000000000000000000000000000000000000000000000000000000000000000000000000000000000000000000000000000000000000000000000000000000000000000000000000000000000000000000000000000000000000000000000000000000000000000000000000000000000000000000000000000000000000000000000000000000000000000000000000000000000000000000000
000000000000000000000000000000000000000000000000000000000000000000000000000000000000000000000000000000000000000000000000000000000000000000000000000000000000000000000000000000000000000000000000000000000000000000000000000000000000000000000000000000000000000000000000000000000000000000000000000000000000000000000000000000000000000000000000
000000000000000000000000000000000000000000000000000000000000000000000000000000000000000000000000000000000000000000000000000000000000000000000000000000000000000000000000000000000000000000000000000000000000000000000000000000000000000000000000000000000000000000000000000000000000000000000000000000000000000000000000000000000000000000000000
000000000000000000000000000000000000000000000000000000000000000000000000000000000000000000000000000000000000000000000000000000000000000000000000000000000000000000000000000000000000000000000000000000000000000000000000000000000000000000000000000000000000000000000000000000000000000000000000000000000000000000000000000000000000000000000000
000000000000000000000000000000000000000000000000000000000000000000000000000000000000000000000000000000000000000000000000000000000000000000000000000000000000000000000000000000000000000000000000000000000000000000000000000000000000000000000000000000000000000000000000000000000000000000000000000000000000000000000000000000000000000000000000
000000000000000000000000000000000000000000000000000000000000000000000000000000000000000000000000000000000000000000000000000000000000000000000000000000000000000000000000000000000000000000000000000000000000000000000000000000000000000000000000000000000000000000000000000000000000000000000000000000000000000000000000000000000000000000000000
000000000000000000000000000000000000000000000000000000000000000000000000000000000000000000000000000000000000000000000000000000000000000000000000000000000000000000000000000000000000000000000000000000000000000000000000000000000000000000000000000000000000000000000000000000000000000000000000000000000000000000000000000000000000000000000000
000000000000000000000000000000000000000000000000000000000000000000000000000000000000000000000000000000000000000000000000000000000000000000000000000000000000000000000000000000000000000000000000000000000000000000000000000000000000000000000000000000000000000000000000000000000000000000000000000000000000000000000000000000000000000000000000
000000000000000000000000000000000000000000000000000000000000000000000000000000000000000000000000000000000000000000000000000000000000000000000000000000000000000000000000000000000000000000000000000000000000000000000000000000000000000000000000000000000000000000000000000000000000000000000000000000000000000000000000000000000000000000000000
000000000000000000000000000000000000000000000000000000000000000000000000000000000000000000000000000000000000000000000000000000000000000000000000000000000000000000000000000000000000000000000000000000000000000000000000000000000000000000000000000000000000000000000000000000000000000000000000000000000000000000000000000000000000000000000000
000000000000000000000000000000000000000000000000000000000000000000000000000000000000000000000000000000000000000000000000000000000000000000000000000000000000000000000000000000000000000000000000000000000000001000010000000000000000000000000000000000000001000000100000010000000000000000000000000000010010000001001000000000000000000000000010
100000010001100000110010000000000000000000000000000000000000010000000000000000000000000000000100000000101010000001000000000100000000000000000001000011100010000000110000000000000000000000000010011000100000001000000100000000100000000000000000000001000110000000100000000000000000000000000100001010100000000000000010000000000000000000000101
001010000000000000000000000000000000000000010001000010000000000000100000000001100000000000000000000011010000001000000000000100000000000000000100000010000010000000001000000000000000000000001001000011110110000000000001000100000000000000000100000000000000100100000100010000000000000000000000000010000010000000000000000000000000000000001000
100000000111000000000100000000000000000000000000100000010110100000000001000010000000000000000000000000000010110000100000010000000000000000010010000000100011000000000000000000000000000000000000000000100000000000000000000100000000000000000000000001001100000000000000000000000000000000010000000000000111000000000100000000000000000000000000
000000000001100000000000000000000000000000000100000000000010110000000000000100000000000000000000000000000000010100000000001000100000000000000000001000001100010000001000000000000000000000001000000000010000000100100010000000000000000000010000010001011000000000000010000000000000000000100010010101010000000000001000000000000000000000000000
000101010000000000100100000000000000000000010100000000010011100100000000000000000000000000000001000000000000000000100000111000000000000000000000000000001110000000000000000110000000000000000100000100000000010000001000000000000000000000011000001011100000001000000101000000000000000000000001100000000000000001000000000000000000000000000000
001011001010000000000000000000000000000000000000000011100000000010000000000000000000000000000000000000000000111001010000000000000000000000000000100000000000000001000100000000000000000000000010000011000000000011100000000000000000000000000000000000000000000000000010000000000000000000000100000000000000001001000010000000000000000000000000
011000001000111000001100000000000000000000000000000000000111000000000000000000000000000000000010000010011000000000000010000000000000000000000000100000010000000011011000000000000000000000000000111000000000000000000011100000000000000000000000010000000000010000010000110000000000000000000001100000000000111000010000000000000000000000000000
011000000000000000001100011000000000000000000000001000000000000000000000001100000000000000000000000011000000010000000000010000000000000000000000000000000000101100000000000000000000000000000001100000001000000000000001000000000000000000000000000000000100000000000100000000000000000000000001000001100001100000000000000000000000000000000010
000001000000000000000000011110000000000000000000010000000000100000000000000000000000000000000000010000000000000000000000000000000000000000000000100000000110000000000001010000000000000000000001000000000010000100000000111100000000000000000000000000000000000111000010000000000000000000000010000000100000000000000000000000000000000000000000
000000000110000000000000000000000000000000000000000000000000000001000000000000000000000000000000010000000000000000100000000000000000000000000000110000000000001000000000000000000000000000000000000000000000000100001000000000000000000000000001000000001000000000000000000000000000000000000000010000000010000000000000000000000000000000000000
000000000000000000000000000000000000000000000000110000100000000010000000000000000000000000000000000000011000011000000000000000000000000000000000000100000000000000001000000000000000000000000000000000000000000000000000000000000000000000000000000000000000000000000000000000000000000000000001100000010000000010000000000000000000000000001000
000000000000000000000000000000000000000000000000000000001101000000000000000000000000000000000000000000000000000000000000000000000000000000000000000000000001000100000000000100000000000000000001000000000000000000010000000000000000000000000000000000000000000001100000000000000000000000000000000000000000000000000000000000000000000000000000
001000010001000000010000000000000000000000000000010000001100000000000000000000000000000000000000000100000000000000000001000000000000000000000100000100000000010000100000000000000000000000000000000010000011000000000000000000000000000000001000000001000110000010000000000000000000000000000011010000100000000000000000000000000000000000000000
000011000000000001000000000000000000000000000000001000000010010000000100000000000000000000010000000010000001000000000000000000000000000000000001000100000001100010000000000000000000000000000000000000010000010000000000000010000000000000000000000100000100000000101000000000100000000000000000000000000010000000000000000000000000000000000000
000000100001100000000000000000000000000000000000000000001100000000000000000010000000000000000000000100010111000000000000000000000000000000000000000000010000000000000000000000000000000000000000100000010000000000000001000000000000000000000000000000001101001000000000000000000000000000100000001000001101000000000000000000000000000000010000
000001000000001000000000000010000000000000000000000001110010000010000000000000100000000001001000000000000000000000000000000000000000000000000000000001010000000001100000000000000000000000000000000000000000000001000000000000000000000000000000000000000000000000100000000000000000000000000000100011100000000010000001001000000000000000000000
000000000010000000000000000000000000000000000011000000000100000000000000000000000000000000010000000101000000000000000000000000000000000000000000010000000000010000000000000000000000000000000000000100000000001000000000000000000000000000000000000000001010000000100000000000000000000000001000100000010000000000000001000000000000000000001000
000000000010000000000010000000000000000000000000000000000000100000000000000000000000000000000000000000000000000100000000001000000000000000000000001000000010000000000000000000000000000000000000000001100010000000000000000010000000000000000000000000000100010000000000000000000000000000000000100001000000000001000000000000000000000000000000
000000001001000000000100000000000000000000000000000000000001000000010000000000000000000000000000000000000010000100000000000000000000000000000000001001000000000000000000000000000000000000000000000000000000000000100000000000000000000000000000110010010100000000001000000000000000000000000010000010001000100000000100000000000000000000000000
000000000000000000101000000000000000000000000000110000000001000000000000000000000000000000000100000000000000000000000000000000000000000000000000000011001000001000000100000000000000000000000000000001000000000000100000000000000000000000000001000000000000100000000000000000100000000000000000000000001000100010000000000000000000000000000000
000000000000000000010010000000000000000000000001110000000001000000010000000000000000000000000000000001000000001000000010000000000000000000000000110000000000000000000000000000000000000000001000001000000000000001000000000000000000000000000000000000000100000000000000100010000000000000000000000000101001000000100000000000000000000000000000
001000000000000000101001000000000000000000000000000000000000001100000000000000000000000000000000000000100000000001000000000000000000000000000100100000000010000000000000010000000000000000000010000100000100100000000000000010000000000000000010000000000000000100100000100000000000000000000000001000000001001010001000001000000000000000000000
010000000100000000000000000000000000000000000000000000010110100000000000000000000000000000001000000000000000000000001001000001000000000000000000010000000100000000000011000000000000000000000000000001000000010000001000000000000000000000000000100000000000100010000001000100000000000000000000000010100000011000000000000010000000000000000000
001000000000000100000000000001000000000000000001010001100000000010000000000000000000000000000000000001010000001010000000000000000000000000000001000000000000010010000000000000000000000000000000000100001000100000010000100000000000000000000000000100011000001000000000100010000000000000000000001110000000001000001100000000000000000000000000
000000000000001000000000000110000000000000000000000000100100000100001010000000000000000000000000110010010101000000010000000010000000000000000000010000011000001000000010000000000000000000000000010000000000001000000100110000000000000000000000000000000000001100000000000000000000000000000000000000000100000000011000000100000000000000000110
000000000000010010000000000001000000000000000000000000000000000000001000000000000000000000000010000000001010000011000000000000000000000000000000001010000100000100000000000010000000000000000000001000000000000000010001000010000000000000000000100001010100000000001000100001100000000000000000000101000000000100000000000000000000000000000100
000100101000000001001000000000010000000000000000010000000000000001000000001000000000000000000000000000000100100110000000000000000000000000000000000111000000010110000000100000000000000000000000000000000010100000010010010000100000000000000001000000000000000000000000000000000000000000000000001100000000010001000011101000000000000000000000
110000010000000000010100000010000000000000000001000100000100110000001000000011000000000000000000000001000010100000000000000000100000000000000000000000010000000000011010000000000000001000000001000000000010000000100100000000000000000000000000000000000100001110000100000000000000000000000000000000001100000000000000000000000000000000000000
000000000000000001000000000000000000000000000000100000010001000100000000000000000000000000000010001110001001000000000000000001000000000000000001000010000100100000000100000010000000000000000000001000010000001000001000100000000000000000000000000000000000010000000001000000000000000000000000000010000000000100100000000100000000000000000000
000000100100100000100000010000000000000000000000000001000000000010101100000010000000000000001000100100000001100010000000000000000000000000000010000110011001001000000000000000000000000000000100001000100101001000000011000010000000000000000000000011000000001000000111001010000000000000000100000001000010001100000000000010000000000000000000
010100000001001000000100000000000000000000000010000000100000000000010001000100000000000000000000000000100000000000000010000000000000000000000100000010001000000010000000000100000000000000000000000010000000101000000010000000000000000000000000011001001000100110000000000000000000000000000010010100000000010010000001001000000000000000000000
000110000001010010010000000000000000000000000101010000000111000000000000001100000000000000000000001100000000000000001000100000000000000000001000000000010001000000000000010100000000000000001000000000000001000100001000100000000000000000000001010010000011001000010010001001000000000000000000000100100101000010100000010000000000000000000000
110000000100000000011001000100000000000000001010000010010101001000010000000000000000000000010010010000000001000000000101000110000000000000010000100000100000101000000000000100000000000000000000001001000001001100000000100010000000000000000100000001100010001010100000000100000000000000000010000100101010010010000100000000000000000000000010
100010000100110010000000000000000000000000001000010100101010100000000010000100000000000000000010001001000000001100010000100000000000000000000100000100010101000100000000110000000000000000000000000110100100001100000010000100000000000000000000100010001000000001001000000000000000000000000001001000000100000010000000000010000000000000000000
010100000010100100001000000000000000000000000000100010001100001010001000000010000000000000000000001000100110000000100001000100000000000000000000001000010000000010101010000000000000000000001001001000000000010100010000010000000000000000000110000000000100010100101000100000000000000000000010000010000001000010011000000000000000000000000001
001010001000000101000101000000000000000000000001000001001100000000101000100000000000000000000000100000100010000101000001001000000000000000000010000100010101000010001000000000000000000000000000101100000001001010001000000000000000000000001000000001010000000001000000000000000000000000000000101000111000100000000100001000000000000000000010
100111001001000000010000010000000000000000000000110000100000000101010100000000000000000000000110000000000001010010010000010000000000000000000000000000010010000001001001100000000000000000000000000100101100000001010010000000000000000000000010100001010010110000001000001000000000000000001000000000110110000100000000000000000000000000001000
101010000010001001010000000000000000000000000000110000000000000000100010000000000000000000100000000011000010000001000010000000000000000000001100000010100101000000110000000000000000000000001000000100101001000000010000000000000000000000000000010001011000010001000100000000000000000000000010000100101001000010000000000000000000000000101010
000000010101000100000010000000000000000000010000000101010000000100000010100000000000000000001000100001011000100000000001000000000000000000100000101001001000001000000000000000000000000000001000100100010100000100000000000000000000000000000000100001100100010000000000000000100000000000000100000011000001100000010000100001000000000000000010
100000101010000000000010000000000000000000001001000100001000001010000000000010000000000000100000010000010001000100100000000000000000000000000000001000001100100001000000001000000000000000010000001001000100000000100000000000000000000000001000000010010100000000000000000000000000000000000000100010010000010010000100000000000000000000000010
000100001100000010100000001000000000000000000000010000000110000000100001000000000000000000000010000001010000100000000000000000000000000000000000001101000100010000010000010000000000000000000010000100000011100000010010000000000000000000000001000010110010000000010100000000000000000000000100100000110011100001000000000000000000000000001000
100101000101000010001000000000000000000000000011000001000001000100010000000000000000000000001001000000101001110001000001000000000000000000000000100010001010010010000001000000000000000000000000011000010001100001000010000000000000000000000000110001010101010000001000000000000000000000000000100000010110000000001000000000000000000000000010
011000010100100001000000000000000000000000000100000101010101000010000010000000000000000000000001000000111000100010000001010000000000000000000001000000001010000000100100000000000000000000000010000000000100001000000000001000000000000000000100000010000000000000000100000000000000000000000000101010000011000000000000000000000000000000000000
000000001010001000010000000000000000000000000000000000000010000000010000000000000000000000010000000000000010000000000000100000000000000000000000000100000010101000000000000000000000000000000000010000100000100000000000000000000000000000000100001000000000010000000000000000000000000000000100000001010010000001000000000000000000000000000000
110000010010000000001000000000000000000000000000010000010010000000100000000000000000000000000000000000100000100000100000000000000000000000000001100001001000101001000000000000000000000000000000000110001001000000000000000000000000000000000000001001001010100000100000000000000000000000000001000100101000000001001000000000000000000000000000
010000101000010000100000000000000000000000000000010010010000001000001000000000000000000000001001000000110010000000010000100000000000000000001000000000001000000100001000000000000000000000000010000100100100000100000000100000000000000000000000000001001000000001001000100000000000000000000000010000001001000001000100000000000000000000000000
010001100100000000000001000000000000000000000000010000010100000000000000000000000000000000000000000000000000000000000000000000000000000000000000000000000000000000001000100000000000000000001100001001001000101000100000000000000000000000001100100000011000100001010000000000000000000000000100100000010000000101000000000000000000000000100000
001000001001000001010000000000000000000000001000010100000101100001000000000000000000000000100000101000000001010001000000000000000000000000101001100100000000100000000100000000000000000000000010100011000001000010000000000000000000000000000100010010000000000110000100000000000000000000001000000101100100010010000000000000000000000000000010
100100101010000010000000000000000000000000000100000000110000001001000000000000000000000000000100010010010010010000000000000000000000000000001000000000011010000000100000100000000000000000000010000010110000010000000100000000000000000000000100000100000100000001000000000000000000000000000001000000101001001001000010000000000000000000000000
010100101100100010000000000000000000000000000010000100011110000010001100000000000000000000000001000011001000010100000000000000000000000000000010010001011010001100000000000000000000000001000100000010000000000100010000000000000000000000101000000100000000100000000100000000000000000000000010010101101000011001000000000000000000000000000100
000001011000100000010000000000000000000000001000100000000000101001000000100000000000000000000010010110100000001000000000000000000000000000000001000000101001000100001000000000000000000000000000000000010000000000000001000000000000000000010001000100010100000001000000000000000000000000000001000000100000000000000000000010000000000000000000
010000000001000001000000000000000000000000000100000000000100000000000000000100000000000000000010000000000000000100001000001000000000000000001010000000000010001000000001000000000000000000000010000000010100101000010000000000000000000000010000101010000000100000001001000000000000000001000010000010001010000000010001011000000000000000001000
010000000000000000000000000000000000000000000000000000000000000000000000000000000000000000000000000000000000000000000000000000000000000000000000000000000000000000000000000000000000000000000000000000000000000000000000000000000000000000000000000000000000000000000000000000000000000000000000000000000000000000000000000000000000000000000000
000000000000000000000000000000000000000000000000000000000000000000000000000000000000000000000000000000000000000000000000000000000000000000000000000000000000000000000000000000000000000000000000000000000000000000000000000000000000000000000000000000000000000000000000000000000000000000000000000000000000000000000000000000000000000000000000
000000000000000000000000000000000000000000000000000000000000000000000000000000000000000000000000000000000000000000000000000000000000000000000000000000000000000000000000000000000000000000000000000000000000000000000000000000000000000000000000000000000000000000000000000000000000000000000000000000000000000000000000000000000000000000000000
000000000000000000000000000000000000000000000000000000000000000000000000000000000000000000000000000000000000000000000000000000000000000000000000000000000000000000000000000000000000000000000000000000000000000000000000000000000000000000000000000000000000000000000000000000000000000000000000000000000000000000000000000000000000000000000000
000000000000000000000000000000000000000000000000000000000000000000000000000000000000000000000000000000000000000000000000000000000000000000000000000000000000000000000000000000000000000000000000000000000000000000000000000000000000000000000000000000000000000000000000000000000000000000000000000000000000000000000000000000000000000000000000
000000000000000000000000000000000000000000000000000000000000000000000000000000000000000000000000000000000000000000000000000000000000000000000000000000000000000000000000000000000000000000000000000000000000000000000000000000000000000000000000000000000000000000000000000000000000000000000000000000000000000000000000000000000000000000000000
000000000000000000000000000000000000000000000000000000000000000000000000000000000000000000000000000000000000000000000000000000000000000000000000000000000000000000000000000000000000000000000000000000000000000000000000000000000000000000000000000000000000000000000000000000000000000000000000000000000000000000000000000000000000000000000000
000000000000000000000000000000000000000000000000000000000000000000000000000000000000000000000000000000000000000000000000000000000000000000000000000000000000000000000000000000000000000000000000000000000000000000000000000000000000000000000000000000000000000000000000000000000000000000000000000000000000000000000000000000000000000000000000
000000000000000000000000000000000000000000000000000000000000000000000000000000000000000000000000000000000000000000000000000000000000000000000000000000000000000000000000000000000000000000000000000000000000000000000000000000000000000000000000000000000000000000000000000000000000000000000000000000000000000000000000000000000000000000000000
000000000000000000000000000000000000000000000000000000000000000000000000000000000000000000000000000000000000000000000000000000000000000000000000000000000000000000000000000000000000000000000000000000000000000000000000000000000000000000000000000000000000000000000000000000000000000000000000000000000000000000000000000000000000000000000000
000000000000000000000000000000000000000000000000000000000000000000000000000000000000000000000000000000000000000000000000000000000000000000000000000000000000000000000000000000000000000000000000000000000000000000000000000000000000000000000000000000000000000000000000000000000000000000000000000000000000000000000000000000000000000000000000
000000000000000000000000000000000000000000000000000000000000000000000000000000000000000000000000000000000000000000000000000000000000000000000000000000000000000000000000000000000000000000000000000000000000000000000000000000000000000000000000000000000000000000000000000000000000000000000000000000000000000000000000000000000000000000000000
000000000000000000000000000000000000000000000000000000000000000000000000000000000000000000000000000000000000000000000000000000000000000000000000000000000000000000000000000000000000000000000000000000000000000000000000000000000000000000000000000000000000000000000000000000000000000000000000000000000000000000000000000000000000000000000000
000000000000000000000000000000000000000000000000000000000000000000000000000000000000000000000000000000000000000000000000000000000000000000000000000000000000000000000000000000000000000000000000000000000000000000000000000000000000000000000000000000000000000000000000000000000000000000000000000000000000000000000000000000000000000000000000
000000000000000000000000000000000000000000000000000000000000000000000000000000000000000000000000000000000000000000000000000000000000000000000000000000000000000000000000000000000000000000000000000000000000000000000000000000000000000000000000000000000000000000000000000000000000000000000000000000000000000000000000000000000000000000000000
000000000000000000000000000000000000000000000000000000000000000000000000000000000000000000000000000000000000000000000000000000000000000000000000000000000000000000000000000000000000000000000000000000000000000000000000000000000000000000000000000000000000000000000000000000000000000000000000000000000000000000000000000000000000000000000000
000000000000000000000000000000000000000000000000000000000000000000000000000000000000000000000000000000000000000000000000000000000000000000000000000000000000000000000000000000000000000000000000000000000000000000000000000000000000000000000000000000000000000000000000000000000000000000000000000000000000000000000000000000000000000000000000
000000000000000000000000000000000000000000000000000000000000000000000000000000000000000000000000000000000000000000000000000000000000000000000000000000000000000000000000000000000000000000000000000000000000000000000000000000000000000000000000000000000000000000000000000000000000000000000000000000000000000000000000000000000000000000000000
000000000000000000000000000000000000000000000000000000000000000000000000000000000000000000000000000000000000000000000000000000000000000000000000000000000000000000000000000000000000000000000000000000000000000000000000000000000000000000000000000000000000000000000000000000000000000000000000000000000000000000000000000000000000000000000000
000000000000000000000000000000000000000000000000000000000000000000000000000000000000000000000000000000000000000000000000000000000000000000000000000000000000000000000000000000000000000000000000000000000000000000000000000000000000000000000000000000000000000000000000000000000000000000000000000000000000000000000000000000000000000000000000
000000000000000000000000000000000000000000000000000000000000000000000000000000000000000000000000000000000000000000000000000000000000000000000000000000000000000000000000000000000000000000000000000000000000000000000000000000000000000000000000000000000000000000000000000000000000000000000000000000000000000000000000000000000000000000000000
000000000000000000000000000000000000000000000000000000000000000000000000000000000000000000000000000000000000000000000000000000000000000000000000000000000000000000000000000000000000000000000000000000000000000000000000000000000000000000000000000000000000000000000000000000000000000000000000000000000000000000000000000000000000000000000000
000000000000000000000000000000000000000000000000000000000000000000000000000000000000000000000000000000000000000000000000000000000000000000000000000000000000000000000000000000000000000000000000000000000000000000000000000000000000000000000000000000000000000000000000000000000000000000000000000000000000000000000000000000000000000000000000
000000000000000000000000000000000000000000000000000000000000000000000000000000000000000000000000000000000000000000000000000000000000000000000000000000000000000000000000000000000000000000000000000000000000000000000000000000000000000000000000000000000000000000000000000000000000000000000000000000000000000000000000000000000000000000000000
000000000000000000000000000000000000000000000000000000000000000000000000000000000000000000000000000000000000000000000000000000000000000000000000000000000000000000000000000000000000000000000000000000000000000000000000000000000000000000000000000000000000000000000000000000000000000000000000000000000000000000000000000000000000000000000000
000000000000000000000000000000000000000000000000000000000000000000000000000000000000000000000000000000000000000000000000000000000000000000000000000000000000000000000000000000000000000000000000000000000000000000000000000000000000000000000000000000000000000000000000000000000000000000000000000000000000000000000000000000000000000000000000
000000000000000000000000000000000000000000000000000000000000000000000000000000000000000000000000000000000000000000000000000000000000000000000000000000000000000000000000000000000000000000000000000000000000000000000000000000000000000000000000000000000000000000000000000000000000000000000000000000000000000000000000000000000000000000000000
000000000000000000000000000000000000000000000000000000000000000000000000000000000000000000000000000000000000000000000000000000000000000000000000000000000000000000000000000000000000000000000000000000000000000000000000000000000000000000000000000000000000000000000000000000000000000000000000000000000000000000000000000000000000000000000000
000000000000000000000000000000000000000000000000000000000000000000000000000000000000000000000000000000000000000000000000000000000000000000000000000000000000000000000000000000000000000000000000000000000000000000000000000000000000000000000000000000000000000000000000000000000000000000000000000000000000000000000000000000000000000000000000
000000000000000000000000000000000000000000000000000000000000000000000000000000000000000000000000000000000000000000000000000000000000000000000000000000000000000000000000000000000000000000000000000000000000000000000000000000000000000000000000000000000000000000000000000000000000000000000000000000000000000000000000000000000000000000000000
000000000000000000000000000000000000000000000000000000000000000000000000000000000000000000000000000000000000000000000000000000000000000000000000000000000000000000000000000000000000000000000000000000000000000000000000000000000000000000000000000000000000000000000000000000000000000000000000000000000000000000000000000000000000000000000000
000000000000000000000000000000000000000000000000000000000000000000000000000000000000000000000000000000000000000000000000000000000000000000000000000000000000000000000000000000000000000000000000000000000000000000000000000000000000000000000000000000000000000000000000000000000000000000000000000000000000000000000000000000000000000000000000
000000000000000000000000000000000000000000000000000000000000000000000000000000000000000000000000000000000000000000000000000000000000000000000000000000000000000000000000000000000000000000000000000000000000000000000000000000000000000000000000000000000000000000000000000000000000000000000000000000000000000000000000000000000000000000000000
000000000000000000000000000000000000000000000000000000000000000000000000000000000000000000000000000000000000000000000000000000000000000000000000000000000000000000000000000000000000000000000000000000000000000000000000000000000000000000000000000000000000000000000000000000000000000000000000000000000000000000000000000000000000000000000000
000000000000000000000000000000000000000000000000000000000000000000000000000000000000000000000000000000000000000000000000000000000000000000000000000000000000000000000000000000000000000000000000000000000000000000000000000000000000000000000000000000000000000000000000000000000000000000000000000000000000000000000000000000000000000000000000
000000000000000000000000000000000000000000000000000000000000000000000000000000000000000000000000000000000000000000000000000000000000000000000000000000000000000000000000000000000000000000000000000000000000000000000000000000000000000000000000000000000000000000000000000000000000000000000000000000000000000000000000000000000000000000000000
000000000000000000000000000000000000000000000000000000000000000000000000000000000000000000000000000000000000000000000000000000000000000000000000000000000000000000000000000000000000000000000000000000000000000000000000000000000000000000000000000000000000000000000000000000000000000000000000000000000000000000000000000000000000000000000000
000000000000000000000000000000000000000000000000000000000000000000000000000000000000000000000000000000000000000000000000000000000000000000000000000000000000000000000000000000000000000000000000000000000000000000000000000000000000000000000000000000000000000000000000000000000000000000000000000000000000000000000000000000000000000000000000
000000000000000000000000000000000000000000000000000000000000000000000000000000000000000000000000000000000000000000000000000000000000000000000000000000000000000000000000000000000000000000000000000000000000000000000000000000000000000000000000000000000000000000000000000000000000000000000000000000000000000000000000000000000000000000000000
000000000000000000000000000000000000000000000000000000000000000000000000000000000000000000000000000000000000000000000000000000000000000000000000000000000000000000000000000000000000000000000000000000000000000000000000000000000000000000000000000000000000000000000000000000000000000000000000000000000000000000000000000000000000000000000000
