1 0.00457883551812705
2 0.00335082339767888
3 0.00254115891153472
4 0.00202417802859565
5 0.00171676171741834
6 0.00157154340119799
7 0.00156967164395393
8 0.00171045601402549
9 0.00202762729555332
10 0.00260715663879959
11 0.00360680229997121
12 0.00521691138505969
13 0.00762736749006643
14 0.0108992139797725
15 0.0147850972780565
16 0.0188110762902676
17 0.0222763917104801
18 0.0243698231557232
19 0.0246060755069447
20 0.0235299271716305
21 0.0220120979521157
22 0.0208108870379368
23 0.0204214594278696
24 0.0208537092059449
25 0.022083237323917
26 0.0241641662639367
27 0.0271088649178451
28 0.0304265462459246
29 0.0332118070433629
30 0.0345541360359677
31 0.0346659353762467
32 0.0341899705081987
33 0.0337965356323932
34 0.0340172340079939
35 0.034927906975696
36 0.0365217078559696
37 0.0388220472031502
38 0.0417681306849544
39 0.0448124800743245
40 0.0471227161849162
41 0.0477407885278721
42 0.0459015577071338
43 0.041600546109892
44 0.0353593322254819
45 0.0280344800613338
46 0.0207279876161398
47 0.0145998801934667
48 0.01006930057439
49 0.00699332440557569
50 0.00501590959318504
51 0.00376422394607455
52 0.00298515385285499
53 0.00252629848673563
54 0.00230283564108148
55 0.00227783962898913
56 0.0024618882436138
57 0.00291081430568736
58 0.0036847362179528
59 0.0048597543057409
60 0.00649851369138427
61 0.00860170407976989
62 0.0111435001206618
63 0.0140163074085305
64 0.0169819179356607
65 0.0197132779567796
66 0.0220217574134063
67 0.0238335489854724
68 0.0251567835161869
69 0.0260231435976022
70 0.0263272588343783
71 0.0259498606288637
72 0.0248236914994565
73 0.0230298708231982
74 0.0209757776614887
75 0.0190503667743482
76 0.0175249940431601
77 0.016599681455016
78 0.0164982584475584
79 0.0175433714773241
80 0.0201759179479817
81 0.0245318611508227
82 0.0305726109896366
83 0.0378736981937674
84 0.0453921267305645
85 0.0518360016577994
86 0.0557207275381526
87 0.0556937421546087
88 0.0513929932347313
89 0.0444722181871522
90 0.036874148603357
91 0.0299538204912502
92 0.0242457113157894
93 0.0194227109389751
94 0.0151991284071812
95 0.0114662778486564
96 0.00828458046451505
97 0.00585202430783651
98 0.00415459506673269
99 0.00304785102821569
100 0.00236813542726518
101 0.00197256828946178
102 0.00177726261290045
103 0.00174753159808645
104 0.0018879044254511
105 0.00223701572521649
106 0.00289602493276393
107 0.00405704598996608
108 0.0059558237098944
109 0.00882284577671333
110 0.012702834342109
111 0.017234157966901
112 0.0219046150550362
113 0.0260946939809789
114 0.029152365949539
115 0.0305786938970896
116 0.0302374145079208
117 0.0283146026147267
118 0.0252159295489022
119 0.0215671444580519
120 0.0183003807612603
121 0.0160111135626622
122 0.0150157000894217
123 0.0155079537818468
124 0.017280188208498
125 0.0201109610262366
126 0.0236679994243802
127 0.0273902867399107
128 0.0308160950597987
129 0.0334627214105411
130 0.034819191355955
131 0.0346522846775562
132 0.0336369884792423
133 0.032653836581695
134 0.0322815052832985
135 0.0321849297029221
136 0.0318252943007071
137 0.030693159757619
138 0.0284584422607688
139 0.0252489804411273
140 0.0213855770432205
141 0.0172503574085864
142 0.0132702594730331
143 0.00989971868520566
144 0.00731268933081305
145 0.0054624485814894
146 0.0042074030109663
147 0.00338474611550847
148 0.00287572428641698
149 0.00260903883887737
150 0.00255026137382434
151 0.00268655954359191
152 0.00304443956465666
153 0.00370412252723636
154 0.00481082567127939
155 0.00653113340604245
156 0.0090409746440428
157 0.0124471369896365
158 0.01661487333528
159 0.0209680218226657
160 0.024408816090762
161 0.025839645371847
162 0.0255309608782702
163 0.0244008971643719
164 0.0233784002078412
165 0.023076502979324
166 0.0233124377510726
167 0.023739858882274
168 0.0240024801615753
169 0.0238315611066419
170 0.0233687166218318
171 0.0228550127005683
172 0.0225153098658247
173 0.0225306044770848
174 0.0229584753273349
175 0.0238458718127574
176 0.0252693725964248
177 0.027291202788724
178 0.0297713906522532
179 0.0324487977450015
180 0.0349578032026941
181 0.0368095677953215
182 0.0373779837455013
183 0.0360908055057543
184 0.0328586370976802
185 0.0286401309160879
186 0.0244146605862858
187 0.0208027494315872
188 0.0179954671162537
189 0.0156442568585281
190 0.013439843022399
191 0.0112179600679564
192 0.00899148832180052
193 0.00698911150409909
194 0.00535010608895102
195 0.00409620541720177
196 0.00318728922579113
197 0.00256551136793787
198 0.00217528467948862
199 0.00197841422491479
200 0.00195850684284615
201 0.00211170958014115
202 0.00247292045984039
203 0.00313612081207852
204 0.00427152364963255
205 0.00606666780507915
206 0.00867705335287785
207 0.0121385538514661
208 0.0164895336975833
209 0.0217161114477654
210 0.0276838417304802
211 0.034075351356814
212 0.0402161002551466
213 0.0451536797617055
214 0.047857623454416
215 0.0476917662847206
216 0.0452026332642742
217 0.0413732612553986
218 0.0371318667510075
219 0.0331383399486153
220 0.0296508164228688
221 0.0267805827867507
222 0.0245844618404392
223 0.0230502948096402
224 0.0220032742824739
225 0.0212724890956539
226 0.0207195231976115
227 0.0202356640559926
228 0.0197673431041821
229 0.0192766289470426
230 0.0187293597744435
231 0.0180938397365972
232 0.0173366753451854
233 0.0164318728384231
234 0.0153653811793549
235 0.0141370389823048
236 0.0127627545958263
237 0.0112747282657281
238 0.0097194287728108
239 0.00815334691929579
240 0.00663706615077103
241 0.00522814252244039
242 0.00399089217504677
243 0.0030068034626898
244 0.00228708056639117
245 0.00179658698587333
246 0.00148673101496625
247 0.00130722592588594
248 0.00122823951225247
249 0.00124022607363611
250 0.00135056433095655
251 0.00157769235495856
252 0.00196225617389852
253 0.00257889866840307
254 0.00354639427935242
255 0.00500783408423375
256 0.00711027097264444
257 0.00993995595446999
258 0.0134522918897261
259 0.0176034132830295
260 0.0223343888252835
261 0.0275220508526283
262 0.0328623051837866
263 0.0378979073862848
264 0.0420792479972069
265 0.044903227695833
266 0.0462086486389726
267 0.0460658981339917
268 0.0446842650357685
269 0.0424317096348709
270 0.0399693874107074
271 0.0379170684776311
272 0.036781932190928
273 0.0368278328176325
274 0.0375094827994013
275 0.0380733910044967
276 0.0377333407251008
277 0.0359439737717804
278 0.0330225571966003
279 0.0295015660663911
280 0.0258422029118077
281 0.0223091649071604
282 0.0188274858554937
283 0.015355222066353
284 0.0120216209847621
285 0.00915320904473759
286 0.00690223070720411
287 0.00525035001042855
288 0.00409047256144945
289 0.00327131311459598
290 0.00268275734443556
291 0.00225362370941109
292 0.00194074083601714
293 0.00172776190215404
294 0.00160656584046327
295 0.00157643581577447
296 0.00164568642963211
297 0.00182690064443789
298 0.00215102183560492
299 0.00267909806548288
300 0.00351088144670373
301 0.00476353552941117
302 0.00656688270887083
303 0.00902705839230085
304 0.012169108701037
305 0.0159538508923576
306 0.020215486694191
307 0.0246100578618333
308 0.0286126089517862
309 0.0315638720955895
310 0.0328174407258659
311 0.0320974523670931
312 0.0300615065627417
313 0.0275801228740069
314 0.0253614026987952
315 0.0238190498963007
316 0.0228904464989178
317 0.0224540789544711
318 0.0224265485808842
319 0.0227817634799096
320 0.023648360824403
321 0.0252371154987851
322 0.0278545115795903
323 0.0318215886958543
324 0.0369143029574757
325 0.0424584899273526
326 0.0473047626679792
327 0.0500244572693302
328 0.0496999183468985
329 0.0460103634236611
330 0.0393350312862007
331 0.0309659739621535
332 0.0230087483511241
333 0.0166735762558543
334 0.0121140951885736
335 0.00885413083630696
336 0.00649113281331264
