1 0.0685913906682628
2 0.0621646971360255
3 0.0536954683894534
4 0.0441129432863389
5 0.0347861619052965
6 0.0266630276446671
7 0.0201206864638225
8 0.0151273820763344
9 0.0114646239716298
10 0.00886210263203282
11 0.00705891033103196
12 0.00581795818706944
13 0.00497456768896898
14 0.00442369475122227
15 0.0040996919879394
16 0.00396091754593287
17 0.00398902056843083
18 0.00418697836290076
19 0.00457522916218258
20 0.00517901920091912
21 0.00603707966748092
22 0.0072038750705781
23 0.00874452416853807
24 0.0107165053831324
25 0.0131553753175169
26 0.016050637783266
27 0.0193283765476431
28 0.0228857731323471
29 0.0265657445660039
30 0.0301796256515354
31 0.0336512591738138
32 0.0369766497335575
33 0.0401989219661274
34 0.0433857111368431
35 0.0465512110387475
36 0.049699567438348
37 0.0528436702632194
38 0.0559760129622565
39 0.0589687391252447
40 0.061642287849217
41 0.0637982008147749
42 0.0652515720884465
43 0.0659117670819825
44 0.0657338437359837
45 0.0647022237141485
46 0.0628208110054012
47 0.0600810421633113
48 0.0565080049746884
49 0.0521778170553294
50 0.0472186269629952
51 0.0418068965942107
52 0.0361525443003794
53 0.0304810933180881
54 0.0250697362208964
55 0.0203089815130483
56 0.0164030841663669
57 0.013359327478611
58 0.0110526879646799
59 0.00934838439094308
60 0.00813468205586487
61 0.00731745008677202
62 0.00679561719516169
63 0.00649692771043965
64 0.00637595646180381
65 0.00640680045366052
66 0.00658460615045851
67 0.00691672908467883
68 0.00742060381221997
69 0.00812325215175677
70 0.00905670811025105
71 0.0102626033811271
72 0.0117945936164784
73 0.0137115678473885
74 0.0160445762302985
75 0.0187944317024407
76 0.0219195358056579
77 0.025325211200841
78 0.0288829475484767
79 0.0324131187750628
80 0.0357372159198797
81 0.0388949293589247
82 0.0420473857725894
83 0.0454282642593744
84 0.0492534418872176
85 0.0533880934011805
86 0.0575319401504967
87 0.0612961426870861
88 0.0642635387074132
89 0.0661753625672867
90 0.0668518036173493
91 0.0661714943957239
92 0.064137397247251
93 0.0610149377797959
94 0.0571425252599145
95 0.052844870830453
96 0.0483580818076041
97 0.0437031823332072
98 0.0388895897869506
99 0.0339710248650699
100 0.0290740543035163
101 0.0244465933946915
102 0.0202763526322716
103 0.0166573354336666
104 0.0136253279359925
105 0.0112042160160708
106 0.00936204430429048
107 0.00802443139311453
108 0.00708444174689457
109 0.00646021321700748
110 0.00610135070761864
111 0.00597833454479589
112 0.0060628875959932
113 0.00634227974908159
114 0.00682012215813952
115 0.00751271029574689
116 0.00844509187113329
117 0.00964996107906039
118 0.0111652366714524
119 0.0130212881342258
120 0.015197589876282
121 0.0176140505164451
122 0.0201172781975822
123 0.0225193701352486
124 0.0247911907719007
125 0.0269901377983571
126 0.0292193868495261
127 0.0315933514952853
128 0.0341180147014869
129 0.0367597029176168
130 0.0394732157158984
131 0.0422345324521311
132 0.0451581198913235
133 0.0484286423532994
134 0.0522145043487093
135 0.0564450453035134
136 0.0609401077629204
137 0.0654562407821311
138 0.0696608178692931
139 0.073063819863688
140 0.0751039893711922
141 0.0752372796827758
142 0.0730944002153655
143 0.0687470647102157
144 0.062524542341005
145 0.0549167856052219
146 0.0465892779095216
147 0.0384255599175478
148 0.0310718189016618
149 0.024850577968724
150 0.019828598604994
151 0.0159006193006849
152 0.012904516494073
153 0.0106736760762211
154 0.00905653063697461
155 0.00791969238156948
156 0.00716736639900835
157 0.00673225680090183
158 0.00654879783726936
159 0.00657436451845101
160 0.00678764812712275
161 0.00717874373646347
162 0.00773367706553834
163 0.00843512635726078
164 0.00925822961270439
165 0.0101759810326806
166 0.0111987893639714
167 0.0123525703271309
168 0.0136702647021206
169 0.0151899972083867
170 0.0169427558337445
171 0.0189595753625009
172 0.021274646796121
173 0.023925684237881
174 0.026955694817734
175 0.0304119513810532
176 0.0343452689765501
177 0.0387834515043561
178 0.0436270883139317
179 0.0486758212746404
180 0.0536386749028746
181 0.0581813048910432
182 0.0621016739972199
183 0.0652580790858716
184 0.0675447108159439
185 0.0689130394884432
186 0.0693592287880093
187 0.0689161939236562
188 0.0675811104101453
189 0.0651234980597476
190 0.061334264158816
191 0.0561433701620756
192 0.049770093452779
193 0.0429476408194312
194 0.0363477325112275
195 0.0304062337431279
196 0.0253181925590447
197 0.0210480125073369
198 0.0175061099242063
199 0.0145969264322414
200 0.0122329772642194
201 0.0103506118557502
202 0.00888676502778298
203 0.00778115842399918
204 0.00697911826819967
205 0.0064264514272948
206 0.00608505175102695
207 0.00593144701165413
208 0.00594644137020574
209 0.00612244418748201
210 0.00646441629088665
211 0.00698674512645454
212 0.0077043711018282
213 0.00863640109427453
214 0.00980565528931798
215 0.0112414521084839
216 0.0130010635031207
217 0.0151630603140136
218 0.0178269662009499
219 0.021096193837051
220 0.0249838415554068
221 0.0294103943581988
222 0.0341851301174795
223 0.0390418665255781
224 0.0438778131426657
225 0.0486770546025847
226 0.0534677953376046
227 0.0582864416370199
228 0.0630410530795096
229 0.0675862065321912
230 0.0717593850875145
231 0.0753062709779165
232 0.0776251574610095
233 0.0780222564147452
234 0.0761083984163284
235 0.0724813942494061
236 0.0679745049566052
237 0.063326571881833
238 0.0590092353861594
239 0.0549265789982288
240 0.0508973636723216
241 0.0467902768501242
242 0.0425388410529681
243 0.0381753472269466
244 0.0337664345336574
245 0.0293916926441033
246 0.025163942206874
247 0.0212682210481382
248 0.0178300523752254
249 0.0148986782773912
250 0.0124684445405661
251 0.0104984460812021
252 0.00893382455814385
253 0.00771793819607388
254 0.00679745803832333
255 0.00612238431622518
256 0.00565516302169349
257 0.00537199662538084
258 0.00526091888471533
259 0.00531770204138314
260 0.00555234920041562
261 0.00598674191966447
262 0.00663479145621352
263 0.00751396784767997
264 0.00864564183729895
265 0.0100489039422548
266 0.0117341116097862
267 0.0136912603237542
268 0.0158768619599669
269 0.0182336143763261
270 0.0208124839229971
271 0.0237371175709271
272 0.0271935661872665
273 0.0313987299511204
274 0.0364034745174425
275 0.042149401871388
276 0.0484770967363771
277 0.0551116557349989
278 0.0617078933068404
279 0.0678320246402894
280 0.0729747379942836
281 0.0766241437185698
282 0.078414215637077
283 0.0781147018464669
284 0.0757194003452207
285 0.0716635485695266
286 0.0665107688701511
287 0.0607980432127214
288 0.0549489064917406
289 0.0491708170404426
290 0.0435998968791008
291 0.0383406579782955
292 0.0334463201799371
293 0.0288817436311155
294 0.0246195826473053
295 0.0206587516555407
296 0.0170524793462889
297 0.0139546112475263
298 0.01143543932216
299 0.00947956622268964
300 0.00802174857646544
301 0.00696247605647598
302 0.00622100424567582
303 0.00574295796624219
304 0.00549187593215821
305 0.00543250284778428
306 0.0055451596302828
307 0.00582634986934158
308 0.00628483598703589
309 0.00693621880857746
310 0.00780394896882594
311 0.00891505415176633
312 0.0102828676490634
313 0.0119036674589066
314 0.0137477164523023
315 0.0157701294447271
316 0.0179956634203127
317 0.0204899595054209
318 0.023348240312832
319 0.0266702113289818
320 0.0304315284165074
321 0.0345202563204375
322 0.0387472292307513
323 0.0428658124346443
324 0.0466806479553934
325 0.050010485667587
326 0.0526775934366154
327 0.0546038876218259
328 0.0560859628621841
329 0.0575633442473121
330 0.0595254796544266
331 0.0623528778468292
332 0.0657601956002363
333 0.069211251401588
334 0.072043651141934
335 0.07343829267324
336 0.0725680290655181
