1 0.00408823556569223
2 0.00338711509020686
3 0.00284623162061708
4 0.00244080866843587
5 0.00214309028319349
6 0.00193149318949343
7 0.00179094139245857
8 0.00171061020292849
9 0.00168475061993714
10 0.00171264075570794
11 0.00179813299205475
12 0.00194839929673141
13 0.00217649413751336
14 0.00250368448125121
15 0.00296069802819875
16 0.00358416199057222
17 0.0044205589073482
18 0.00552808325226083
19 0.00697610170207086
20 0.0088435263937784
21 0.011211686494217
22 0.0141517897558103
23 0.0176904050442208
24 0.0217092387018196
25 0.0259070638461382
26 0.0297875274505078
27 0.0327462830515875
28 0.0343524198218525
29 0.0343661593689508
30 0.0328292053612673
31 0.0302480151242173
32 0.027211460664328
33 0.0241984842812722
34 0.0215019408286328
35 0.0191645926642972
36 0.0171705011352795
37 0.0154974185427928
38 0.0141045128804098
39 0.0128970719339328
40 0.0117911241756442
41 0.0107259733974272
42 0.00966985474261285
43 0.00863797051585249
44 0.00765115774612679
45 0.00672486846896413
46 0.00587083527222443
47 0.0051002366379504
48 0.00441846661518293
49 0.00382527439462782
50 0.00331792380534114
51 0.00289545848583919
52 0.00255407685731781
53 0.00228789310111288
54 0.00208998300894968
55 0.00195153705311482
56 0.00186620246691722
57 0.00183047738747411
58 0.00184201530184686
59 0.00190151486575828
60 0.00201343018366754
61 0.00218590303367088
62 0.00242947638191864
63 0.00275921758400249
64 0.00319633294995198
65 0.00376883668033197
66 0.00450960665714886
67 0.00545793169007298
68 0.00665969997999206
69 0.00816477810638019
70 0.0100189079162303
71 0.0122563014846423
72 0.0148883998008489
73 0.0178792291403247
74 0.0210859721103758
75 0.0242505669646077
76 0.0270097992252512
77 0.0289974100077029
78 0.0301288679124321
79 0.030481930016844
80 0.0301918530629552
81 0.0293630801029309
82 0.0281047971514213
83 0.0265353393790034
84 0.024753213591974
85 0.0227871591532849
86 0.0206624116226507
87 0.018419503855023
88 0.016127628643169
89 0.0139103330149313
90 0.0118658146177087
91 0.0100505042847466
92 0.00848465410892389
93 0.00715757273504206
94 0.00604768627813454
95 0.00512994277322105
96 0.0043783221858131
97 0.00376705867250837
98 0.00327330618146403
99 0.00287772304762225
100 0.00256404398270144
101 0.00231817579894628
102 0.00212906774018606
103 0.00198852634035538
104 0.00189134484229109
105 0.00183653216914421
106 0.00182569460775123
107 0.00186242366597028
108 0.00195071801659813
109 0.00209809945651362
110 0.00231750534614233
111 0.00262797613331541
112 0.00305254007261963
113 0.00362216679115427
114 0.00437890546027457
115 0.00537669354188383
116 0.00667508864078295
117 0.00833821176584207
118 0.0104290600595057
119 0.0129928136883493
120 0.0160162568235904
121 0.0194003768324401
122 0.0229346507303727
123 0.0263077412309581
124 0.0292156397609939
125 0.0313691189148225
126 0.032519317350353
127 0.0325408206713565
128 0.0315759715912118
129 0.0298827796353704
130 0.0277400229290329
131 0.0253928374791572
132 0.023001356923253
133 0.0206808853116362
134 0.0184942282660477
135 0.0164115028155076
136 0.0144018438632418
137 0.0124551442084071
138 0.0105930976246267
139 0.00888943107030517
140 0.00739500534953262
141 0.0061272836303907
142 0.0050796376800957
143 0.004229057629861
144 0.00354831008140279
145 0.00301083690725032
146 0.00259249818829692
147 0.00227208847948796
148 0.00203270338132492
149 0.00186178406161586
150 0.00175000332676948
151 0.0016888402350047
152 0.00167319812900613
153 0.00170169862165053
154 0.00177603584095316
155 0.00189966221118503
156 0.00207906648451022
157 0.00232365423876091
158 0.00264279113735621
159 0.00304685877167465
160 0.0035469052196908
161 0.00415440617420616
162 0.004884977763596
163 0.00575555148552247
164 0.00678201690487056
165 0.00798179673678642
166 0.00939098308833209
167 0.0110618483911948
168 0.013064124889676
169 0.015468112734538
170 0.0182501080743045
171 0.0212966084078703
172 0.02439839309228
173 0.0272730153611352
174 0.0296953249710707
175 0.0314749966819282
176 0.0324556716215488
177 0.0325406639614299
178 0.0317220306368441
179 0.0300685811032336
180 0.0277122567547287
181 0.0248589967075215
182 0.021822457113355
183 0.0188711558635887
184 0.016166058171117
185 0.0137371762331161
186 0.0115821793856113
187 0.00969164214618492
188 0.00805466590775118
189 0.00666685025814679
190 0.0055133402521435
191 0.00457016209758886
192 0.00380942715481168
193 0.00320278867306598
194 0.00272427392167328
195 0.00235146696959187
196 0.00206528487035382
197 0.00184871008639046
198 0.00168878953141883
199 0.0015764076805924
200 0.00150561391540874
201 0.00147322883914663
202 0.00147875192544013
203 0.00152456064922862
204 0.00161593520319058
205 0.00176011942661416
206 0.00196860070380536
207 0.0022583790719223
208 0.00265134257132282
209 0.00317715053039989
210 0.00387597699784338
211 0.0047993576170454
212 0.0060037518080753
213 0.00754920192538197
214 0.00949335645240062
215 0.0118776135488284
216 0.0147015932284218
217 0.0178990978386282
218 0.021314491174008
219 0.0247001312064923
220 0.0277708810724175
221 0.0302176081036184
222 0.0317410324089842
223 0.0321710822118208
224 0.0317089591058178
225 0.0306927825173006
226 0.0294641024569879
227 0.0282815159558573
228 0.0271833633587719
229 0.0261579137966316
230 0.025194757311373
231 0.0242540108277766
232 0.0231838385892266
233 0.0218330935904985
234 0.0201394663397508
235 0.018240134046196
236 0.0162931823391114
237 0.0144194606810288
238 0.0126880534411753
239 0.011094368335879
240 0.00962457608556673
241 0.0082706442173085
242 0.00703586581957172
243 0.00594574660211005
244 0.00501349922973138
245 0.00423704373220267
246 0.00360509958385535
247 0.00310203992309326
248 0.00271141674527002
249 0.00241827804929941
250 0.00220962689031202
251 0.00207289326011418
252 0.00199995882145561
253 0.00198787866312065
254 0.00203815557122313
255 0.00215469342510796
256 0.00234677441256889
257 0.00263104750900399
258 0.00303236759665282
259 0.00358120495535239
260 0.00431776369315128
261 0.00529196871233433
262 0.00655091164192134
263 0.00813346396546454
264 0.0100579784407089
265 0.0122990796663412
266 0.0147489310767583
267 0.0171986038098034
268 0.0193390216519216
269 0.0208536264169243
270 0.0216836608526921
271 0.0219203428949251
272 0.021719818989941
273 0.0212337128892968
274 0.0204934515511857
275 0.0195086181461734
276 0.0183002823715441
277 0.0169067563864219
278 0.0153963393317229
279 0.0138380203049222
280 0.0122907670747042
281 0.0108055794246147
282 0.00943295025550552
283 0.00820567460994577
284 0.00713457364478611
285 0.00620628751239954
286 0.00540385603397924
287 0.00471173525787582
288 0.00411746646552894
289 0.00361492643342023
290 0.00319748414729736
291 0.00285743706211229
292 0.00258739809477348
293 0.0023816814332704
294 0.00223610462121895
295 0.00214853234324983
296 0.00211876891812358
297 0.00214664566030475
298 0.00223569154959913
299 0.00239483439106228
300 0.0026386092099092
301 0.00298462200485601
302 0.00345766441697636
303 0.00409275411567948
304 0.00493432194185131
305 0.006022751477271
306 0.00739232393852171
307 0.00906264206435142
308 0.0110350286541997
309 0.0133292427853902
310 0.0159697131033375
311 0.0189604134532885
312 0.0222164112449398
313 0.0255667140921186
314 0.0287598943689272
315 0.0315090378071222
316 0.033641378206628
317 0.0350586765860093
318 0.03571643392414
319 0.0356374072295519
320 0.0349453519460906
321 0.033803194437937
322 0.0323779190900848
323 0.0307863980084323
324 0.0289865193946141
325 0.0269221874240869
326 0.02457174030349
327 0.0219818348373302
328 0.019327632156168
329 0.0167709802306342
330 0.0144213375914099
331 0.0123262665059759
332 0.0104546566783378
333 0.00877396144566134
334 0.00727526087745408
335 0.00598506106825702
336 0.00491222097681858
