1 0.00640177543543206
2 0.00604197297420502
3 0.00571765474921959
4 0.00542989342577843
5 0.00518050121103059
6 0.00497115400411232
7 0.00480292430477283
8 0.00467537126583168
9 0.0045882487702698
10 0.00454209916589903
11 0.00453727016846197
12 0.00457063818727524
13 0.00463884973633511
14 0.00473916506026339
15 0.00486852556253697
16 0.00502112076054727
17 0.00518984764356318
18 0.00536664464435665
19 0.00554445330509686
20 0.00572417860571403
21 0.00590916686614385
22 0.00610320345695189
23 0.00631038618528456
24 0.00653463774039748
25 0.0067802180366815
26 0.00705198179283498
27 0.00735258102366769
28 0.00767280809959005
29 0.00799848330989374
30 0.0083119638599178
31 0.00858908734742713
32 0.00880224456156093
33 0.00892275615303573
34 0.0089288773171636
35 0.00882527421261695
36 0.00862601453004765
37 0.00834754634811977
38 0.00800827170687601
39 0.00762976309783751
40 0.00723246807718696
41 0.0068340377990968
42 0.00644731216274395
43 0.00607593151783527
44 0.00572116044926692
45 0.00538389851656417
46 0.0050649963211003
47 0.00476599112823565
48 0.00448812773747012
49 0.00423215287999504
50 0.00399823466243076
51 0.00378558921128798
52 0.00359322687118129
53 0.00342018347231947
54 0.00326577730326335
55 0.00313025337273262
56 0.00301399641986938
57 0.00291766492562977
58 0.00284311831204684
59 0.00279256457100674
60 0.0027684845675914
61 0.00277339332237292
62 0.00280856220564623
63 0.00287574563457363
64 0.00297783651245572
65 0.00311852288108144
66 0.00330068971893401
67 0.0035277828974557
68 0.00380429012554972
69 0.00413525664879794
70 0.00452448406320089
71 0.00497512296619557
72 0.00548955918082426
73 0.00606726203878748
74 0.0066982208984939
75 0.00736413571834007
76 0.00803836179347336
77 0.0086879743635772
78 0.00928366627456187
79 0.00979594999582067
80 0.0101972816063724
81 0.01047250640612
82 0.0106137566129848
83 0.0106184576001841
84 0.0104900630477474
85 0.0102398300584394
86 0.00988345316681108
87 0.00943904873032414
88 0.00892825080523046
89 0.00838092775142572
90 0.00782509288502767
91 0.00728358201716567
92 0.00677244041108605
93 0.00629752115075891
94 0.00586133509231059
95 0.00546518260745414
96 0.00510956848922958
97 0.00479479443881231
98 0.00452072507836046
99 0.00428691413451535
100 0.00409236850493956
101 0.00393446870925493
102 0.00381079097289557
103 0.00371961318551708
104 0.00365904495425535
105 0.00362452079826915
106 0.00361135040850039
107 0.00361554731601564
108 0.0036342718102401
109 0.00366504493275036
110 0.00370543609346429
111 0.00375368563493521
112 0.00381082262834034
113 0.00387870122006797
114 0.00395936080688904
115 0.00405477454302747
116 0.0041659350134382
117 0.00429369341530834
118 0.00443905856513462
119 0.00460294251429032
120 0.00478529577014204
121 0.00498573732514944
122 0.00520374791336389
123 0.00543724012530483
124 0.00567788344090578
125 0.00591427295321029
126 0.00613317316753734
127 0.00632030330562528
128 0.00646261366945295
129 0.00654759673003196
130 0.00656363745997907
131 0.00650397390545272
132 0.00637614108597693
133 0.00619230836164196
134 0.00596535648937995
135 0.00570816389304167
136 0.0054327961735483
137 0.00515001683874439
138 0.00486920273698755
139 0.00459867120589237
140 0.00434518176196071
141 0.00411396963923543
142 0.00390818327964749
143 0.00372698393457516
144 0.00356880676790768
145 0.00343230223625711
146 0.00331642224101366
147 0.00322065436681907
148 0.00314475926855154
149 0.00308872013608731
150 0.00305227345001691
151 0.00303344499179506
152 0.00303010466159971
153 0.00304038692297017
154 0.00306333744254536
155 0.00310111159429979
156 0.00315691155385056
157 0.00323395864650138
158 0.00333421322661115
159 0.00345969349109259
160 0.00361297924008859
161 0.00379728577354976
162 0.00401652851611315
163 0.00427549112607532
164 0.004580006667546
165 0.0049366501373414
166 0.00535109839136557
167 0.00582921598556856
168 0.00637743440729348
169 0.00700203975654817
170 0.00770671127354305
171 0.0084930887523495
172 0.00936055040467238
173 0.0103044498313117
174 0.0113116768916878
175 0.0123612438083618
176 0.0134241914168857
177 0.0144600515370979
178 0.0154060167696953
179 0.0161860464278388
180 0.0167191586070001
181 0.0169399255953486
182 0.0168445706087588
183 0.0164584314045908
184 0.0158286804408866
185 0.0150409265013768
186 0.0141824744572865
187 0.0133277457533714
188 0.0125296317675699
189 0.0118033288439093
190 0.0111539261865229
191 0.0105847674119337
192 0.0100954566133597
193 0.00967543897683259
194 0.00931345134854029
195 0.00899995445131706
196 0.00872600976981719
197 0.00848088392024594
198 0.00825434379807534
199 0.00803721342190009
200 0.00782291008028086
201 0.00761206242757519
202 0.00740682581524445
203 0.0072091229628362
204 0.00702001415118145
205 0.00683790801207059
206 0.0066607408562039
207 0.00648832219053986
208 0.00632701569460794
209 0.00618416057431302
210 0.00606648213056106
211 0.00597950123996113
212 0.00592537838745802
213 0.0059058141592977
214 0.00592304802417133
215 0.00597864280344085
216 0.00606940677723766
217 0.00619115351495618
218 0.00633977665963755
219 0.00651019145472475
220 0.00669346912448227
221 0.00687879149309563
222 0.00705411634704559
223 0.00720699349024177
224 0.00732718842116621
225 0.00740504642652277
226 0.00743123072358427
227 0.00740050664935398
228 0.00732176249674318
229 0.00720773834425464
230 0.00707110562917175
231 0.00692354090735668
232 0.00677417871883467
233 0.00663100449836088
234 0.00650103983385784
235 0.00638956995297425
236 0.0063012939582235
237 0.00624081363974614
238 0.00621110134749857
239 0.00620852722893301
240 0.00622810852385245
241 0.00626507537374091
242 0.00631594283449047
243 0.00638216807625995
244 0.00646661573788211
245 0.00657241745312707
246 0.00670203880907745
247 0.00685414341331278
248 0.00702633329421455
249 0.00721603372565695
250 0.00741894793386002
251 0.00762427760803801
252 0.00781846629813636
253 0.00798666332485764
254 0.0081165765588525
255 0.00820991093204287
256 0.00827263652100639
257 0.00831133920334345
258 0.00833292577810704
259 0.00834424274657703
260 0.00835216571281253
261 0.0083633063445758
262 0.00838309097196969
263 0.00841670840570913
264 0.00846948316913028
265 0.00854612745791931
266 0.00864824664707051
267 0.00877683904166347
268 0.00893314898345323
269 0.00911615966408628
270 0.0093145805727831
271 0.00951353570882257
272 0.00969687211104434
273 0.00984742793747105
274 0.00994787422510803
275 0.00998102280703101
276 0.00993064892522098
277 0.00978417073327053
278 0.00953815736259438
279 0.00919420364990972
280 0.00875762602641355
281 0.00824205559463144
282 0.00768042003887402
283 0.00710562950932639
284 0.00654404069391665
285 0.00601483643128088
286 0.00553138751301343
287 0.0051024275827098
288 0.00473147683389668
289 0.00441378247211825
290 0.00414361487796666
291 0.00391617052029387
292 0.00372713523022379
293 0.00357166827832315
294 0.00344555028822165
295 0.00334538663732246
296 0.00326850091919286
297 0.00321294327945252
298 0.00317726122577429
299 0.00316039448668789
300 0.00316166381664983
301 0.0031808395858491
302 0.0032180266497157
303 0.00327362757489416
304 0.00334871270030635
305 0.00344621245286786
306 0.00357005903344459
307 0.00372504236864535
308 0.00391612491288389
309 0.00414548095925436
310 0.00441472873449343
311 0.00472546127479721
312 0.00507840280886364
313 0.00547353059625486
314 0.00590990550905463
315 0.00638499087984084
316 0.00689311907191075
317 0.00742567080005211
318 0.00797094892648266
319 0.00851337150735773
320 0.00903150364424548
321 0.00949966097244185
322 0.00988939228757357
323 0.0101741427076183
324 0.0103409604800344
325 0.0103837460488134
326 0.0103007941925737
327 0.010097581371397
328 0.0097939891489105
329 0.00941407394718483
330 0.00898155637959119
331 0.00851842126594619
332 0.00804386410304876
333 0.00757409579058092
334 0.00712195174634348
335 0.0066961377655977
336 0.0063029047657769
