1 0.00345853236914957
2 0.00290391439157284
3 0.00244294624727215
4 0.00206369896996831
5 0.00175465474307024
6 0.0015051220440152
7 0.00130533328097262
8 0.00114611853379655
9 0.00101999409082965
10 0.000921142053516899
11 0.000845023429217517
12 0.000787924053940927
13 0.000747111397426635
14 0.000720747750752892
15 0.000707702579531671
16 0.0007073034603598
17 0.000719494372367568
18 0.000744893927638287
19 0.000784776883642172
20 0.000840940036989704
21 0.000915996244532875
22 0.0010136184500327
23 0.00113866073486927
24 0.001296940205715
25 0.00149576203003222
26 0.00174434478285701
27 0.00205376220608582
28 0.00243546201201387
29 0.00290136453538012
30 0.00346273223957226
31 0.00412625763833183
32 0.00489183713126334
33 0.00574946670705046
34 0.00667703540581047
35 0.00764327394879367
36 0.00860503724828456
37 0.00950707667080764
38 0.0102863151074166
39 0.0108815670278289
40 0.011238027729971
41 0.0113135386054408
42 0.0110905010873028
43 0.0105943719527299
44 0.00987393214399223
45 0.00898898430771341
46 0.0080083782376858
47 0.00701427396594376
48 0.00607184234007118
49 0.00522232426489584
50 0.00448515471849136
51 0.00386038723979089
52 0.00334076596994669
53 0.00291639264396922
54 0.00257574867978561
55 0.00230509386451278
56 0.00209276101857965
57 0.00192935764399379
58 0.00180625677491355
59 0.0017168387304369
60 0.00165642413593771
61 0.00162179135803527
62 0.00161069598151326
63 0.00162189183001857
64 0.00165506123391816
65 0.00171074918796459
66 0.00179037647191466
67 0.00189625105794616
68 0.0020316460815748
69 0.00220009168916075
70 0.00240239988961848
71 0.00263794724814275
72 0.00290474685793775
73 0.00319970953082063
74 0.00352162677024179
75 0.00386910262980221
76 0.00423950845873979
77 0.00462940195687233
78 0.00503672947093086
79 0.00545956613986403
80 0.00589627690557849
81 0.00634809911714435
82 0.00681779543042901
83 0.00730914494917914
84 0.00782164939146038
85 0.00833152473773691
86 0.00880303691034125
87 0.00919417458811053
88 0.00945997419946528
89 0.00955916661635046
90 0.00945777188413849
91 0.00913432944656769
92 0.0085964122848399
93 0.00791012350206448
94 0.00715006503501854
95 0.00637878566999717
96 0.0056418274929355
97 0.00496516847333954
98 0.00436283523039335
99 0.0038407501291704
100 0.00339843833953031
101 0.00302971256985853
102 0.00272730882588958
103 0.00248444852033484
104 0.0022947426950697
105 0.00215113222006398
106 0.00204806260478599
107 0.00198136900558823
108 0.00194668394923059
109 0.00194081707977207
110 0.00196192940621533
111 0.00200933631152666
112 0.00208351235145982
113 0.00218588767295759
114 0.00231879122818294
115 0.00248488829827928
116 0.00268507722419766
117 0.00291944828382431
118 0.00318734167508295
119 0.00348706823223253
120 0.00381624841256257
121 0.00417088540375035
122 0.00454472237528731
123 0.00492993840481626
124 0.00532079567794463
125 0.00571154198088422
126 0.00609555144244278
127 0.00646491678683542
128 0.00680886971728446
129 0.00711520638608356
130 0.00737121106189172
131 0.00756251405415437
132 0.00766833761857326
133 0.00766784936674958
134 0.00754744677312524
135 0.00731224548378588
136 0.00697561501712939
137 0.00655466438482811
138 0.00606998023933659
139 0.00554676222644831
140 0.00500879771068623
141 0.00447607137365527
142 0.00396519996855763
143 0.00349137043457043
144 0.00306447175407786
145 0.00268913483820189
146 0.00236583856099814
147 0.00209163245878401
148 0.00186240505468645
149 0.00167383352847801
150 0.00152141951458764
151 0.00139986831015553
152 0.00130472114636532
153 0.00123262478598138
154 0.00118106215209961
155 0.00114792376979775
156 0.00113181968822896
157 0.00113192485551468
158 0.00114734643643367
159 0.00117759378014266
160 0.00122266509757563
161 0.00128302497667637
162 0.00135973062083215
163 0.00145429593060462
164 0.00156865209808948
165 0.00170505305146164
166 0.00186568109247673
167 0.00205280551322804
168 0.00226877628475323
169 0.00251568798896999
170 0.00279441971766987
171 0.00310463370817808
172 0.00344451219349425
173 0.00381087721628403
174 0.00420094232621093
175 0.00461109356760812
176 0.00503626021224827
177 0.00546883964631546
178 0.00589516504505947
179 0.00629747383233469
180 0.00665523651968082
181 0.00694480964103387
182 0.00713658944707925
183 0.00720116627124433
184 0.00711813272936889
185 0.00689032790372904
186 0.00653286058247935
187 0.00606781937701976
188 0.00552592172767354
189 0.00495232976995113
190 0.00438676363785164
191 0.00385754395413676
192 0.00338096356030467
193 0.00296049313211644
194 0.00259500497682906
195 0.00228149919452985
196 0.00201589248717909
197 0.00179362921590615
198 0.00161015841916976
199 0.00146125971168607
200 0.00134296346742947
201 0.00125096809820234
202 0.00118179846134514
203 0.00113298776005396
204 0.00110284165886876
205 0.00109002953389904
206 0.00109391516258389
207 0.00111451313039667
208 0.00115210201395659
209 0.00120754053824126
210 0.00128238395233424
211 0.00137865943893731
212 0.00149796734044435
213 0.00164192994840115
214 0.00181223418876585
215 0.00201043803758921
216 0.00223783481135369
217 0.00249505207165097
218 0.00278162913242363
219 0.00309604371206521
220 0.00343706105883917
221 0.00380268281354638
222 0.00418954277590526
223 0.004592897399325
224 0.00500718967214082
225 0.00542564020441597
226 0.00584010496958653
227 0.00623996060145743
228 0.00660807391165438
229 0.00692398678540889
230 0.00716609918684879
231 0.00731136890272912
232 0.00733155434592143
233 0.00720198092168974
234 0.00691359082706818
235 0.00649144897213314
236 0.00597198122041639
237 0.00539245120500769
238 0.0047898491519571
239 0.00420338383048663
240 0.00366201922958512
241 0.00318269171255534
242 0.00277172709554594
243 0.00242543613807673
244 0.00213762849948808
245 0.0019019417963262
246 0.00171201607747825
247 0.00156099332478994
248 0.00144316749308573
249 0.0013542355062195
250 0.00129091810689686
251 0.00125026221175445
252 0.00123026405925502
253 0.00122994825835127
254 0.00124910671580769
255 0.0012877053451326
256 0.00134633858652136
257 0.00142636010193635
258 0.00152957350233944
259 0.001657142171142
260 0.00181005847373139
261 0.00198934589465953
262 0.00219654062523187
263 0.00243305619609496
264 0.0026997401641782
265 0.00299643455641561
266 0.00332114766754816
267 0.00366980739330772
268 0.00403591720374233
269 0.00440992222304913
270 0.0047779997137495
271 0.00512269493574842
272 0.00542375374245214
273 0.00566049001247528
274 0.00581738115436673
275 0.00588270400804166
276 0.00584867235708969
277 0.00571348537659365
278 0.00548477848269713
279 0.00517559115621345
280 0.0048020990348853
281 0.00438432453614411
282 0.00394929508498578
283 0.00352072875060505
284 0.00311569903028925
285 0.00274439052085955
286 0.00241225691185481
287 0.00212133711986422
288 0.00187104280186117
289 0.00165864753956098
290 0.00148076662770218
291 0.00133397298245692
292 0.00121483148488307
293 0.00111952572146513
294 0.00104485545931014
295 0.000988410127139338
296 0.000948379512583112
297 0.000923206935831533
298 0.000911897970829505
299 0.000914075029304232
300 0.00092985810002163
301 0.000959562478611054
302 0.00100398406672007
303 0.00106451637391878
304 0.00114303344465028
305 0.00124134662520164
306 0.00136155571250243
307 0.00150614400267838
308 0.00167779256091923
309 0.00187883632015588
310 0.00211119564386285
311 0.00237658121133585
312 0.00267793359623775
313 0.00301851861272016
314 0.00340140892278501
315 0.0038290274155962
316 0.00430184652962916
317 0.00481837482693808
318 0.00537488135913982
319 0.00596667475708007
320 0.00659441312668904
321 0.00726127666496507
322 0.00797177476680639
323 0.0087236865227988
324 0.00947748314723077
325 0.0101711830726907
326 0.0107294847321956
327 0.0110746309074646
328 0.011150771549417
329 0.0109231579818367
330 0.0103822229087926
331 0.00956147212405809
332 0.00856522721031902
333 0.00750238835253182
334 0.00645785032162785
335 0.005485474026223
336 0.00461638308589612
