1 6.04953470133002e-05
2 6.566695389962e-05
3 7.12102771388925e-05
4 7.71383214079613e-05
5 8.34606824372392e-05
6 9.0183770841194e-05
7 9.7309934428729e-05
8 0.000104834566344103
9 0.000112746666690231
10 0.000121028641300176
11 0.000129654258825649
12 0.000138583297208198
13 0.000147763561345939
14 0.000157131426740574
15 0.000166609307796281
16 0.000176098108733758
17 0.000185482287662508
18 0.000194632614469155
19 0.000203404439930882
20 0.000211629181446998
21 0.000219125427488447
22 0.000225706409644188
23 0.000231181061609667
24 0.000235346346145756
25 0.000238007513883848
26 0.000238991813171589
27 0.000238202033865193
28 0.000235753487433993
29 0.000231836029401143
30 0.000226655750689425
31 0.000220414527765582
32 0.000213313799338341
33 0.000205551452203964
34 0.000197312663122421
35 0.000188756317432422
36 0.000180024588671435
37 0.000171244891380457
38 0.000162526621401214
39 0.000153955025528026
40 0.000145599892354018
41 0.000137518588333914
42 0.000129755364500248
43 0.000122338565901542
44 0.0001152872356251
45 0.000108613667107163
46 0.000102323386550387
47 9.64137113731042e-05
48 9.08779634066567e-05
49 8.57070767668342e-05
50 8.08895418893761e-05
51 7.64103855467408e-05
52 7.22537371374214e-05
53 6.84037220315715e-05
54 6.48443423771881e-05
55 6.15588154090795e-05
56 5.85308660773552e-05
57 5.57449051048895e-05
58 5.31854758907297e-05
59 5.08380563816851e-05
60 4.86892659996274e-05
61 4.67266309455404e-05
62 4.49380169063929e-05
63 4.33122697280988e-05
64 4.18393568488566e-05
65 4.05101643794144e-05
66 3.93160582260946e-05
67 3.82492938694514e-05
68 3.73030971793981e-05
69 3.64714957737315e-05
70 3.57489539343936e-05
71 3.51306928213079e-05
72 3.46127605095699e-05
73 3.41918941460364e-05
74 3.38651981825709e-05
75 3.36304346297543e-05
76 3.34861019166536e-05
77 3.34313415360328e-05
78 3.34656966094593e-05
79 3.35893446845364e-05
80 3.38030980995492e-05
81 3.41081698643423e-05
82 3.45064168803993e-05
83 3.50004354897602e-05
84 3.5593481621793e-05
85 3.62891720204209e-05
86 3.70918114101875e-05
87 3.80065327625724e-05
88 3.90392230610417e-05
89 4.01961878301089e-05
90 4.14845216289437e-05
91 4.29122766313151e-05
92 4.44883661824731e-05
93 4.62221107683711e-05
94 4.81236924636763e-05
95 5.0204355686059e-05
96 5.24762515004537e-05
97 5.49517787746351e-05
98 5.76441275477591e-05
99 6.05674895407289e-05
100 6.37367332352669e-05
101 6.71662584212165e-05
102 7.08707061097717e-05
103 7.48651555260691e-05
104 7.91645984198326e-05
105 8.37824089254669e-05
106 8.87309809319283e-05
107 9.40211467203099e-05
108 9.96596685797686e-05
109 0.000105650104493843
110 0.000111992769812679
111 0.000118683045193807
112 0.000125707022953266
113 0.000133043054048105
114 0.000140661847137787
115 0.000148523688816625
116 0.000156570929924934
117 0.000164731796353224
118 0.00017292172089434
119 0.000181041883721541
120 0.00018897494475581
121 0.000196589348784442
122 0.000203742330188478
123 0.000210273742833269
124 0.000215981407423427
125 0.000220649177141604
126 0.000224062902882584
127 0.000226041877968987
128 0.00022651599155144
129 0.000225466523080386
130 0.000222905466832855
131 0.000218900960677549
132 0.00021364774647992
133 0.000207376103793868
134 0.000200305801641386
135 0.000192611397371352
136 0.000184451384733382
137 0.000175975089408738
138 0.000167318518088605
139 0.000158598822687146
140 0.000149918417750712
141 0.000141366027587466
142 0.000133014910423458
143 0.000124918812608637
144 0.000117119411027697
145 0.0001096490034692
146 0.00010253044024909
147 9.57758330661e-05
148 8.93908312319917e-05
149 8.33763493363634e-05
150 7.7728713859495e-05
151 7.2438966835089e-05
152 6.74956103299505e-05
153 6.28856684979101e-05
154 5.85948023254441e-05
155 5.46069936849861e-05
156 5.09058552897317e-05
157 4.74749540464438e-05
158 4.42975604536916e-05
159 4.13573896106444e-05
160 3.86388411889609e-05
161 3.61269153596076e-05
162 3.38069346777199e-05
163 3.16650137465778e-05
164 2.96881673711733e-05
165 2.78642094339467e-05
166 2.61815478464426e-05
167 2.46293955196602e-05
168 2.3197790122136e-05
169 2.18774978981846e-05
170 2.06598543682303e-05
171 1.95368700172071e-05
172 1.85012214368938e-05
173 1.75461725626209e-05
174 1.66654573682377e-05
175 1.58533310801987e-05
176 1.51045530804437e-05
177 1.4414325961791e-05
178 1.37782081062723e-05
179 1.31921433492417e-05
180 1.26524457098334e-05
181 1.2155756335926e-05
182 1.16989848685877e-05
183 1.12793214759361e-05
184 1.08942152126201e-05
185 1.0541328439247e-05
186 1.02185450216472e-05
187 9.92396005916516e-06
188 9.6558544971705e-06
189 9.41265685259929e-06
190 9.19295693118512e-06
191 8.99550164218334e-06
192 8.81917721503651e-06
193 8.66298085483733e-06
194 8.52603292647251e-06
195 8.40757567942279e-06
196 8.30696072057817e-06
197 8.22362662859615e-06
198 8.15711209867009e-06
199 8.10705762502502e-06
200 8.07319673294343e-06
201 8.05533712821445e-06
202 8.05337604632547e-06
203 8.06730490399138e-06
204 8.09720468097034e-06
205 8.14323289758701e-06
206 8.20563850949458e-06
207 8.28476388149549e-06
208 8.38103318717666e-06
209 8.4949699160505e-06
210 8.62720622232277e-06
211 8.77848221609394e-06
212 8.94963251998127e-06
213 9.14161157467622e-06
214 9.3555084039935e-06
215 9.59254916935272e-06
216 9.85408493003374e-06
217 1.01416233342432e-05
218 1.04568491422386e-05
219 1.08016301759144e-05
220 1.11780038717754e-05
221 1.15882195813466e-05
222 1.20347674379832e-05
223 1.25203885895546e-05
224 1.30480594979477e-05
225 1.36210483248889e-05
226 1.42429547494534e-05
227 1.49177232301104e-05
228 1.56496157439185e-05
229 1.64432912841642e-05
230 1.73038609523093e-05
231 1.82369087624884e-05
232 1.92484644852518e-05
233 2.0345099386615e-05
234 2.15339632955376e-05
235 2.282272829088e-05
236 2.42197113500704e-05
237 2.57339557565453e-05
238 2.73752283495414e-05
239 2.91538706890293e-05
240 3.10809785349792e-05
241 3.31685011362924e-05
242 3.54291919164614e-05
243 3.787631309829e-05
244 4.05238624230195e-05
245 4.33866663728071e-05
246 4.64802130915165e-05
247 4.98200433697806e-05
248 5.34220401722623e-05
249 5.73024815560331e-05
250 6.14776405905086e-05
251 6.59626266838882e-05
252 7.07717379011716e-05
253 7.59184147732201e-05
254 8.14143642811852e-05
255 8.72672438049524e-05
256 9.34812665881742e-05
257 0.000100057076356311
258 0.000106990433862555
259 0.000114269147387552
260 0.000121873741225767
261 0.000129775980391904
262 0.00013793361923925
263 0.000146292440569477
264 0.000154786787082739
265 0.000163337682204812
266 0.000171847582981941
267 0.000180204232829758
268 0.000188282977012651
269 0.000195942657115655
270 0.000203009155511016
271 0.000209293214273647
272 0.00021460100995352
273 0.000218748613563406
274 0.000221594109682112
275 0.00022302242242323
276 0.00022294323941493
277 0.00022133115156463
278 0.000218331332577368
279 0.000214144365942574
280 0.000208980652637845
281 0.000203042737102149
282 0.000196493971781291
283 0.000189483403504989
284 0.000182150943706009
285 0.000174623019733354
286 0.000167013374221433
287 0.000159422849530107
288 0.000151936661290793
289 0.000144618362291937
290 0.000137518954367384
291 0.000130680071444221
292 0.000124133459805627
293 0.000117898546233362
294 0.000111987907058964
295 0.000106409374895808
296 0.00010116582949113
297 9.62534990608914e-05
298 9.16658501994902e-05
299 8.7395007149552e-05
300 8.34315337599268e-05
301 7.97631975744252e-05
302 7.63773668302384e-05
303 7.3261815949276e-05
304 7.04044200275323e-05
305 6.77920869993657e-05
306 6.54123575713132e-05
307 6.32538851335579e-05
308 6.1306163883955e-05
309 5.9558767987405e-05
310 5.80022756101952e-05
311 5.66283000155605e-05
312 5.54288213123523e-05
313 5.43968959467391e-05
314 5.35268487332933e-05
315 5.28139986857296e-05
316 5.22539348070289e-05
317 5.18432580308833e-05
318 5.15798026149687e-05
319 5.14624071139892e-05
320 5.14902664792964e-05
321 5.16635878831791e-05
322 5.19838121760793e-05
323 5.24534107615209e-05
324 5.30752329357915e-05
325 5.38531763994214e-05
326 5.47924413278144e-05
327 5.58993191539342e-05
328 5.71804251581002e-05
329 5.86434683884069e-05
330 6.02975592242113e-05
331 6.21530215219604e-05
332 6.42206372500182e-05
333 6.65123739835787e-05
334 6.90413565970252e-05
335 7.18208421447839e-05
336 7.48650626137252e-05
