1 0.000478752179673915
2 0.000475003467229899
3 0.000470592260353474
4 0.000465603866893588
5 0.000460111584642465
6 0.000454185052902488
7 0.000447888951808275
8 0.000441271988056355
9 0.000434378173437201
10 0.000427250308548437
11 0.000419926941579013
12 0.000412434116452689
13 0.000404794425224789
14 0.000397029855000349
15 0.000389156525849253
16 0.000381169895709593
17 0.00037306182107993
18 0.0003648259887433
19 0.00035646531717088
20 0.00034801270528291
21 0.000339506402631546
22 0.000330982197554646
23 0.000322480269260546
24 0.00031406444130972
25 0.00030579900076951
26 0.00029774165573501
27 0.000289940542916667
28 0.00028242534259223
29 0.000275218930430849
30 0.000268340653485166
31 0.000261805040109771
32 0.000255624087857279
33 0.000249808191038793
34 0.000244365144810732
35 0.000239296749187276
36 0.000234603363031766
37 0.000230285454008223
38 0.000226342828311034
39 0.00022277207928762
40 0.000219569783382573
41 0.000216733572435147
42 0.000214261334324743
43 0.000212148706656845
44 0.000210391940670093
45 0.000208988841250561
46 0.000207937990547016
47 0.000207236377993096
48 0.000206881905822267
49 0.000206874206927835
50 0.000207213813380834
51 0.000207899636662344
52 0.000208931449357073
53 0.000210310691651002
54 0.000212039731714757
55 0.000214119641011373
56 0.00021655223123963
57 0.00021933996595241
58 0.000222483599018988
59 0.000225984185009817
60 0.000229843699974236
61 0.000234063795972476
62 0.000238642089987908
63 0.000243575138237479
64 0.000248859336884664
65 0.000254489903938913
66 0.00026045808182611
67 0.000266753066002993
68 0.000273362504409791
69 0.000280269212598939
70 0.000287441259408845
71 0.000294839569048758
72 0.000302420383483916
73 0.000310145540770699
74 0.000318016211138067
75 0.000326044689690757
76 0.000334244350583281
77 0.000342632608997251
78 0.00035124028491925
79 0.000360104026391801
80 0.000369260063776412
81 0.000378732631160411
82 0.000388543909338765
83 0.000398717644800759
84 0.000409276253649555
85 0.000420231260440649
86 0.000431591273192749
87 0.000443364807866014
88 0.000455557050383379
89 0.000468159513934332
90 0.000481158265413224
91 0.000494536730854182
92 0.000508267811934645
93 0.000522288989543636
94 0.000536522030476274
95 0.000550879858651167
96 0.000565283425136832
97 0.0005797164568413
98 0.000594180202657987
99 0.00060867721781536
100 0.000623211569957241
101 0.000637789422508135
102 0.000652418601205168
103 0.000667108458431511
104 0.000681861053062016
105 0.000696643094345103
106 0.000711409818890765
107 0.0007261033352804
108 0.000740620629611586
109 0.000754841298686078
110 0.000768637657328597
111 0.00078187322539081
112 0.00079439697625264
113 0.000806050218841629
114 0.000816670025453419
115 0.000826111625069305
116 0.000834314106682144
117 0.000841242467074166
118 0.000846867660997699
119 0.000851148870455061
120 0.000853979374949209
121 0.000855240424191346
122 0.000854820927825631
123 0.000852643849987667
124 0.000848740436204938
125 0.000843176231689826
126 0.000836025582207429
127 0.00082736634152081
128 0.000817266608233526
129 0.000805796992904064
130 0.000793034108715985
131 0.000779083112317725
132 0.000764143299955527
133 0.000748430249252793
134 0.000732136337427508
135 0.000715391995225216
136 0.000698308365410838
137 0.000680990479829785
138 0.000663525125544412
139 0.000645947889946457
140 0.000628282479684703
141 0.000610552963686824
142 0.000592800724841249
143 0.000575131413727308
144 0.000557656688607962
145 0.000540476345042369
146 0.000523679884667934
147 0.000507350322113128
148 0.000491560804088907
149 0.000476374190696941
150 0.000461838236388064
151 0.000447970707654618
152 0.000434779836683946
153 0.000422270945540178
154 0.000410444498794989
155 0.00039928979799048
156 0.000388793551313968
157 0.00037894018329343
158 0.000369705106769681
159 0.000361063017258018
160 0.000352990421243881
161 0.000345463229746915
162 0.000338450048381855
163 0.000331919734842748
164 0.000325843611469371
165 0.000320193162006084
166 0.000314933846379825
167 0.000310031603043269
168 0.000305454719294521
169 0.000301172272807465
170 0.000297150145712587
171 0.000293354929936894
172 0.000289755030355935
173 0.000286317305301849
174 0.000282997707642707
175 0.000279751118712665
176 0.000276534441268777
177 0.000273316029742745
178 0.000270103297294449
179 0.000266912623849933
180 0.00026375963212204
181 0.000260661697715361
182 0.000257645221774811
183 0.00025473780692954
184 0.000251963713488658
185 0.000249337873770929
186 0.000246872615012338
187 0.000244579895717478
188 0.000242470436912658
189 0.000240550989507888
190 0.000238827424880649
191 0.000237305783120408
192 0.000235991237384984
193 0.000234884895502803
194 0.000233987230161533
195 0.000233299212902372
196 0.000232821317748711
197 0.000232550505032777
198 0.000232483284723982
199 0.00023261670963802
200 0.000232947310562548
201 0.000233467935189408
202 0.000234170792709968
203 0.000235048424593962
204 0.000236092617880013
205 0.000237291233160314
206 0.000238631128996977
207 0.000240098588842189
208 0.000241677715662653
209 0.0002433518048767
210 0.000245103761890453
211 0.00024691338769588
212 0.000248749217634695
213 0.000250576154503925
214 0.000252358068708109
215 0.000254063659140989
216 0.000255684304635022
217 0.000257217183069761
218 0.000258659536117762
219 0.000260014581832845
220 0.00026130947024649
221 0.000262577939676884
222 0.000263854418078967
223 0.000265171135875926
224 0.000266549414033054
225 0.00026800813196216
226 0.000269566623582161
227 0.000271243739812635
228 0.0002730548715078
229 0.000275014933508065
230 0.000277139423179558
231 0.000279443123722352
232 0.000281935967210226
233 0.000284627061221287
234 0.000287524811256796
235 0.000290633029030559
236 0.000293954595297616
237 0.000297492708009926
238 0.000301249119410857
239 0.00030521866830744
240 0.000309394198133039
241 0.000313768197008808
242 0.000318330843592094
243 0.000323064073793241
244 0.000327946726837732
245 0.000332956249383839
246 0.000338066463221747
247 0.000343240838588981
248 0.000348438335075197
249 0.000353615411474692
250 0.000358723572194991
251 0.000363701790198103
252 0.000368483545238207
253 0.000372999494592284
254 0.000377175418783786
255 0.000380925170572229
256 0.000384158487119468
257 0.000386784433553229
258 0.000388726469361195
259 0.00038996571066883
260 0.000390500843380058
261 0.000390337344663292
262 0.00038949615493859
263 0.000388004552927793
264 0.000385892799343977
265 0.000383206207671421
266 0.000380041387746834
267 0.000376506447061184
268 0.000372707185915402
269 0.000368741596495688
270 0.000364685753535697
271 0.000360608179816726
272 0.000356574489701218
273 0.000352645568947622
274 0.000348872347750017
275 0.00034530180120868
276 0.000341979083735898
277 0.000338945442801085
278 0.000336231541490138
279 0.00033386528928661
280 0.000331874603631901
281 0.000330286020003601
282 0.000329119915046514
283 0.000328396129327774
284 0.000328134269775747
285 0.000328348797748978
286 0.000329054502023705
287 0.000330268454214694
288 0.00033200809928402
289 0.000334284966547366
290 0.000337111094089498
291 0.000340501259855162
292 0.000344470898621848
293 0.000349029385954767
294 0.00035418633623849
295 0.000359953731935686
296 0.000366343429622663
297 0.000373359354049403
298 0.000381004137955747
299 0.000389281259887821
300 0.000398191725782554
301 0.000407724031143902
302 0.000417861928941305
303 0.000428586800713978
304 0.000439874046651985
305 0.000451682727052318
306 0.000463962903168604
307 0.000476657792524519
308 0.00048969551478106
309 0.000502964124227035
310 0.000516330879152073
311 0.000529660496950593
312 0.000542851894764831
313 0.000555807939033889
314 0.000568424873759898
315 0.000580602504134995
316 0.000592275450617069
317 0.000603387463500678
318 0.000613882543674446
319 0.000623692627633272
320 0.00063269839002881
321 0.000640765700944424
322 0.000647759526830144
323 0.000653546847262517
324 0.000658002014676165
325 0.0006610057665869
326 0.000662446388059966
327 0.000662240170115887
328 0.000660387774802747
329 0.000656920126149373
330 0.000651879707131262
331 0.000645338668292781
332 0.000637452628794649
333 0.000628399000234008
334 0.000618349845618322
335 0.000607455092351412
336 0.000595856547835844
