1 0.0277826755949506
2 0.0321246582231399
3 0.0372750932852019
4 0.0432832119831109
5 0.0501628658594964
6 0.0578732949183812
7 0.0662969833492511
8 0.0752122472806352
9 0.0842866269662513
10 0.0930802389723777
11 0.101074233233436
12 0.107745004968293
13 0.112582778684773
14 0.115129142606863
15 0.115072726201765
16 0.112426229194804
17 0.107396861750117
18 0.100321676778846
19 0.0916675500766515
20 0.0820596196093846
21 0.0721077062761627
22 0.0623266161378731
23 0.0531183305541109
24 0.0447808660806422
25 0.0374763290675411
26 0.0312486206892271
27 0.0260564519785843
28 0.0218032879214398
29 0.0183713823496812
30 0.0156381915032631
31 0.013481814512111
32 0.011798617065924
33 0.0105057920302917
34 0.00953700925784496
35 0.00883457724082317
36 0.00835663195717458
37 0.00807650970590118
38 0.00797898550608142
39 0.00805459532572999
40 0.0083035312409133
41 0.00873677516877072
42 0.00937522678173117
43 0.0102458978038192
44 0.0113861734875843
45 0.0128463920568402
46 0.0146897604031364
47 0.0169866283277628
48 0.0198165104638482
49 0.0232669235896482
50 0.0274281786479611
51 0.0323837581194715
52 0.0381992415903252
53 0.0449073570381463
54 0.0524881604764438
55 0.0608427789668538
56 0.0697771834747901
57 0.0789918308999698
58 0.0880821917664008
59 0.0965513829768034
60 0.103838905114433
61 0.109388909853365
62 0.112784000696105
63 0.113730417261905
64 0.112067821428918
65 0.107835517898533
66 0.101394402088734
67 0.0932500539859752
68 0.0839574375289451
69 0.0741003714127794
70 0.0643067144103251
71 0.0550746311217321
72 0.0467281565566978
73 0.0394281345706944
74 0.0331926628241392
75 0.0279668496545932
76 0.023658238196443
77 0.0201546465993679
78 0.0173337880178252
79 0.0150848328909952
80 0.013312250413018
81 0.0119320409440873
82 0.0108780245866866
83 0.0101011159170273
84 0.00956479730847898
85 0.00923755963462086
86 0.00909899923940699
87 0.00914028183949496
88 0.00936239989651907
89 0.00977354539270939
90 0.0103917212790134
91 0.0112465965691413
92 0.0123802920635889
93 0.0138456136343996
94 0.0157111805691589
95 0.0180657150489601
96 0.0210162317925562
97 0.0246674083116595
98 0.0291241553390202
99 0.0344855637982244
100 0.0408308989027049
101 0.0482047041395993
102 0.0565924432787608
103 0.0658951260011957
104 0.0759090908902043
105 0.0863194443835453
106 0.0966945389422347
107 0.106498893096082
108 0.11512888895151
109 0.121954237861208
110 0.12637239941336
111 0.127916504404488
112 0.126451882852623
113 0.122068465020689
114 0.11503143760308
115 0.1058136588097
116 0.0951788222323501
117 0.0839091175039485
118 0.0726796519336207
119 0.0620248912709812
120 0.0523402338058449
121 0.0438473152306929
122 0.0366166506260319
123 0.0306053365052313
124 0.0256889688290786
125 0.0217218355501196
126 0.0185614585108561
127 0.0160746742043663
128 0.0141347737581016
129 0.0126395586003366
130 0.0115117026188524
131 0.0106925000023796
132 0.0101331572729851
133 0.00980010710355132
134 0.00967422883402108
135 0.00974850208587533
136 0.0100280677666029
137 0.0105310230724843
138 0.0112881700538941
139 0.012338418059376
140 0.0137363044578667
141 0.0155573919798781
142 0.0178971359127471
143 0.0208514071793582
144 0.0245224789416406
145 0.0290161427693695
146 0.0344355754354413
147 0.0408901294057227
148 0.0484736682825235
149 0.0572422070730757
150 0.0671779544213676
151 0.0781055803033737
152 0.0896824609418064
153 0.101395233149125
154 0.112587709272533
155 0.122566179015277
156 0.130618654338077
157 0.136115577965883
158 0.138745325106248
159 0.138406521798343
160 0.135159316483784
161 0.129229010449675
162 0.12102075849128
163 0.111045300635168
164 0.0998657120684317
165 0.0880973488270068
166 0.0764526268653181
167 0.0655046470755143
168 0.0556253936889771
169 0.0469950455100665
170 0.0396201667048367
171 0.0334271481703003
172 0.0283040506984407
173 0.0241225439392487
174 0.0207543183552417
175 0.0180797273297748
176 0.01599383624033
177 0.0144052001451567
178 0.0132264168997756
179 0.0123913331045515
180 0.0118558703249391
181 0.0115927256457195
182 0.0115834913714104
183 0.0118242025878075
184 0.0123238859280335
185 0.0130950347612495
186 0.0141604810514655
187 0.0155555455791158
188 0.0173264629396453
189 0.0195246463679415
190 0.0222073248829791
191 0.0254353735003172
192 0.0292684298699978
193 0.0337583128503574
194 0.0389395740143368
195 0.0448179501712232
196 0.0513695146671424
197 0.0585766328225957
198 0.0664044938642138
199 0.0747872572223492
200 0.0836129262313825
201 0.0926772014621339
202 0.101703515865995
203 0.110358423111518
204 0.118229456781709
205 0.124726909512028
206 0.129200818641155
207 0.131082085132648
208 0.130100881972928
209 0.126191886678566
210 0.119467514940897
211 0.110303095291308
212 0.0995047995529486
213 0.0879317538018567
214 0.0763295852943903
215 0.0652809873638434
216 0.0551891675822764
217 0.046282274463375
218 0.0386418039715818
219 0.0322384389644532
220 0.0269656646744785
221 0.0226872141453151
222 0.0192617644032057
223 0.0165542288153843
224 0.0144394669547446
225 0.0128141381611527
226 0.0115979064260781
227 0.0107281264289587
228 0.0101493575955883
229 0.00982395429181752
230 0.00973244261241893
231 0.00986982445804668
232 0.0102393912936581
233 0.0108580324019398
234 0.0117569946099664
235 0.0129768720043657
236 0.0145731340427958
237 0.0166194814433406
238 0.0192073877018318
239 0.0224372032463137
240 0.0264190572337126
241 0.0312686142180114
242 0.0370872779457477
243 0.0439048145340412
244 0.0516582746251858
245 0.0601635187955346
246 0.0691168547767265
247 0.0782042841589018
248 0.0870658878922693
249 0.0952891203735783
250 0.102462633481888
251 0.108305190875112
252 0.112622237334999
253 0.115288104788802
254 0.11619735345267
255 0.115113097043388
256 0.111839115041986
257 0.10630571044153
258 0.0986765560640014
259 0.0895430642381027
260 0.0795815441289776
261 0.0694204578532322
262 0.0596230383481037
263 0.0505971684990498
264 0.0425833525810802
265 0.0356748061076297
266 0.0298428863420544
267 0.0250018529291256
268 0.0210406581639048
269 0.0178393567528528
270 0.0152789285027706
271 0.0132533642654734
272 0.0116733740038322
273 0.0104638596160672
274 0.00955668853740212
275 0.00890036312826938
276 0.00845960852572474
277 0.00821131460679944
278 0.00813901776175441
279 0.00823619001930167
280 0.00850686014993551
281 0.00896402523198906
282 0.0096245206612798
283 0.0105137517641554
284 0.0116670467025904
285 0.0131272007704843
286 0.0149463959957179
287 0.0171867778963386
288 0.019919084283832
289 0.0232183019690531
290 0.0271601948747367
291 0.03181508822419
292 0.0372394126809306
293 0.043467335358211
294 0.0504963854328809
295 0.0582725333316024
296 0.066672655172547
297 0.0754784205964779
298 0.0843764367208783
299 0.0929656458846432
300 0.10077594106614
301 0.107304456558606
302 0.11205031083248
303 0.114558977733395
304 0.114533720950874
305 0.112059501958963
306 0.107413263218063
307 0.100969727046499
308 0.0931852685424913
309 0.0846092536065654
310 0.0757577689650091
311 0.0670481757629678
312 0.0587635443495836
313 0.0510951543006255
314 0.0441598547591086
315 0.0380176620864634
316 0.0326984742296013
317 0.0281857890732139
318 0.0244278021111767
319 0.0213502670311567
320 0.0188608709614058
321 0.0168750003528662
322 0.0153223902593317
323 0.0141439954351872
324 0.013283223047891
325 0.0126977716696389
326 0.0123607335745995
327 0.0122566912190036
328 0.0123745974372106
329 0.0127131945067083
330 0.0132823844610447
331 0.01410340249306
332 0.0152099863460116
333 0.0166500982202539
334 0.0184855204835273
335 0.020783164123544
336 0.0236218202990479
