1 0.00276474949661916
2 0.00247273551757518
3 0.00223370046091105
4 0.00204240559084202
5 0.00189246983749094
6 0.00177858378364313
7 0.00169676379533007
8 0.00164374651411181
9 0.00161746278437041
10 0.00161710714163911
11 0.00164279477182944
12 0.00169460363034119
13 0.00177341148326434
14 0.00188114929535122
15 0.00202075437469627
16 0.0021960348989259
17 0.0024118353763807
18 0.00267414875021529
19 0.00298973985965614
20 0.00336440465705816
21 0.00380330702574649
22 0.00431066860673922
23 0.00488767401707118
24 0.00552646100216897
25 0.00620994025705414
26 0.00691091832964343
27 0.00759552905486695
28 0.00823981150252522
29 0.00882318643151623
30 0.00932644800627084
31 0.00973444111806927
32 0.0100357925482106
33 0.0102230031949595
34 0.0102907039867891
35 0.0102297219804893
36 0.010033677900221
37 0.00970190355161126
38 0.00924131651613519
39 0.00866973793631113
40 0.00801025310271922
41 0.00728830512128423
42 0.00653362397024745
43 0.00578602995382051
44 0.00507806513626973
45 0.00443102241760825
46 0.00385633409498878
47 0.00335732316953317
48 0.00293237776266218
49 0.0025770134630604
50 0.00228473988479956
51 0.00204690292783872
52 0.00185569066581589
53 0.00170478086251374
54 0.00158903533268532
55 0.00150387621666767
56 0.00144595995481858
57 0.00141308701802387
58 0.00140364579841759
59 0.0014170345766544
60 0.00145376926767109
61 0.00151530417656934
62 0.00160342833538739
63 0.001720838649526
64 0.00187139976076837
65 0.00205990509360329
66 0.00229084666586826
67 0.00256892073165701
68 0.00289900442840429
69 0.0032856063138868
70 0.0037318572399827
71 0.00423877018602646
72 0.00480423155407981
73 0.00542205051645244
74 0.00608176815290877
75 0.00676732626659099
76 0.00745628359730686
77 0.0081189557966233
78 0.00871616541334521
79 0.00920301250996071
80 0.00953628428950889
81 0.00968877172985522
82 0.00964546805844824
83 0.00940291517023568
84 0.00897630449016876
85 0.00841442449542964
86 0.00777206168079453
87 0.00709788499837051
88 0.00642930730467762
89 0.00578700328893092
90 0.00518410077894772
91 0.00462914896522511
92 0.0041268869116147
93 0.00367916472110324
94 0.00328548800510219
95 0.00294370296463534
96 0.00265084004952254
97 0.00240408142141582
98 0.00220041133271038
99 0.00203685702147973
100 0.00191045515171161
101 0.00181748051928808
102 0.0017550950513724
103 0.00172175066791088
104 0.00171697264716884
105 0.00174077366134492
106 0.00179437530528502
107 0.00188026505275874
108 0.00200147677829608
109 0.00216239536910845
110 0.00236918683652695
111 0.00262948726628231
112 0.00295043633127955
113 0.00333950797038485
114 0.00380449729869738
115 0.00435268026259574
116 0.00498932302909292
117 0.00571639690980504
118 0.00653088023656439
119 0.00742326642277533
120 0.00837760824393479
121 0.00936932022997859
122 0.0103639399841812
123 0.0113206414211833
124 0.0122059564080253
125 0.012989227163091
126 0.0136414616717989
127 0.014138036108172
128 0.0144634656583323
129 0.0146097559032442
130 0.0145757203046035
131 0.0143658630903303
132 0.0139872139992805
133 0.0134518179651845
134 0.0127782022820803
135 0.0119933144683878
136 0.011126768265535
137 0.010207961624379
138 0.00926572266277831
139 0.00832951714211809
140 0.00742408158386687
141 0.00656799591959076
142 0.00577517698339899
143 0.00505787837751859
144 0.00442243275357283
145 0.00386959405800793
146 0.00339623055183385
147 0.00299671914639427
148 0.00266437330529039
149 0.00239236445596753
150 0.00217382749611701
151 0.00200109369513265
152 0.00186780736923474
153 0.00176927783863358
154 0.00170205597167809
155 0.00166315342974535
156 0.00165072953823382
157 0.00166401092549871
158 0.00170260747001591
159 0.00176701247938315
160 0.00185874401940556
161 0.00197994155469667
162 0.00213194707911536
163 0.00231600907509844
164 0.00253333382454529
165 0.00278464920229046
166 0.00306950170862031
167 0.00338584844568913
168 0.0037295227074473
169 0.00409419752928203
170 0.00447294575268943
171 0.00485698746556785
172 0.00523514971597495
173 0.00559484322099581
174 0.00592541325349854
175 0.00621674845112301
176 0.00645897775838076
177 0.00664370763456115
178 0.00676687891224446
179 0.00682700765999166
180 0.00682446442555459
181 0.00676042833806752
182 0.00663403083639962
183 0.00644536698873161
184 0.00619832163445792
185 0.00590513485761596
186 0.00557967421651077
187 0.00523486694058029
188 0.00488227798830658
189 0.00453201251874658
190 0.00419228839836009
191 0.00386939630526419
192 0.00356789008966811
193 0.00329088105402364
194 0.00304022027677879
195 0.00281676219368517
196 0.00262118769998479
197 0.00245561438825176
198 0.00232187108348083
199 0.00222143622258991
200 0.00215536149779783
201 0.00212301353525443
202 0.00212450567817014
203 0.00216152842887911
204 0.00223729239720675
205 0.00235585155637828
206 0.00252334281082525
207 0.00274828961746098
208 0.00304035950299507
209 0.00341190326045476
210 0.00387890669348144
211 0.00445971633848495
212 0.00516764671780038
213 0.00601152069858882
214 0.00699363434512491
215 0.00810513133860688
216 0.00932002434534656
217 0.0105908356441501
218 0.0118458624019418
219 0.0129940545672105
220 0.0139460754905096
221 0.0146156362607391
222 0.0149267875898461
223 0.014839394111332
224 0.0143974891919134
225 0.0136801787930052
226 0.0127744253365358
227 0.0117665927092348
228 0.0107412428665128
229 0.00976562260911997
230 0.00888675114725451
231 0.00812664413673147
232 0.00746776768290236
233 0.00688858381736852
234 0.00637203270176714
235 0.00590465890675228
236 0.00547573103759573
237 0.00507668971650961
238 0.00470196879735681
239 0.00435157289962269
240 0.00402621183306971
241 0.00372603985106849
242 0.00345184064243922
243 0.0032077353200937
244 0.00299722092769704
245 0.00282253848021024
246 0.00268465966780623
247 0.00258219323798867
248 0.00251396099241017
249 0.00247980959430064
250 0.00248021545907082
251 0.0025147842097215
252 0.00258394175232638
253 0.0026894609677205
254 0.00283369010338931
255 0.00301680224058645
256 0.00323836817063649
257 0.00349758410529176
258 0.00379255978806522
259 0.00411913707926314
260 0.00447053572041343
261 0.00483788712690935
262 0.00521347486922105
263 0.00558855675087474
264 0.00595249645757869
265 0.00629578016312464
266 0.00662006141271147
267 0.00693176159419319
268 0.00723936589327473
269 0.00754819456661608
270 0.00784335030323134
271 0.00810237841130074
272 0.00830067073977582
273 0.00841323391497392
274 0.00841796660402484
275 0.0082968123304082
276 0.0080378121404337
277 0.00764125794135394
278 0.00713086778918811
279 0.00653789346302397
280 0.00589411263776025
281 0.00523232468268849
282 0.0045903932894709
283 0.00399682573165555
284 0.00346748578212607
285 0.00300626366012022
286 0.00261168496034398
287 0.00227963562441578
288 0.00200417203196356
289 0.00177753726943192
290 0.00159260899757192
291 0.00144343890494023
292 0.00132501700164535
293 0.00123278277412808
294 0.0011631746032958
295 0.00111364624087674
296 0.00108242518913208
297 0.00106811135661502
298 0.00106998206987505
299 0.0010880548454421
300 0.00112297965324731
301 0.00117573986144865
302 0.00124795748182678
303 0.00134204821466744
304 0.00146109846139092
305 0.00160815892328579
306 0.00178667033566963
307 0.00200056890929474
308 0.00225422555199933
309 0.0025525345606064
310 0.00290058464309494
311 0.00330344034723878
312 0.00376629372173954
313 0.00429384929780116
314 0.00488970746775792
315 0.00555359423292942
316 0.00627196986022312
317 0.00701927767174254
318 0.00775826782715093
319 0.0084432322121672
320 0.00903326938242247
321 0.00948968721754868
322 0.00977702185607864
323 0.00987045816733626
324 0.00976979051079295
325 0.00948944998739094
326 0.00905297435629225
327 0.00849200114557214
328 0.00784749924373202
329 0.00715946298237903
330 0.00646227565512245
331 0.00578295298716371
332 0.00514006184798947
333 0.00454581498599667
334 0.0040080142950825
335 0.00353248165520462
336 0.00312105706218204
