1 0.00983849288536574
2 0.00985165244749891
3 0.00986119156529776
4 0.00986778849124274
5 0.00987239929302263
6 0.00987605173868026
7 0.00987972312549728
8 0.00988418194473937
9 0.009890145569464
10 0.00989833359955535
11 0.00990939573451171
12 0.00992369237860501
13 0.00994151515627572
14 0.00996316119796078
15 0.00998886209058552
16 0.0100185670104478
17 0.010052156448962
18 0.0100895134400848
19 0.0101304423651928
20 0.0101744236246967
21 0.0102208496952996
22 0.0102691035207663
23 0.0103185234634491
24 0.0103682998556918
25 0.0104175734509013
26 0.010465468916217
27 0.0105110904020621
28 0.0105535072554185
29 0.0105917717062611
30 0.0106250294126645
31 0.0106528321120672
32 0.0106748379782803
33 0.0106907117987229
34 0.0107001516808092
35 0.0107029657897592
36 0.0106989990233675
37 0.0106881090595773
38 0.0106702347995259
39 0.0106455985752591
40 0.0106145011273428
41 0.0105772522041383
42 0.0105341793238315
43 0.0104856570459888
44 0.010432073392755
45 0.0103738176153557
46 0.0103113515262541
47 0.0102454231518086
48 0.0101768394331471
49 0.0101063901313349
50 0.0100349210595023
51 0.00996355351109786
52 0.00989345171024523
53 0.00982574761558601
54 0.00976148102649707
55 0.00970141999265423
56 0.00964625566224024
57 0.0095966112228633
58 0.00955287607113772
59 0.00951538451331992
60 0.00948447600572532
61 0.00946042913607392
62 0.00944325967362885
63 0.0094329293265679
64 0.00942941453033959
65 0.00943264002596049
66 0.00944227927177073
67 0.00945795128781577
68 0.00947928443999899
69 0.00950585218368098
70 0.00953698358365586
71 0.0095719433820158
72 0.00960999028028984
73 0.00965036190792585
74 0.00969223532961699
75 0.00973476165427297
76 0.00977707730578482
77 0.00981832307238928
78 0.00985770301579444
79 0.00989442905145266
80 0.00992776841902479
81 0.00995724193262692
82 0.00998243448685606
83 0.0100029323368475
84 0.0100183643043132
85 0.0100285223249773
86 0.0100332451463111
87 0.0100323798380217
88 0.0100258639341758
89 0.0100139694534913
90 0.0099970571401119
91 0.00997549326814031
92 0.00994971299387125
93 0.00992041238758953
94 0.00988834862261137
95 0.0098542722957299
96 0.00981894442109771
97 0.00978319095701266
98 0.00974784492779233
99 0.00971372752134995
100 0.00968164870513005
101 0.00965240838951319
102 0.00962679864594651
103 0.00960560644382827
104 0.00958955278755978
105 0.00957910468221331
106 0.00957467211003344
107 0.00957662067473985
108 0.00958511103253118
109 0.00960026302334772
110 0.00962221074603846
111 0.00965102800987661
112 0.00968650090653849
113 0.00972834958228277
114 0.00977630110511308
115 0.00983004166851957
116 0.00988907511226275
117 0.0099528540808777
118 0.0100208223729784
119 0.0100923672464746
120 0.0101666793576437
121 0.0102428809697092
122 0.010320068323802
123 0.0103973226973886
124 0.0104737476444915
125 0.0105484336186011
126 0.010620446932684
127 0.0106888614678855
128 0.0107528522328956
129 0.0108116115945415
130 0.0108643232688322
131 0.0109102623161636
132 0.0109490904060916
133 0.0109805757451121
134 0.0110045350617913
135 0.0110209429007519
136 0.0110298253047686
137 0.011031223828834
138 0.0110252519256954
139 0.0110122642011534
140 0.0109926839087759
141 0.0109669436900102
142 0.0109355772705084
143 0.0108994969734113
144 0.010859704082171
145 0.0108171905337412
146 0.0107729888758716
147 0.0107283269845515
148 0.010684465544043
149 0.0106426450058083
150 0.0106039957540756
151 0.0105692690935125
152 0.0105391189925429
153 0.0105141969151239
154 0.0104950876939854
155 0.0104821120335361
156 0.010475532063698
157 0.0104755514729147
158 0.0104821099296958
159 0.0104950900371133
160 0.0105143856009033
161 0.0105398146522043
162 0.0105708579468284
163 0.0106069123741449
164 0.0106473737422703
165 0.0106915598892702
166 0.0107384833077365
167 0.01078706654466
168 0.0108362135372769
169 0.0108848289277136
170 0.0109318800660665
171 0.0109763379500456
172 0.0110171588920869
173 0.0110533662084245
174 0.0110842922241486
175 0.011109348542585
176 0.0111279505996783
177 0.0111395297413669
178 0.011143563560331
179 0.0111395524261063
180 0.0111270139513104
181 0.0111055847145046
182 0.0110753162563597
183 0.0110363785197981
184 0.01098900154532
185 0.010933596264438
186 0.0108706261551251
187 0.0108005629016856
188 0.010723960704254
189 0.0106416800815276
190 0.0105546451809052
191 0.0104637615324812
192 0.0103699831337675
193 0.0102745161526696
194 0.0101785961799595
195 0.0100834151797324
196 0.00999010612827852
197 0.00989969910921179
198 0.0098131722855621
199 0.00973147111520042
200 0.00965543428007368
201 0.00958556811118479
202 0.0095222942983879
203 0.00946603281693561
204 0.00941715076058772
205 0.00937580408287398
206 0.00934210738677752
207 0.00931613659059591
208 0.00929776957291891
209 0.00928684951623762
210 0.00928323803612793
211 0.00928674404008396
212 0.00929691173449564
213 0.00931322784632196
214 0.0093351882013536
215 0.00936225396032827
216 0.00939372606737082
217 0.00942886172058211
218 0.00946691141164538
219 0.00950710473363168
220 0.0095486133178529
221 0.00959058328755804
222 0.00963214591187254
223 0.00967247869422594
224 0.00971099138463125
225 0.00974714713788516
226 0.00978040303940124
227 0.00981022581358155
228 0.0098361367147046
229 0.00985767100197097
230 0.00987436560928244
231 0.00988582666389288
232 0.00989192839566949
233 0.00989261877381123
234 0.00988790592270931
235 0.00987801220433194
236 0.00986321871304374
237 0.00984381245276085
238 0.00982016475826312
239 0.00979296749565331
240 0.00976298887063015
241 0.00973099092921537
242 0.00969777187930058
243 0.00966429607741492
244 0.00963155884101347
245 0.00960054224682658
246 0.0095721770918827
247 0.00954722807791927
248 0.00952641577948868
249 0.00951045904359546
250 0.00950000629546009
251 0.00949542342338203
252 0.0094970138072351
253 0.00950509256949548
254 0.00951992087586934
255 0.00954150361681025
256 0.00956979160044543
257 0.00960474865563296
258 0.00964629336339161
259 0.00969412293127003
260 0.00974788125246948
261 0.00980715167076778
262 0.00987126515794121
263 0.00993947794417932
264 0.010011029354457
265 0.0100850964806007
266 0.0101606621954551
267 0.0102366360306806
268 0.0103118949311481
269 0.0103852710376966
270 0.0104555152517822
271 0.0105213361722655
272 0.0105814168341507
273 0.0106345596423952
274 0.0106801152509381
275 0.0107175804099304
276 0.0107464638832937
277 0.0107663341678337
278 0.0107769562302392
279 0.010778161895401
280 0.0107698070918517
281 0.0107518558997306
282 0.0107246284454714
283 0.0106885486658785
284 0.0106441250157352
285 0.0105921455911575
286 0.0105334684275626
287 0.0104689486848013
288 0.0103994993879251
289 0.0103262800656941
290 0.010250490035332
291 0.0101732985646104
292 0.0100958428754714
293 0.0100192278427872
294 0.00994452562217924
295 0.00987277688755872
296 0.00980491478628517
297 0.00974153674568477
298 0.00968315075015855
299 0.00963025770868858
300 0.00958328830814754
301 0.00954241021293247
302 0.0095077324397105
303 0.00947937305981903
304 0.00945739220789423
305 0.00944159006114626
306 0.00943171223116624
307 0.00942751658979724
308 0.00942871063702307
309 0.00943476620881514
310 0.00944510049418498
311 0.00945911707410598
312 0.0094761510979449
313 0.0094955187596156
314 0.00951653269407048
315 0.00953852259791259
316 0.00956090087715533
317 0.00958309672224015
318 0.00960453408608984
319 0.00962467183978078
320 0.00964312462495134
321 0.00965954500483553
322 0.0096735844136106
323 0.00968491327122212
324 0.00969328002829255
325 0.0096984542241324
326 0.00970020791071509
327 0.00969839306956575
328 0.00969317204355034
329 0.00968478705091211
330 0.0096734827249833
331 0.00965958977966738
332 0.00964377644433877
333 0.00962679224909599
334 0.0096093544985369
335 0.00959206492003963
336 0.00957549337343296
