1 0.021934459125964
2 0.0190755697176005
3 0.0164776176023147
4 0.0141146992342547
5 0.0120216645437041
6 0.0102189730456139
7 0.00870701262009888
8 0.00748391148690743
9 0.00653426411099529
10 0.0058356235870008
11 0.00536237670354131
12 0.00507849377015793
13 0.00496003237573095
14 0.00499877512618918
15 0.00520115243523873
16 0.00558879752918758
17 0.00620316712468678
18 0.00711322038306389
19 0.00842041667008499
20 0.010242932347956
21 0.0127327344364541
22 0.0160838202172232
23 0.0205234224781973
24 0.0262683286521608
25 0.0334783071815433
26 0.042181656230825
27 0.052192402648841
28 0.063081272891111
29 0.0741232322183613
30 0.084390826400013
31 0.093159298806147
32 0.099872110311234
33 0.104129392870518
34 0.105737865771247
35 0.10478044191487
36 0.101527411682889
37 0.096368691625655
38 0.0897862929018385
39 0.0823608930322516
40 0.0746332785943233
41 0.0670444323387504
42 0.0598820145346315
43 0.0531969507564047
44 0.0469893323331668
45 0.0412572248484154
46 0.0359867112610424
47 0.0311330197969759
48 0.0266630080207811
49 0.0225615618505603
50 0.0188401862832012
51 0.0155543690072169
52 0.0127295173165892
53 0.0103543041411197
54 0.00840349812401759
55 0.00686398378027183
56 0.00569828749804377
57 0.00484987872827798
58 0.0042485580202215
59 0.00384112047789002
60 0.00359379241446778
61 0.00348688509534457
62 0.0035074885700194
63 0.00365470327423903
64 0.00394114619531257
65 0.00439378451684747
66 0.00505482317305112
67 0.00598879881820316
68 0.00729191364284767
69 0.00910000322220275
70 0.0115808664708602
71 0.0149440415037663
72 0.0194414932681091
73 0.0253364234624943
74 0.0327840509906894
75 0.0417291902430443
76 0.0517828305034125
77 0.062232312388833
78 0.0725108299467908
79 0.0821550841215152
80 0.0907370381072872
81 0.097756315489925
82 0.102751158901754
83 0.105372426903266
84 0.105456366905185
85 0.103160266888938
86 0.0988161237835338
87 0.0928440860101411
88 0.0856661626394832
89 0.0775722834693777
90 0.0688563245687226
91 0.0598424776695925
92 0.050887757008719
93 0.0424003257169862
94 0.0346875282250029
95 0.0279244444241202
96 0.0221870056076157
97 0.0174986105966584
98 0.0137885711682276
99 0.0109267266074293
100 0.00876220914814637
101 0.00714447232507242
102 0.00594940526897853
103 0.00508188042956398
104 0.00447039726704032
105 0.00405964222641223
106 0.00381349653246148
107 0.00371084862912452
108 0.00373737390830326
109 0.00389027519373468
110 0.00417913289828427
111 0.00462511498949867
112 0.00525789048153667
113 0.00611986126340038
114 0.00726932305315852
115 0.00878182685844439
116 0.0107471745256393
117 0.0132690019268263
118 0.0164599275218683
119 0.0204246759696072
120 0.0252143593937521
121 0.0307928723032309
122 0.036996683221983
123 0.0435494599843391
124 0.0502626885611503
125 0.0569918932928959
126 0.0636120209150614
127 0.0700511640989044
128 0.0763845321649745
129 0.0827910457671866
130 0.0895326043931372
131 0.0967446545224641
132 0.103687542667807
133 0.109204209174383
134 0.11212081439918
135 0.111811217851809
136 0.107996994215377
137 0.100709219634803
138 0.0904888379547914
139 0.0786899624712084
140 0.0666503402778284
141 0.0553599817978966
142 0.0453764261266544
143 0.0368036144403979
144 0.0295929734633806
145 0.023635236374375
146 0.0187948650252419
147 0.0149424467835649
148 0.0119316206608609
149 0.00961310530246235
150 0.0078496060534072
151 0.0065218547021892
152 0.00553465087218029
153 0.00481561370727732
154 0.00431099665088996
155 0.00398035362176537
156 0.00379851934518922
157 0.00375319136898997
158 0.00383973873836089
159 0.00406586159959634
160 0.00445432812303509
161 0.00504363928255266
162 0.00588184984355034
163 0.00703544085675437
164 0.00859536970877779
165 0.0106757156112233
166 0.0133903950514543
167 0.0168402589242235
168 0.0210850699930305
169 0.0261163900569027
170 0.0318874583624082
171 0.0382725425596994
172 0.0450358316794168
173 0.0518784136715225
174 0.0586644493328822
175 0.0653666897710527
176 0.0720327314156534
177 0.0787011976861104
178 0.0850910203956673
179 0.0907751883259349
180 0.0952774252561092
181 0.0980863107923661
182 0.0986318901160813
183 0.0964360320520907
184 0.0913804399935282
185 0.0841420062934873
186 0.07559967026981
187 0.0665611758544392
188 0.0576488560380177
189 0.0491993325401438
190 0.0414235530815156
191 0.0344520006230134
192 0.028350375475648
193 0.023143756518387
194 0.0187986747980412
195 0.0152385705031686
196 0.0123714717690468
197 0.0101156379105852
198 0.00838152488227859
199 0.00708064127817308
200 0.00613128433603861
201 0.00545346163168627
202 0.00498871931015523
203 0.00469944665608223
204 0.0045643469036151
205 0.00457609604745892
206 0.0047412858384753
207 0.00507882672555592
208 0.00561081481542384
209 0.00637227124687556
210 0.00741602101903154
211 0.00881715166906679
212 0.0106842025042424
213 0.0131658672902823
214 0.016461300229263
215 0.0208117897615815
216 0.0264028790328976
217 0.0333216248755507
218 0.0414806779927553
219 0.0505625810310408
220 0.0601398773597649
221 0.0696327117827994
222 0.0783123031942523
223 0.0854689248119471
224 0.0908469588635581
225 0.0944726919189981
226 0.0965345954752147
227 0.0972922227452988
228 0.0969023411589381
229 0.0955176198197659
230 0.093313730899579
231 0.0903733084763918
232 0.0863958068494
233 0.0810743368305091
234 0.0743208542643148
235 0.0664630450737591
236 0.0579522380275578
237 0.0492451231605338
238 0.0407988856990904
239 0.033090911932503
240 0.0264128848820181
241 0.020860745606226
242 0.0163936194395695
243 0.0128921449589275
244 0.0102040309615148
245 0.00817531527680816
246 0.0066655220014339
247 0.00555105283444425
248 0.00473758976094802
249 0.0041571722152941
250 0.0037612760845055
251 0.00351332837262293
252 0.00339094920079463
253 0.00338461970916444
254 0.00349583284994307
255 0.00373526439475847
256 0.00412665206529361
257 0.00471138220424385
258 0.00555071018178603
259 0.00671483869769684
260 0.00829191323642276
261 0.0103897473051028
262 0.013125957671616
263 0.0166127495149768
264 0.0209294785693441
265 0.0260933766290662
266 0.0320650768391116
267 0.0387065179949541
268 0.0457474029650832
269 0.0528368626261801
270 0.0598030525796132
271 0.0665941963938111
272 0.073240193378176
273 0.0797533558848396
274 0.085767182553027
275 0.0907488606688678
276 0.0941256237058347
277 0.0953911035929622
278 0.0943121031873141
279 0.0908509497435504
280 0.0851424233484551
281 0.0775724304238723
282 0.0689240470166435
283 0.0599749525491298
284 0.0513243095118956
285 0.0433430718184872
286 0.0362422662856442
287 0.0301107865409605
288 0.0249363119077209
289 0.0206213368232952
290 0.017052485193021
291 0.014120598886695
292 0.0117302755459368
293 0.00981098363901001
294 0.00829502980065018
295 0.00711826661369117
296 0.00622220756477844
297 0.00555078506217417
298 0.00506104091017978
299 0.00472314021957863
300 0.00451898183160244
301 0.00444354910308583
302 0.0045023949246299
303 0.00471325184948014
304 0.00510679224408413
305 0.0057190605333384
306 0.00660531603560238
307 0.00785028255629671
308 0.00957723761851424
309 0.0119560413480105
310 0.0152213508663104
311 0.0196633198071379
312 0.0254876433872038
313 0.0327335190504393
314 0.0411431744237055
315 0.050126805455489
316 0.0591810764779122
317 0.0678450915071295
318 0.0756760132002689
319 0.082320876012162
320 0.0876454744102674
321 0.0916763411895305
322 0.0945533185336172
323 0.0963568991104151
324 0.0966416442878355
325 0.094871689623731
326 0.0906449434539906
327 0.0839692907227034
328 0.0757469836080363
329 0.0669789568209525
330 0.0584539974313043
331 0.0506798268483528
332 0.0438429674788854
333 0.0379923890094606
334 0.0330726520222437
335 0.0288779854806396
336 0.0252253570899506
