1 0.00964178407968794
2 0.00972505412071483
3 0.0102924788182119
4 0.0114569947461628
5 0.0133103114144083
6 0.0159736451866434
7 0.0195023907938249
8 0.0233936456105618
9 0.0265087694771434
10 0.0272965860755591
11 0.0248642553799626
12 0.0204659886444228
13 0.0157407681043295
14 0.0117054063646466
15 0.00869214671477151
16 0.0065909996064269
17 0.00520562955242157
18 0.00436810751400053
19 0.00395821035077165
20 0.00388328523671352
21 0.00412080238248107
22 0.00472497972884445
23 0.00583440949095285
24 0.00766282329901076
25 0.0105478221264519
26 0.0149910043294196
27 0.021665947732954
28 0.0313441165673708
29 0.0446789266806744
30 0.0617777505107231
31 0.0815696413102238
32 0.101397261406212
33 0.117206387299647
34 0.124906245402138
35 0.123012054683602
36 0.112287220955665
37 0.0950907676732961
38 0.0749485192839435
39 0.0559206185132762
40 0.0403981788249098
41 0.0289597423196909
42 0.0210805350189641
43 0.0157867462805153
44 0.0122876211440841
45 0.0100398598996919
46 0.00867454268322239
47 0.00790501105089782
48 0.0075588820383688
49 0.00754463577873011
50 0.00781133376495595
51 0.0083040302425067
52 0.00896342592097431
53 0.00971475619914554
54 0.0104751765829889
55 0.0112204633066604
56 0.0119444060384294
57 0.0125999903866523
58 0.0129609041046783
59 0.0127507203963747
60 0.011765519459716
61 0.0100627769740167
62 0.0081325054102591
63 0.00638210661359778
64 0.00499882171726218
65 0.0040101045509982
66 0.00335710992944168
67 0.00298300060475187
68 0.00286128917297818
69 0.00300047575237431
70 0.00342545546783034
71 0.00422154781114359
72 0.00556844760598435
73 0.007777693742308
74 0.0112872682739302
75 0.0166637838492755
76 0.0245023877561715
77 0.0352373713568789
78 0.0492359479768861
79 0.0666059449302491
80 0.0866770213909888
81 0.106502454342559
82 0.121139263658462
83 0.125158851603435
84 0.115906040431332
85 0.0975810837795763
86 0.0762735329442555
87 0.056643648213081
88 0.0409312154969731
89 0.0292871763647664
90 0.0210861467654684
91 0.0155252736497682
92 0.0118510235867796
93 0.00941709913480503
94 0.00780114751749254
95 0.00674591099548914
96 0.00609969985893933
97 0.00578893001327046
98 0.00579102320214201
99 0.00613201633003825
100 0.00688022304566057
101 0.00808798047192777
102 0.00981867779868098
103 0.0121332951700333
104 0.0149866546382448
105 0.0178948029081623
106 0.0199091881940153
107 0.0200904388214205
108 0.018601201554229
109 0.0161352170113448
110 0.0133892740457834
111 0.0108495324514958
112 0.00874624157937626
113 0.00714345274896907
114 0.00602043492818559
115 0.00532221382602434
116 0.00497716587127855
117 0.00495564000109933
118 0.00528715134158882
119 0.00607110781824341
120 0.00747864046393462
121 0.00983054763079894
122 0.0137121695548977
123 0.0201034952763116
124 0.0302474746963175
125 0.0454343373732725
126 0.0663144164888159
127 0.0916978984151667
128 0.11745934693923
129 0.136762473980644
130 0.142206958488603
131 0.130811135284595
132 0.109941855250189
133 0.0882847969210943
134 0.0705509763647231
135 0.0566610135051674
136 0.0457992341143532
137 0.0373032837930181
138 0.030610676132436
139 0.0251768750425277
140 0.0206198433452682
141 0.0167034407815167
142 0.0133533059730932
143 0.0107061067027766
144 0.00879014182781387
145 0.00754710971769472
146 0.00688362157163473
147 0.00663493796027035
148 0.00668755140105323
149 0.00697451655529622
150 0.00745043998087684
151 0.00808531757617949
152 0.00884494700535039
153 0.00967874880709961
154 0.0104813443931735
155 0.0109807956506197
156 0.0108472962321515
157 0.00992527824831736
158 0.0085291157958182
159 0.0070351440448971
160 0.00569341997423273
161 0.00462439151875082
162 0.00386616072763759
163 0.0034142837609642
164 0.0032686030924453
165 0.00345859127620015
166 0.00401906128344263
167 0.00506307106252343
168 0.00682479590044145
169 0.00972022691713935
170 0.014477463811582
171 0.0223207851045013
172 0.0352314161449364
173 0.0559241349913179
174 0.0857529952797525
175 0.121826468173301
176 0.154975366182533
177 0.173400764615225
178 0.173852670293765
179 0.159545801066571
180 0.136365051317552
181 0.110513630136771
182 0.0868677249442826
183 0.0679913145968169
184 0.054147757157427
185 0.0436343137740991
186 0.0351075207572104
187 0.027810333131534
188 0.0215025638129036
189 0.0164654077536077
190 0.0127483280642172
191 0.0101911376395256
192 0.00857421970171425
193 0.00768210808705923
194 0.00740194243899732
195 0.00774464123231493
196 0.0088283624738464
197 0.0107278290430166
198 0.0135113055946935
199 0.0171505795807798
200 0.0213614029840778
201 0.0255239968141231
202 0.02864341271587
203 0.0295614045201879
204 0.0276332026639614
205 0.0235985226860952
206 0.0186792183784386
207 0.0139475099014493
208 0.0101226271825236
209 0.00738380224690019
210 0.00559917543815321
211 0.00454810329660609
212 0.00401425582726891
213 0.0038896248200096
214 0.00417972761625536
215 0.00500022202531696
216 0.00652047757347632
217 0.00901819638474399
218 0.0128696234016722
219 0.0184696001290912
220 0.026171727945142
221 0.0360288039990943
222 0.047441491468909
223 0.0589826366035104
224 0.0688393677086866
225 0.0751246001459071
226 0.0763272837991904
227 0.0720736869967814
228 0.0639879684807327
229 0.054214584998517
230 0.0445151523438093
231 0.0359658314890961
232 0.0289467437790749
233 0.0234818290481182
234 0.019380808503194
235 0.0162658636942175
236 0.0138377380019325
237 0.0118934748872153
238 0.0103154274104881
239 0.00909515795800037
240 0.00823055927977085
241 0.00771785506962295
242 0.00755950893477217
243 0.00774880913718204
244 0.00831480352851825
245 0.00934224549947001
246 0.0109545465788777
247 0.0131757518985027
248 0.0159223639146685
249 0.0189399889437502
250 0.0217367038405141
251 0.0236193520633337
252 0.0238532427050466
253 0.0219712880307082
254 0.0182744256427346
255 0.0141058673452383
256 0.0104890156583404
257 0.00780453847345222
258 0.00601963295810946
259 0.00492517426738633
260 0.00436064396846053
261 0.00424263876435838
262 0.0045247926316499
263 0.0052527112235758
264 0.00658997452731314
265 0.00882503984784087
266 0.0122076932902458
267 0.0167975702200206
268 0.0221507477406402
269 0.0272281004574827
270 0.0314288198444027
271 0.0346075202130798
272 0.0369197209616488
273 0.0385992498686106
274 0.0394069393277323
275 0.038997655646084
276 0.0371300880021477
277 0.0337876694661717
278 0.0293094590676087
279 0.0241965635237864
280 0.0189786834589937
281 0.0141938553343994
282 0.0103742107475566
283 0.00763829366401623
284 0.00581444758273673
285 0.00461099781834677
286 0.00382044026863214
287 0.00331654292285181
288 0.00302348490795038
289 0.00289567746555462
290 0.00291318840232439
291 0.00307828671206751
292 0.0034135809361172
293 0.00395829811661808
294 0.00477892052313208
295 0.00598112224302455
296 0.0076776112951496
297 0.00975291197995267
298 0.0117593019348698
299 0.0129119551697492
300 0.0125293021774048
301 0.010905411273755
302 0.0087376892140943
303 0.0066145303244499
304 0.00485811596097589
305 0.00355869663421121
306 0.00267365699648104
307 0.00211868937782873
308 0.00181404810783219
309 0.00169276896226992
310 0.00172966978865893
311 0.00194203811957548
312 0.00239276786711616
313 0.00322668634219241
314 0.00474920552344673
315 0.00756856476334005
316 0.0126972617851869
317 0.0216817240351388
318 0.0364206199327606
319 0.0581417612341697
320 0.0851659108816125
321 0.111023113774967
322 0.125555054859777
323 0.121540454886778
324 0.103996415560636
325 0.0820505144029886
326 0.0624708983520169
327 0.0478454531416131
328 0.0372093664696269
329 0.0293990619988769
330 0.0236002246868611
331 0.0192559908891596
332 0.0160106534016808
333 0.0136078215638913
334 0.0118619153444299
335 0.0106534679404838
336 0.00990607673115878
