1 0.00371716291052083
2 0.00451225621935921
3 0.00550615491084769
4 0.00674340052964554
5 0.00827505671500401
6 0.0101578948993528
7 0.0124448026256134
8 0.0151451831528421
9 0.0182124621793555
10 0.0215282015633805
11 0.0248799605421008
12 0.0279331952334052
13 0.0302667225226317
14 0.0314439503569428
15 0.0311593540064071
16 0.0294675346768237
17 0.0266431534751501
18 0.0230699806249452
19 0.0191752019427425
20 0.0153767676622902
21 0.0119667918186538
22 0.00909281123268939
23 0.00678892897107254
24 0.00501778019772258
25 0.00369978508566112
26 0.00274250973002856
27 0.00205783794161102
28 0.00156849343643425
29 0.00121760220760112
30 0.000965021763300281
31 0.000782204546205248
32 0.000649406045270888
33 0.000553074452607714
34 0.000483841360765445
35 0.000435061600390848
36 0.00040227804274629
37 0.000382673551972059
38 0.000374639386139722
39 0.000377458918305898
40 0.000391330183653271
41 0.000417426582316668
42 0.000458015521972919
43 0.00051661067820123
44 0.000598554383958332
45 0.000711825804970642
46 0.00086805680900496
47 0.00108345812891885
48 0.00138118264395727
49 0.00179451087185081
50 0.00237042263615928
51 0.00317122433598078
52 0.0042788926754985
53 0.00579843116908108
54 0.00785205452125434
55 0.0105390239306565
56 0.0138961490231528
57 0.0178507067031263
58 0.0222008080795547
59 0.0265829419867844
60 0.0304788663133457
61 0.0333431075584674
62 0.0349236122636884
63 0.0351982658030361
64 0.0343022443803327
65 0.0324430117431093
66 0.0297600990350651
67 0.0264292737067546
68 0.022681546529222
69 0.0188010534252819
70 0.0151290391779265
71 0.0118964456464287
72 0.0092027081494725
73 0.00705311622331938
74 0.00539982672139072
75 0.00416493603707599
76 0.00326411370457029
77 0.00261827841792056
78 0.00215475768733221
79 0.00182142624846162
80 0.00158290297127923
81 0.00141433562002683
82 0.00129908142200872
83 0.00122640418238683
84 0.00118925078878231
85 0.0011816728794988
86 0.00119963421099845
87 0.001240712699466
88 0.00130380498272137
89 0.00138977133150694
90 0.00150051009610478
91 0.00163860627517995
92 0.00180802753322853
93 0.00201698566096977
94 0.00227729307920871
95 0.00260496891916338
96 0.00302138653719926
97 0.00355306978320843
98 0.00423516635745581
99 0.00511536401599105
100 0.00625665356330458
101 0.00773409558654855
102 0.00963985032080712
103 0.0120866588441581
104 0.0151780564545408
105 0.0188548912588132
106 0.0228435039869829
107 0.0266712651968952
108 0.0298964529162712
109 0.0321156675085957
110 0.0330010852863988
111 0.0324187443147906
112 0.0305952003579733
113 0.0279125440415561
114 0.0247700720216267
115 0.0214846675934448
116 0.0181977438483112
117 0.0150170420231889
118 0.0120454305430262
119 0.0093890481361619
120 0.00716899458642148
121 0.00541683863103574
122 0.00409194052588961
123 0.00311860486917141
124 0.00240859915598395
125 0.00189126164898794
126 0.00151468769549712
127 0.00124084095357096
128 0.00104119166232086
129 0.000895787084951453
130 0.00079099496162319
131 0.000717449240483561
132 0.000668484155293097
133 0.000639774294989852
134 0.000628739921210949
135 0.00063383712393533
136 0.000654666857101795
137 0.000691946089912351
138 0.000747473444891227
139 0.000824159924367223
140 0.000926251961532291
141 0.00105963844056542
142 0.00123266050369583
143 0.00145842525061368
144 0.00175595460470371
145 0.00215258678894241
146 0.00268609755216564
147 0.00340071187557768
148 0.00435054651828378
149 0.00560115439883424
150 0.00722405127978576
151 0.00927227898728406
152 0.0117604168080344
153 0.0146368126759816
154 0.0177574480856932
155 0.0208875495195745
156 0.0237025995560587
157 0.0258472357639969
158 0.0270926125127913
159 0.0273291298312164
160 0.0265587312970028
161 0.024903037498077
162 0.0226116571207596
163 0.0199640805481323
164 0.0172114887817743
165 0.014550859283954
166 0.0121163316754578
167 0.00998188534003886
168 0.00817298919680508
169 0.00667792945682167
170 0.00545630882463658
171 0.00446517277837311
172 0.00366559000860753
173 0.00302531916330747
174 0.00252213600838917
175 0.00213529434252567
176 0.00184569585227728
177 0.00163639167163726
178 0.00149078832874453
179 0.00139705160039423
180 0.00134815768652686
181 0.0013407489298904
182 0.00137377517275359
183 0.00144947618312904
184 0.00157355077208479
185 0.00175429117900725
186 0.00200415717148232
187 0.0023411356124342
188 0.00278769129122707
189 0.0033609902999599
190 0.00407177065169607
191 0.00491911379027886
192 0.00588956973055222
193 0.00698388921897701
194 0.00820834902852887
195 0.0095694390854809
196 0.0110779970607581
197 0.0127652233279516
198 0.0146816215146844
199 0.0168995140443306
200 0.0194942244719055
201 0.0224439369863588
202 0.0256518748126256
203 0.0289510081221716
204 0.0320451442651448
205 0.0343302047689366
206 0.0350751831987087
207 0.0338093666967381
208 0.0309046442137257
209 0.0270326677157352
210 0.0228337895545999
211 0.0187830801233722
212 0.0151302071306168
213 0.0119926181645094
214 0.00939972080139615
215 0.00732038577278676
216 0.00568786830711383
217 0.00442652388154688
218 0.00346396241784879
219 0.00273632239992483
220 0.00219024181913911
221 0.00178312186569115
222 0.00148205157470262
223 0.00126173488835507
224 0.00110188368117806
225 0.000988114653312813
226 0.000910797667423009
227 0.000863601007609819
228 0.000842166937390328
229 0.000844285549386118
230 0.000869757288105719
231 0.000920160352324545
232 0.000998477478864123
233 0.00110969233081413
234 0.00126090655026449
235 0.00146013772675168
236 0.00171710297978263
237 0.00204338702460829
238 0.00245315525054169
239 0.00296771364143659
240 0.00361534864651294
241 0.00443215385224549
242 0.00546032600259124
243 0.00673238445410919
244 0.00826759445783181
245 0.0100640278364916
246 0.0120922629678224
247 0.0143105836660647
248 0.0166543794841874
249 0.0190301096490334
250 0.0213217218271837
251 0.0234142614341987
252 0.0251953184405
253 0.0265607899536382
254 0.0274135934029552
255 0.0276390468769048
256 0.0271489422557712
257 0.0259102051235988
258 0.0239895916924612
259 0.0216262646544713
260 0.0190760551060325
261 0.0165337274227859
262 0.0140969901686936
263 0.0118284144673207
264 0.00977126887658434
265 0.0079579358335636
266 0.00642301802751191
267 0.00516964974874971
268 0.00417514500473015
269 0.00340295476463794
270 0.00280932575796123
271 0.0023565050769375
272 0.00201470065438093
273 0.00176020718156866
274 0.0015725036259922
275 0.00143660579193447
276 0.00134227985387155
277 0.00128307105431121
278 0.00125635731830519
279 0.00126207430036353
280 0.0013026247748541
281 0.00138296634591637
282 0.00150982966263556
283 0.00169385328891648
284 0.00195060408061963
285 0.00229908663673621
286 0.00276431717856127
287 0.00337922186618521
288 0.00418428881543
289 0.00522053488576903
290 0.00652594531692562
291 0.00812752375649639
292 0.0100309391576027
293 0.0122172356027845
294 0.0146275299022589
295 0.0171505377761149
296 0.0196254199270865
297 0.0218762642900384
298 0.0237183676377898
299 0.0249744230556338
300 0.0255201025643817
301 0.0253686897735023
302 0.0246104197863725
303 0.0233725008650845
304 0.0217734962562189
305 0.0198485607738422
306 0.0176421980626884
307 0.01523451069426
308 0.0127545264369336
309 0.0103977309658912
310 0.00830337849589702
311 0.00653612128243244
312 0.0051067690574239
313 0.0039887015219937
314 0.00313676730856462
315 0.00249969778076083
316 0.00202561699116941
317 0.00167369894322283
318 0.0014139314112997
319 0.00122410679935789
320 0.00108688465360036
321 0.000990109717898987
322 0.000925720042105321
323 0.00088840282090413
324 0.000874223513220016
325 0.000880932943506685
326 0.000907811937814364
327 0.000955371331378647
328 0.00102500778256474
329 0.00111913369620122
330 0.00124124459284726
331 0.0013963236460146
332 0.0015923926044957
333 0.00184052988266967
334 0.00215510152560945
335 0.00255313283452696
336 0.00305575380613462
