1 0.0140601176141664
2 0.013646313387375
3 0.0128441861263612
4 0.0116724584053641
5 0.0102524520388306
6 0.0087244400418017
7 0.00722206612041195
8 0.00587890280046944
9 0.00476538945075993
10 0.00389537210353734
11 0.00324908084744526
12 0.0027881820918694
13 0.00247989439798284
14 0.00230300025065028
15 0.00224572724892529
16 0.00229676625027228
17 0.00245653576775975
18 0.00273980318287672
19 0.00317149596958884
20 0.00376529471856431
21 0.00452262013996636
22 0.00542143300277422
23 0.00641261083720658
24 0.00746638594332692
25 0.00855604401046082
26 0.00964845406662043
27 0.0107075934910229
28 0.0117047674888826
29 0.0126167153860901
30 0.0134247724387872
31 0.0141146461626267
32 0.0146774003065048
33 0.0151096892582594
34 0.0154124867384536
35 0.0155876624713236
36 0.0156398904062538
37 0.0155769632919577
38 0.0154284872608391
39 0.0153012702837622
40 0.0153183847283888
41 0.0156061615996065
42 0.0162466223459061
43 0.0170808077725976
44 0.0178533539624834
45 0.0182643868744275
46 0.0180502765305034
47 0.017182343537639
48 0.0157471980615102
49 0.0138875032507884
50 0.011795942105331
51 0.00971453939155927
52 0.00782073123098993
53 0.00620584196478415
54 0.00489454950351478
55 0.00386960229583537
56 0.00309287219884279
57 0.00251993878314718
58 0.00210808954506974
59 0.00182339703659682
60 0.0016420417695376
61 0.00154844695168559
62 0.0015305658514734
63 0.00158549924172892
64 0.00172087203664483
65 0.00195364208710996
66 0.00230174511944083
67 0.00278820169480455
68 0.0034401940383804
69 0.0042850580170983
70 0.00534951017919356
71 0.00664836384934893
72 0.00817015499991434
73 0.00985898419830877
74 0.0115890074176229
75 0.0131616868550516
76 0.01432489032202
77 0.0148527017226737
78 0.0147116296792502
79 0.0139887312079614
80 0.0128555593814962
81 0.0115847041743238
82 0.0104067426445608
83 0.0094747899405805
84 0.00886987455135945
85 0.00858724502097724
86 0.00862817071497664
87 0.00902893702844122
88 0.00984921546121048
89 0.0110956042778803
90 0.0127558624351365
91 0.0147882331873884
92 0.017088395310111
93 0.0194668174259438
94 0.0216291796147664
95 0.0231910529359953
96 0.0237634535400983
97 0.0231234592870488
98 0.021246735201229
99 0.0183261625415135
100 0.0148104534549518
101 0.0113827714111286
102 0.00848269316856809
103 0.00625145669642566
104 0.00464195492252901
105 0.00352152321902954
106 0.00276424754359104
107 0.00226978261849129
108 0.00195741902356646
109 0.001776815874563
110 0.00170143986020243
111 0.00172088080332234
112 0.00183385718759017
113 0.00205196850346624
114 0.00240253313876364
115 0.00292677428821798
116 0.00365582022691057
117 0.00460414121926759
118 0.00574895988361242
119 0.00702029709395446
120 0.00837074499104051
121 0.00975996897141206
122 0.0111440597146402
123 0.012469325619908
124 0.0136388601286131
125 0.0145359427705791
126 0.0150463721354571
127 0.0150988810878858
128 0.0147446545208586
129 0.0140850358338896
130 0.0132302344099314
131 0.0122922996286816
132 0.0113969821480567
133 0.0106463619442189
134 0.0101093192481655
135 0.00981589138994505
136 0.00979667637768063
137 0.0101021586369686
138 0.010778135817146
139 0.0117374854594047
140 0.0128235263051203
141 0.0138155549655819
142 0.0144681579109941
143 0.0146791892301407
144 0.0144204482019137
145 0.0137077933730357
146 0.012603753139424
147 0.011217564940429
148 0.00967403778025472
149 0.00809234371386122
150 0.00658579724902068
151 0.00527181384432471
152 0.00420501584009719
153 0.00338604562455879
154 0.00278611191679825
155 0.00236215292209378
156 0.00207887951968719
157 0.00191090727404651
158 0.00183699285365014
159 0.00184701288716211
160 0.00194249074268736
161 0.00213341916903253
162 0.00242671078088323
163 0.00283043810223235
164 0.00335160468890311
165 0.00399020293443504
166 0.00473469879352086
167 0.0055523032426806
168 0.00638085091123806
169 0.00713918751471242
170 0.00778163794203663
171 0.0082835031489786
172 0.00863259016788614
173 0.00883032989201529
174 0.00889423459600998
175 0.00885088268305331
176 0.00873091282276615
177 0.00856866293855427
178 0.0084077690803712
179 0.00829153832122495
180 0.00826131629057348
181 0.00835392319225708
182 0.00858820642355743
183 0.00898504237701132
184 0.00955917169062447
185 0.0102627613356501
186 0.0110145656975181
187 0.0117072959210722
188 0.012231968472322
189 0.0125649419114373
190 0.0127158347071412
191 0.0127040168980789
192 0.0125435152541358
193 0.0122060092338787
194 0.0116620626579937
195 0.0108990300697011
196 0.00992938956294066
197 0.00880058095719544
198 0.00757596819622808
199 0.00632389727526976
200 0.00512620576860039
201 0.00409240854784634
202 0.00327367071009291
203 0.00266985555743078
204 0.00225390362762035
205 0.00198259242089509
206 0.00182513501702388
207 0.00176487391869134
208 0.00179401872709849
209 0.001917140110702
210 0.00215380700354919
211 0.00253986089318418
212 0.00311931420840587
213 0.00395240870636681
214 0.00511819955758937
215 0.00669925915569576
216 0.00871040614837598
217 0.0110397585519925
218 0.0133869312038013
219 0.0153124493312153
220 0.0165715112855856
221 0.0170906277665846
222 0.0169162228327866
223 0.0161856250320613
224 0.015091985926102
225 0.0138281949532686
226 0.0125548829746417
227 0.0113980686553172
228 0.0104707604636186
229 0.00985656079553921
230 0.00962829491508076
231 0.00985667881281889
232 0.0105629038763975
233 0.0118034528885513
234 0.0136508906243477
235 0.0159922730136743
236 0.0185129802916325
237 0.0206625975883892
238 0.0218038930615388
239 0.0217446734362706
240 0.0205813080034829
241 0.018563355027535
242 0.0160256051411075
243 0.0133228521302876
244 0.0107368170739432
245 0.00844437374867813
246 0.00652859219620495
247 0.0050067454700666
248 0.00384510464478684
249 0.00298552473641388
250 0.00236541724055453
251 0.00192779489858525
252 0.00162867848034759
253 0.00143741105793875
254 0.0013336898468878
255 0.00130214736065223
256 0.00133723522887643
257 0.00144379090966442
258 0.001637602641537
259 0.00194716547691786
260 0.00242113000853023
261 0.00313278312386089
262 0.00415756108208627
263 0.0055641762765045
264 0.00738398664180879
265 0.0095666956053138
266 0.0119751548596804
267 0.0143520159300516
268 0.0163220548386729
269 0.017530106605545
270 0.0179857956165454
271 0.0179025367008912
272 0.0175556103141676
273 0.0171896101455109
274 0.0169017220258071
275 0.0167508141052724
276 0.0167960055358399
277 0.0170806202660167
278 0.017569022544964
279 0.0182052251638549
280 0.0189282042845628
281 0.0196317296796227
282 0.0200469422091862
283 0.0198561440784314
284 0.0188621141870086
285 0.0172414462137156
286 0.0152710259208812
287 0.0131980880043324
288 0.0112017715551556
289 0.00937316248103784
290 0.00775777438808805
291 0.00637206662625438
292 0.00521200183129388
293 0.00426149163665809
294 0.00349660062974591
295 0.00289037004733391
296 0.00241787571532669
297 0.00206089565928064
298 0.00180319362607501
299 0.0016316030754035
300 0.0015358690983111
301 0.00150414632532859
302 0.00153041723677255
303 0.00161546741436388
304 0.00176487042902017
305 0.00198295169223103
306 0.00227472699108636
307 0.00264482888140498
308 0.00309458069924199
309 0.00361934116068202
310 0.00420361581391711
311 0.00482359896220302
312 0.00547302076799868
313 0.00615436008115499
314 0.00687430729730509
315 0.00763716980312212
316 0.00841738511002857
317 0.00917129807622942
318 0.00984387170551368
319 0.0103755363044137
320 0.0107201208143406
321 0.0108421865627788
322 0.0107186532182618
323 0.0103705553226897
324 0.00993749976919836
325 0.00956994491776949
326 0.00939835080659504
327 0.00951304040749385
328 0.00987114163382511
329 0.0104017909875588
330 0.0110269918085008
331 0.0116677849113133
332 0.0122994515697672
333 0.0129117323362611
334 0.0134810965572032
335 0.01393056264865
336 0.0141639155905833
