1 0.00135361026079445
2 0.0011452981125964
3 0.000980452972445432
4 0.00085128083194261
5 0.000752002853022995
6 0.000678119206669309
7 0.000626052684269852
8 0.000592611008186098
9 0.000575780733030918
10 0.000574840219546004
11 0.000590228752677645
12 0.00062328298771523
13 0.000676794497680715
14 0.00075552542309752
15 0.000866587315771028
16 0.00101916554666359
17 0.00122597085558571
18 0.00150470108433985
19 0.00187888716665962
20 0.00237597497056464
21 0.00302760179210421
22 0.00386807765269927
23 0.00492787478808943
24 0.0062150250979016
25 0.00770042742083351
26 0.00930183846733333
27 0.0108979103162796
28 0.0124353546114901
29 0.0139104053830227
30 0.0153257324538964
31 0.016588881136293
32 0.0175658955897015
33 0.0181186479415227
34 0.0181508530927028
35 0.0177005297794934
36 0.0168638516544349
37 0.015753051888529
38 0.0144749362884458
39 0.013107624804305
40 0.0117152719992272
41 0.0103507670559211
42 0.00904678637299661
43 0.00780123598268276
44 0.00661385583124587
45 0.00549337540779381
46 0.00446180032158932
47 0.00356092629003679
48 0.00281080601641486
49 0.00220880161569465
50 0.00173886364636331
51 0.00137844813280724
52 0.00110570813967833
53 0.000901827575503935
54 0.000751152627899618
55 0.000640430182585844
56 0.000559954058262255
57 0.00050293406894855
58 0.000464584682530939
59 0.000441849624132617
60 0.000433111623815962
61 0.000437927116213581
62 0.00045671656016402
63 0.000491136013174101
64 0.000544419147980979
65 0.000621796571406174
66 0.000730998785777282
67 0.000883584142075751
68 0.00109685473945902
69 0.0013956610031945
70 0.00181101136474117
71 0.00238235145678607
72 0.00315836877279744
73 0.00419515418110524
74 0.00555182704421536
75 0.00728005758907867
76 0.00940725398210605
77 0.0119072562860326
78 0.0146427350703345
79 0.0173438098420015
80 0.0196357980629068
81 0.0211586404538696
82 0.021624981820178
83 0.0208873387133845
84 0.0190424966289647
85 0.0165315353196814
86 0.013823200863262
87 0.0112622277393156
88 0.00903274823166959
89 0.00716502004690836
90 0.00563941592522537
91 0.00441870312297847
92 0.00345764886623521
93 0.00270949014366703
94 0.00213187355564551
95 0.00168867566165677
96 0.0013499795567487
97 0.00109134968095704
98 0.000893836101701627
99 0.000743033761241784
100 0.000628107739448163
101 0.000541044664174734
102 0.00047590837807025
103 0.000428372933135372
104 0.000395304918211141
105 0.000374284979928864
106 0.000363803652440082
107 0.000363176049106763
108 0.000372366932500341
109 0.000392106103948854
110 0.000424022715108767
111 0.000470789473229818
112 0.000536185972265204
113 0.000625717876243009
114 0.000747374600664124
115 0.000912327314364389
116 0.00113477667314174
117 0.00143332751556745
118 0.00183223533779639
119 0.00236212074490563
120 0.00305939777416811
121 0.00396524686246808
122 0.00512261216076309
123 0.00656714044499187
124 0.0083016375764169
125 0.0102778499190291
126 0.0123785736987438
127 0.0144191394416581
128 0.0162043253009884
129 0.0175400024027921
130 0.0182561514906189
131 0.0182680701181914
132 0.0176794008273945
133 0.0166714663969636
134 0.0154121757905941
135 0.0139783966604218
136 0.0124304662905192
137 0.0108314470384335
138 0.0092452583722079
139 0.00773710936825252
140 0.00635621612575819
141 0.00513240011436258
142 0.00408104166252047
143 0.00320992682000936
144 0.00251028838697916
145 0.00196196922991646
146 0.00153998459022164
147 0.00121849309545813
148 0.000975248658710065
149 0.000792308709383164
150 0.000655495206532605
151 0.000553588926554583
152 0.000478303147795606
153 0.000423712437903841
154 0.00038561818933209
155 0.000360976543791397
156 0.000347908274135626
157 0.000345542893328946
158 0.000353843417302875
159 0.000373741009128835
160 0.000407341712696754
161 0.000458200699560809
162 0.000531559907443554
163 0.000635390655932369
164 0.000781829919032965
165 0.000989197700368716
166 0.00128463510340235
167 0.00170903649289957
168 0.00232454224705236
169 0.00322091436928947
170 0.00450158550274543
171 0.00627331430746286
172 0.00861757165454466
173 0.0115435277647544
174 0.0149548795743914
175 0.0185985833294983
176 0.022043066646614
177 0.024753054573579
178 0.0263194903752344
179 0.0265120501479974
180 0.0253079449137514
181 0.0229214857231098
182 0.0198073412555431
183 0.0164409442866439
184 0.0132025490709179
185 0.0103463419115668
186 0.00798534241129484
187 0.00612638373768209
188 0.0047103778097034
189 0.00364191301218638
190 0.00283781197079863
191 0.00223340528940195
192 0.00177968205734049
193 0.0014409104418968
194 0.00118985654689207
195 0.00100590214345238
196 0.00087348623472938
197 0.000780224624451237
198 0.00071757337085685
199 0.000680165316607576
200 0.000664896612152895
201 0.000669984351824166
202 0.000695340150817176
203 0.000742681294907262
204 0.000815518004383816
205 0.000918878467620159
206 0.00106009875753631
207 0.00124895919399678
208 0.00149567257422366
209 0.00181119101780226
210 0.00220640143057161
211 0.00269123243133866
212 0.00327731938439827
213 0.00397504960877346
214 0.00479048814969552
215 0.00572829931232381
216 0.0068142234860156
217 0.00809313615635114
218 0.00963125068637827
219 0.011501476391559
220 0.0136885379365461
221 0.0160932913717511
222 0.018527153794329
223 0.0207266140838365
224 0.0224537869713586
225 0.0234974603892678
226 0.0236935306558072
227 0.0229831950004571
228 0.0214936894007774
229 0.0194390509435796
230 0.0170544280586862
231 0.0145705357490134
232 0.0122078162523479
233 0.0101099269035362
234 0.00832850855419228
235 0.00682474498738986
236 0.00555387554070738
237 0.00448107706503338
238 0.00358160993412087
239 0.00284261277242921
240 0.00224743809142547
241 0.00177573039353376
242 0.00140690981406822
243 0.00112254328230726
244 0.000905996220158191
245 0.000742974570106423
246 0.000621533065851418
247 0.000531424550141926
248 0.00046508349878485
249 0.000417211296921097
250 0.000384136762371687
251 0.00036330519045066
252 0.000353191099904701
253 0.000353180259019257
254 0.000363460117026358
255 0.000384886980724868
256 0.000419273315818576
257 0.000469699009344571
258 0.000540859513529363
259 0.000639337448854241
260 0.000774653748798956
261 0.000960505155043225
262 0.00121596562198833
263 0.00156789716199856
264 0.0020541345509119
265 0.00272396500013701
266 0.00362265770763919
267 0.00478096116029657
268 0.00619567957914275
269 0.00781451032228859
270 0.00957075104784322
271 0.01137450677925
272 0.0131094423122745
273 0.0146423396327557
274 0.0158357581750005
275 0.0165679611722158
276 0.0167527086249084
277 0.016350487908102
278 0.0153657630056071
279 0.013866153819639
280 0.0119814552741855
281 0.00990313223753448
282 0.00787996073560731
283 0.00608678025477639
284 0.00460230127651612
285 0.00343330405337292
286 0.00254676067285303
287 0.00189320866762554
288 0.00142032484366401
289 0.00107941427346078
290 0.000833440560691564
291 0.000655718308791074
292 0.000527068387128284
293 0.000433518407931514
294 0.000365346519864993
295 0.000315881271477377
296 0.000280523144660365
297 0.000256039064883134
298 0.000240294333747348
299 0.000231999621238745
300 0.0002305171446507
301 0.000235718885820795
302 0.000248040626065113
303 0.000268565589007545
304 0.000299146070105404
305 0.000342536378714212
306 0.000402856009767467
307 0.000486229320608463
308 0.000601656201881314
309 0.000762079503937705
310 0.000986423725680215
311 0.00130200243073292
312 0.00174565059524205
313 0.00236710360160863
314 0.00323222581217183
315 0.00442035516747696
316 0.00599661727126239
317 0.00798421777453179
318 0.01032414872777
319 0.012836534357269
320 0.0152249355647404
321 0.0170988228055774
322 0.0180500265083668
323 0.0178296719121175
324 0.0166010359779125
325 0.01471858881751
326 0.0125528521864435
327 0.0104006951473481
328 0.00844521558550018
329 0.0067775369340486
330 0.0054220000566084
331 0.00435563005110579
332 0.00352136290249266
333 0.00286776716279144
334 0.00235426652265713
335 0.00194790933570328
336 0.00162370695420912
