1 0.00060664791535673
2 0.000557011338753129
3 0.000523476158172477
4 0.00050472094603554
5 0.000499852555792581
6 0.000508929437619486
7 0.000533115255968755
8 0.00057463553395585
9 0.000637331398103391
10 0.000727331279416247
11 0.000853851547290285
12 0.00102989742382304
13 0.00127450201185514
14 0.00161581451734677
15 0.00209380155584721
16 0.00275711278383823
17 0.00366479922979816
18 0.00488450113778615
19 0.00648476520927186
20 0.00852191508262945
21 0.0110169550487743
22 0.0139254220228467
23 0.0171176690777601
24 0.0204087485870522
25 0.0235551136760995
26 0.0262684260768834
27 0.0282188553806265
28 0.0289746883418497
29 0.0281792205119775
30 0.0257760555920842
31 0.0222180284450683
32 0.0181207415438557
33 0.0140422504263729
34 0.0104005838152224
35 0.00745526862314116
36 0.00524650336630726
37 0.00367750571495411
38 0.0026000864714495
39 0.0018636160955711
40 0.00135831810512822
41 0.00100983277211967
42 0.000767891538674471
43 0.000598245356234401
44 0.000478181632673361
45 0.000392683144833622
46 0.000331699799001879
47 0.000288330751927042
48 0.000257979957263497
49 0.000237648981330022
50 0.000225428920564718
51 0.000220155259229814
52 0.000221299015144763
53 0.000228900034656423
54 0.000243541160909322
55 0.000266342639565242
56 0.00029915181149502
57 0.000344781028987017
58 0.000407309651028318
59 0.000492653399755485
60 0.000609394291402483
61 0.00076969313147086
62 0.000989455313399257
63 0.00128987585288568
64 0.00169896182765334
65 0.00225295553757672
66 0.00299825207221472
67 0.00399191022278594
68 0.0053007416918244
69 0.00698947784552309
70 0.00906747960854994
71 0.011453689655568
72 0.0139430951359634
73 0.0162238134969958
74 0.0180337852777846
75 0.0191748773709065
76 0.0195266218780513
77 0.0190729380674468
78 0.0179194374602031
79 0.0162439757607375
80 0.0142468250321449
81 0.0121074851922687
82 0.0099821607323986
83 0.00799410032707658
84 0.00623355705257535
85 0.00476596729507655
86 0.00360212421600921
87 0.00271343614407076
88 0.00205254689640427
89 0.00156639983141095
90 0.00121076053340993
91 0.000951624257646244
92 0.000763255281185077
93 0.000626019899368027
94 0.000525991174769191
95 0.000453520480267707
96 0.000401902676200244
97 0.000366367812573162
98 0.000343775466560547
99 0.000332262848966014
100 0.000330951148827886
101 0.000339702867359415
102 0.000359255549870084
103 0.00039137403396012
104 0.000439077067867693
105 0.000506955585545475
106 0.000601949237026129
107 0.000734264369858464
108 0.000917992786326964
109 0.00117320030427329
110 0.00152861889314996
111 0.00202467433955059
112 0.00271541326098641
113 0.00367215952646678
114 0.00498635350044768
115 0.00676097526545027
116 0.00905525154501374
117 0.0118364028087921
118 0.014920947978686
119 0.017975084181091
120 0.0207221480774274
121 0.0229506720167262
122 0.0245149830539052
123 0.0253177151704894
124 0.0252100517341548
125 0.0241032232254107
126 0.0220327077047875
127 0.0192079042532807
128 0.0160550513493951
129 0.0129613277297103
130 0.0101821558181916
131 0.00784412621298735
132 0.0059758818615248
133 0.00454084307690881
134 0.0034669410752216
135 0.00266607492166111
136 0.0020673106249725
137 0.00161819187209825
138 0.00128020755670228
139 0.00102546109404455
140 0.000833227445022035
141 0.000688063245338369
142 0.000578534549145068
143 0.000496239549490968
144 0.000435052054446362
145 0.000390575266365338
146 0.000359675118305962
147 0.000340015639610021
148 0.000330151811202058
149 0.000329456334542795
150 0.000338022100959785
151 0.000356576177896515
152 0.000386693617507364
153 0.000431058393055381
154 0.000493781759017329
155 0.000580703858743805
156 0.000700348016367415
157 0.000865077131661052
158 0.00109223964689839
159 0.00140658352829017
160 0.00184355134100336
161 0.0024513959046469
162 0.00328368651021299
163 0.0043953663718739
164 0.00583193542253768
165 0.00761297961205813
166 0.00972512147094942
167 0.0120993534919787
168 0.0145920886085191
169 0.0169945065370341
170 0.0191033214143599
171 0.0207320349458861
172 0.0217278403536269
173 0.0219881386294349
174 0.021457014108061
175 0.0201560200608933
176 0.0181928954215047
177 0.0157602133871286
178 0.0131275569434119
179 0.0105416666651441
180 0.00818295876701717
181 0.0061663606108397
182 0.00455711253435455
183 0.00334189008788696
184 0.00245758711814778
185 0.00182233787069624
186 0.00136831697437317
187 0.00104474297896779
188 0.000814208963076663
189 0.000649038555728917
190 0.000530068065981422
191 0.000444257706532981
192 0.000382665856888125
193 0.000339020034660601
194 0.000309112001994507
195 0.000290238165746603
196 0.000280772773527261
197 0.000279855594345183
198 0.000287381461948385
199 0.000304015799483469
200 0.000331251924262626
201 0.000371483917008278
202 0.000428430685553043
203 0.000507713645383241
204 0.000617615201831426
205 0.000769913314551973
206 0.000981697009961024
207 0.00127756148262978
208 0.00169122061744555
209 0.0022690590953121
210 0.00307414301508549
211 0.00418430229062253
212 0.00566100433556257
213 0.00752132172388892
214 0.00969663860596083
215 0.0120183395030285
216 0.0143365551762609
217 0.0165205659889931
218 0.0184578008424124
219 0.0200505556495446
220 0.0211644805888278
221 0.021676516418851
222 0.0215088681375314
223 0.0206434654925913
224 0.019126509141283
225 0.0170714390046491
226 0.0146472005358996
227 0.0120741332840795
228 0.0096205782757078
229 0.00746752627452691
230 0.00569135269576135
231 0.00429198950257838
232 0.00322379444882554
233 0.00242707741334941
234 0.00184233467070575
235 0.00141598063472207
236 0.0011061126473719
237 0.000881534516225216
238 0.00071916067216451
239 0.000601500379837221
240 0.000516358436276155
241 0.000455462222711829
242 0.000413190338494278
243 0.000385640161494009
244 0.000370354350132093
245 0.000366036193677894
246 0.000372316067303001
247 0.000389545093619827
248 0.000418967621429735
249 0.000462911558988719
250 0.000524955183167069
251 0.000609875785790911
252 0.000724331341060351
253 0.000877587675183854
254 0.0010822800324668
255 0.00135506141755292
256 0.00171782893906317
257 0.00219902909137861
258 0.00283481423159791
259 0.00366960097562337
260 0.00475614727479564
261 0.00615152639770187
262 0.00789939339735706
263 0.0100161542610824
264 0.0124720514802646
265 0.0151594766312617
266 0.0178332353070083
267 0.0201203696727633
268 0.0215771823561328
269 0.0218422224447466
270 0.02089833567902
271 0.0189599686394949
272 0.0163613505110209
273 0.0134864616074538
274 0.0107150135561937
275 0.00829089408091868
276 0.00631373038241145
277 0.00477593371342424
278 0.00360221217454856
279 0.00271564574020535
280 0.00205124911368144
281 0.00155644260829646
282 0.0011903630147426
283 0.000920874724685808
284 0.000722975828266973
285 0.000577328133982152
286 0.000469846420987155
287 0.000390463252539944
288 0.000331952201891595
289 0.00028901443562384
290 0.000257936869935757
291 0.000236188105726002
292 0.000222083349777983
293 0.000214535282016322
294 0.000212999986495714
295 0.000217436128549464
296 0.000228291526782338
297 0.000246510381484655
298 0.000273722679953615
299 0.000312506390390792
300 0.000366750148142979
301 0.000442110173736129
302 0.000546981677516299
303 0.000693950554822267
304 0.000901780520709996
305 0.0011975307944017
306 0.00162088366097415
307 0.00223025185951256
308 0.00310884058220813
309 0.00436130988344719
310 0.00611210352872476
311 0.00847993897395888
312 0.0114684583816416
313 0.014865992271495
314 0.0181659029383084
315 0.0206651894549504
316 0.0219379181091934
317 0.021862557853764
318 0.0205692322102209
319 0.0183818265987661
320 0.0157353176794806
321 0.0130205661402568
322 0.0105112939468401
323 0.00835214328817053
324 0.00657767482012629
325 0.00516775528181394
326 0.00407680356031363
327 0.00324697398135981
328 0.00261332199329474
329 0.00212512390081462
330 0.00174569651084429
331 0.00144838484441006
332 0.00121385976699221
333 0.00102774374295589
334 0.000879615929278842
335 0.000762867930316938
336 0.000672370313521521
