1 0.00815479563074121
2 0.00485686007508532
3 0.00286451685490395
4 0.00170679050978003
5 0.00103694854882831
6 0.000646523578671547
7 0.000416027058147586
8 0.000277072696113352
9 0.000191385678394495
10 0.000137394717454327
11 0.000102693841964404
12 7.99622972694083e-05
13 6.48807044055789e-05
14 5.48728433287266e-05
15 4.83835774749265e-05
16 4.4471811899157e-05
17 4.26020808658949e-05
18 4.25254211702565e-05
19 4.42209200940377e-05
20 4.78812442020421e-05
21 5.39554806248471e-05
22 6.32429358079053e-05
23 7.70523114478568e-05
24 9.74352531247527e-05
25 0.000127667306912268
26 0.000173042136678947
27 0.000242255701266379
28 0.000349989046849578
29 0.000521392033555973
30 0.000798794123101577
31 0.00124553826742536
32 0.00195243933538374
33 0.00303899592600699
34 0.00464526248281094
35 0.00693246145904312
36 0.010055502961158
37 0.0141131627128302
38 0.0190960327107151
39 0.0248847723056337
40 0.0312257337496501
41 0.0377277707298013
42 0.0436846517011838
43 0.0473408597743313
44 0.0466717550254978
45 0.0406427646191775
46 0.0306295421488736
47 0.0204517142143115
48 0.0125507114232639
49 0.00735840108258457
50 0.00427181890255232
51 0.00250508040325973
52 0.00150741056635605
53 0.000945295077233472
54 0.000625650333757789
55 0.000437873076260135
56 0.000323785517573811
57 0.00025275044350861
58 0.000208111389928679
59 0.000180598620684922
60 0.000165040724810237
61 0.000158627662469222
62 0.000159872037349882
63 0.000168374624895492
64 0.000184669714708978
65 0.000210184885621262
66 0.00024730737427032
67 0.000299648977883283
68 0.000372424599532886
69 0.000472294994753245
70 0.00060450540238523
71 0.000771352974813536
72 0.000969235007387317
73 0.00118679300786088
74 0.00141151492857771
75 0.00162833269714724
76 0.00181941492139135
77 0.00197257674308148
78 0.00210583450052646
79 0.00225357242863909
80 0.00246004461885532
81 0.00278234655298271
82 0.00331007146250601
83 0.00420485494571262
84 0.00575089500114605
85 0.00831319024782368
86 0.0123843628762241
87 0.0185369218997748
88 0.0271306233261825
89 0.0375239199162196
90 0.0473870179524324
91 0.0528837901680091
92 0.0509211339569526
93 0.0426974560345257
94 0.0316879611845845
95 0.0211628110398196
96 0.0129681198504148
97 0.00748371777506921
98 0.00418358496701604
99 0.00233080369199968
100 0.00132581336894161
101 0.000775851657492019
102 0.000468640715595861
103 0.00029313492469775
104 0.000190405223220679
105 0.000128598473097924
106 9.03926388872764e-05
107 6.6176421231945e-05
108 5.04711039390714e-05
109 4.01040629215409e-05
110 3.32029098640193e-05
111 2.86428624558021e-05
112 2.57405077706826e-05
113 2.40913136161793e-05
114 2.34762491114131e-05
115 2.3811548492344e-05
116 2.51268456610471e-05
117 2.75717343102368e-05
118 3.14449051010144e-05
119 3.72525501509829e-05
120 4.58080022396491e-05
121 5.84172916225351e-05
122 7.71953167096411e-05
123 0.000105602645006829
124 0.000149341158315571
125 0.000217992057974563
126 0.000327937338173935
127 0.000507334694251659
128 0.000803444371502195
129 0.00129569154434742
130 0.00211658539909532
131 0.00347699319481628
132 0.00565879699664942
133 0.00897174897546344
134 0.0136494915724106
135 0.0197666750838474
136 0.0270831816906846
137 0.0349129963402286
138 0.0420239941812628
139 0.046428200331741
140 0.0461598453772744
141 0.0404395880761731
142 0.0307935465095445
143 0.0208643706588549
144 0.0130230379951818
145 0.00776781930412975
146 0.00457779154370838
147 0.00270946711910801
148 0.00162973536881504
149 0.00100785880357083
150 0.00064720010993101
151 0.000433104208463761
152 0.000302635004122426
153 0.00022124042801272
154 0.000169472300415221
155 0.000136023416368813
156 0.000114348468941983
157 0.000100628192364634
158 9.26096571061327e-05
159 8.90359677861024e-05
160 8.9324854126396e-05
161 9.33897075489877e-05
162 0.000101521355804788
163 0.000114460743841639
164 0.000133507389626052
165 0.000160707641635807
166 0.000199195831409087
167 0.000253682308563983
168 0.000331221895950521
169 0.000441703279770391
170 0.000595576882672062
171 0.000802539128208036
172 0.00106817671621463
173 0.00139226498032958
174 0.00178338993210528
175 0.00225984868336574
176 0.00285153688378319
177 0.00360800381352531
178 0.00461677001671921
179 0.0060274379316084
180 0.00809919729268483
181 0.011237147424143
182 0.015806509135465
183 0.0220176057944259
184 0.0296665543866478
185 0.0377451507585115
186 0.0442967760575542
187 0.046867170967085
188 0.043924681247303
189 0.036630149657507
190 0.0274362845850303
191 0.018635294475296
192 0.0116341760118386
193 0.00685363731174818
194 0.00392557976824463
195 0.00225313437591743
196 0.00132934512617647
197 0.000811853381909781
198 0.000514359951606786
199 0.0003387882368063
200 0.000232420370904415
201 0.000166245922588473
202 0.000124082436770867
203 9.67165169650971e-05
204 7.8769402063526e-05
205 6.69993167623425e-05
206 5.94725552850713e-05
207 5.5049494235272e-05
208 5.30832363955433e-05
209 5.32703346148792e-05
210 5.55768537329296e-05
211 6.02140187975622e-05
212 6.7646247429914e-05
213 7.86751563308621e-05
214 9.45767729402095e-05
215 0.000117302940400012
216 0.000149731697166657
217 0.000196164772176041
218 0.000263058146753422
219 0.00035998284079386
220 0.000500506640031013
221 0.000703701266308187
222 0.000995787324503122
223 0.00141434265066981
224 0.00202680524201798
225 0.0029514923474913
226 0.00439851581566914
227 0.0067200944198463
228 0.0103293054056884
229 0.0155955319809189
230 0.0225889246784931
231 0.0307274564727904
232 0.0387243533119518
233 0.0447087383670535
234 0.0469278243784406
235 0.0450295287498369
236 0.039814256254899
237 0.0326755375245857
238 0.0250735511948921
239 0.0181308703632458
240 0.0124591054623239
241 0.00820885246280695
242 0.00524007808900775
243 0.00329165916524996
244 0.00206934408014049
245 0.00132400334611554
246 0.000874737855849346
247 0.000600030538699757
248 0.000428700602207558
249 0.000320026230437637
250 0.000250269264699321
251 0.000205155047717746
252 0.000176299485152716
253 0.000158837813145863
254 0.000150002723808005
255 0.000148276480189663
256 0.000153153782722905
257 0.000165013547222401
258 0.00018511512538927
259 0.000215699702055808
260 0.000260397699957133
261 0.000324652852478543
262 0.000415616042026372
263 0.00054284087265132
264 0.000718745016982829
265 0.000958231267858956
266 0.00127602553016732
267 0.00168306619555699
268 0.00218051636343256
269 0.00275848668652152
270 0.00342091196870541
271 0.0041854408282675
272 0.00508430099852139
273 0.00617117625792838
274 0.0075319023644411
275 0.00930198614083703
276 0.0116971312197421
277 0.0150194083287851
278 0.0194929508888142
279 0.0252324044059264
280 0.0321505287226842
281 0.0396496186638009
282 0.0458137911184288
283 0.0478536456176177
284 0.0439759012750954
285 0.0358423163501454
286 0.0263407438648584
287 0.0177577151197017
288 0.0111889737762268
289 0.00672566844844405
290 0.00393935450662747
291 0.00229667987483796
292 0.00135772505277721
293 0.000820278453657114
294 0.000509036149752165
295 0.000326091670882956
296 0.000216558202739294
297 0.000149298320268766
298 0.000106922477173118
299 7.95979863604574e-05
300 6.16310186310617e-05
301 4.96423563089038e-05
302 4.16019842189136e-05
303 3.62774548788002e-05
304 3.29183547932945e-05
305 3.10739099483775e-05
306 3.05037435690006e-05
307 3.11281101853391e-05
308 3.30090675971986e-05
309 3.63593175037112e-05
310 4.1583094058846e-05
311 4.93499290832462e-05
312 6.07028149011046e-05
313 7.72860036935316e-05
314 0.000101713671656752
315 0.000138202376878121
316 0.000193731497154359
317 0.000280012541892135
318 0.000417049533628399
319 0.000638535177102158
320 0.000995392742509974
321 0.00156189374142969
322 0.00243881653216652
323 0.00375494197105693
324 0.00570140614572641
325 0.00855753887112058
326 0.0127256797128442
327 0.0186940905690945
328 0.0265153939275551
329 0.0353452853753174
330 0.0431541889268909
331 0.0472408959868547
332 0.046008524140163
333 0.0396244447312597
334 0.0301181179573738
335 0.0206341274479647
336 0.0131098711053065
