1 0.00189976725409864
2 0.00171543294633232
3 0.00157168176618593
4 0.00146285131653334
5 0.00138424844914195
6 0.00133257257486257
7 0.0013057654328102
8 0.00130248458180735
9 0.0013225091186916
10 0.00136687376060876
11 0.001437752305891
12 0.00153793818090745
13 0.00167148804946495
14 0.00184411072558768
15 0.00206314996651369
16 0.00233669548813665
17 0.00267423476185568
18 0.00308688799991099
19 0.0035858838526172
20 0.00417625941392059
21 0.00485614676134451
22 0.00561449130330326
23 0.0064299918997206
24 0.00727790402817194
25 0.00812601006114623
26 0.00893319293963393
27 0.00965027233645317
28 0.0102201705765864
29 0.0105853031627733
30 0.0107048680510796
31 0.0105892963349584
32 0.010273010876218
33 0.00979955405254178
34 0.00921267685346436
35 0.00854426881450192
36 0.00782300489319685
37 0.0070759177484908
38 0.00632886695872822
39 0.00560937696401541
40 0.00493838869473601
41 0.00432890339117548
42 0.00378720269143788
43 0.00331411913829623
44 0.00290718068171105
45 0.00256198470236825
46 0.00227284784020394
47 0.00203287369938784
48 0.00183567251180434
49 0.00167580288733379
50 0.00154866406380007
51 0.00145018991008818
52 0.00137726706463349
53 0.00132778844075485
54 0.00130043848222303
55 0.00129419224367158
56 0.00130886423968988
57 0.0013451456288403
58 0.00140420147558968
59 0.00148810905007886
60 0.00160009069083034
61 0.00174443955560942
62 0.00192583091402488
63 0.00214990082423286
64 0.00242350183315354
65 0.00275387919078008
66 0.00314512863954001
67 0.00359837266061146
68 0.00411085298354171
69 0.00467571801110574
70 0.00528657923814371
71 0.00593442597070559
72 0.00660586379094466
73 0.00728214382662846
74 0.00793675757874774
75 0.00853727706989911
76 0.00904748558033472
77 0.00943143263951583
78 0.00966163870243287
79 0.00971840893257999
80 0.00959262304040225
81 0.0092924412935608
82 0.00883697131884171
83 0.00825250892532202
84 0.00757410271736475
85 0.00685180802906702
86 0.00613064518406597
87 0.00544424170622623
88 0.00481359872639882
89 0.00424551133075859
90 0.00374118205323956
91 0.00329912406122043
92 0.00291618180571545
93 0.00258857623370613
94 0.00231187576871386
95 0.0020813832824705
96 0.00189244534452089
97 0.00174048120790615
98 0.00162163666252476
99 0.0015329892141277
100 0.00147233268154038
101 0.00143748337095445
102 0.00142723408038744
103 0.00144161079710019
104 0.00148176122191334
105 0.00154957418046131
106 0.00164827222424014
107 0.0017825687836249
108 0.0019581436508307
109 0.00218244631999712
110 0.00246525708745662
111 0.00281839331458235
112 0.00325308720045993
113 0.00378060789678345
114 0.00441180860690714
115 0.0051540058039437
116 0.00600201732352918
117 0.00693579745318258
118 0.00791722565479601
119 0.00889110820984407
120 0.00980025030346595
121 0.0105828272205724
122 0.011174689551342
123 0.0115235987377547
124 0.0116189459649663
125 0.0114745701793451
126 0.0111187493332203
127 0.0105893753786019
128 0.00992853811153373
129 0.00917903069190063
130 0.00838111942854613
131 0.00757044328956842
132 0.00677738335279796
133 0.0060249860968604
134 0.00532926262209659
135 0.00470085805473907
136 0.00414475969572148
137 0.00366141550788837
138 0.00324711080792929
139 0.00289289501634245
140 0.00258999309175356
141 0.00233097282266594
142 0.00211006300756199
143 0.00192415685544209
144 0.00177069883658032
145 0.00164732910250372
146 0.00155185273674665
147 0.00148177284877312
148 0.00143526080197567
149 0.00141141507190098
150 0.00141009264629436
151 0.00143138094333258
152 0.00147625277184103
153 0.00154684519121106
154 0.0016464137888787
155 0.00177883185718753
156 0.00194928297944719
157 0.00216438563611659
158 0.00243127167861121
159 0.00275820311152926
160 0.00315476580980313
161 0.00363031041351359
162 0.00418774110282612
163 0.00482319965504309
164 0.00552425441915698
165 0.0062671895144867
166 0.00701540077779436
167 0.00771875927529546
168 0.00831568029001078
169 0.0087481895496603
170 0.00900140747926237
171 0.00908327832851726
172 0.00901317617129348
173 0.00881471698198709
174 0.00850265327729338
175 0.00809221275649482
176 0.00760145520457989
177 0.00705120734392638
178 0.00646657397797074
179 0.00587095165625314
180 0.00528381317768387
181 0.00472189972361668
182 0.00420256853446524
183 0.00373753857464712
184 0.00333118291039111
185 0.00297929240392742
186 0.00267615949636454
187 0.00241644695187829
188 0.00219524011774389
189 0.00200799916875952
190 0.00185075881341962
191 0.00172015952382519
192 0.00161337607789174
193 0.00152797765773087
194 0.00146206606923903
195 0.00141429321607004
196 0.00138385339255658
197 0.00137051129399085
198 0.0013746199124173
199 0.00139718976830452
200 0.00143977178079873
201 0.0015038377400683
202 0.00159150624387532
203 0.00170587151160576
204 0.00185085411278205
205 0.00203026030027139
206 0.0022484205780115
207 0.0025102931709686
208 0.00282095897232974
209 0.00318552700315539
210 0.00360881725376671
211 0.00409403758627355
212 0.00463890476378051
213 0.00523538148417836
214 0.00586875424524556
215 0.00651771590709696
216 0.00715880162207064
217 0.00776452213651089
218 0.00830337270895638
219 0.00874423235875053
220 0.00906730177397925
221 0.00925994922691364
222 0.00931527537380123
223 0.0092303117610342
224 0.00899982531151396
225 0.00862395083159315
226 0.00811122935425892
227 0.00748281142789749
228 0.00678088049019866
229 0.00604835152306172
230 0.0053211704545908
231 0.00462854297399925
232 0.00399593759853448
233 0.00343843179952939
234 0.0029605309923704
235 0.00255748124911801
236 0.00222188592242352
237 0.00194594462499415
238 0.00172181548405375
239 0.00154133955269594
240 0.0013976172439655
241 0.00128522266883088
242 0.00119987589618464
243 0.00113792599742071
244 0.00109675355985618
245 0.00107477753540869
246 0.00107125474922179
247 0.00108591298804252
248 0.00111928797022565
249 0.00117286823761969
250 0.00124906729300256
251 0.00135092754091423
252 0.00148258907314069
253 0.00164962163176634
254 0.00185897553247258
255 0.002117955161795
256 0.00243478414179728
257 0.00281871510716636
258 0.00327942530106728
259 0.00382525174931293
260 0.00446232775050862
261 0.00519264032178274
262 0.00600999092167941
263 0.00689790296335316
264 0.00782748741011956
265 0.0087588420308231
266 0.00965245991871625
267 0.0104663015595936
268 0.0111560483023177
269 0.0116783057644485
270 0.0119939252690489
271 0.0120726733420922
272 0.0118973153108591
273 0.0114739465082376
274 0.0108522682901716
275 0.010094264068777
276 0.00925931836521624
277 0.00839712565791823
278 0.00754032477316958
279 0.00671290500849842
280 0.00593264055557735
281 0.00521160887751212
282 0.00455717313260809
283 0.00397233061531271
284 0.00345745144242697
285 0.00301294829312766
286 0.00263648153771841
287 0.0023234258877804
288 0.00206759573508664
289 0.00186100428704804
290 0.00169657604162907
291 0.00156870802802363
292 0.00147295396299526
293 0.00140539677237223
294 0.0013633040119487
295 0.00134521332509743
296 0.00135068802020966
297 0.00137977063678211
298 0.00143353823167256
299 0.00151434282703605
300 0.00162575046673432
301 0.00177199777409705
302 0.00195865097467757
303 0.00219300573853407
304 0.00248372523449639
305 0.00283854255791993
306 0.00326475905255776
307 0.00376883275919647
308 0.00435475344686666
309 0.00502087850409824
310 0.00575812060786701
311 0.00654940079973138
312 0.00737398432210192
313 0.00820448979586133
314 0.00900579395569185
315 0.0097394897270425
316 0.0103778600316769
317 0.0108992524279658
318 0.0112865397484392
319 0.0115245544051994
320 0.0115899675756072
321 0.0114629394696278
322 0.0111332547729655
323 0.0106082364366376
324 0.00992799771768891
325 0.0091413415113016
326 0.00829509288463914
327 0.00743045802633222
328 0.00658041421600634
329 0.00577008415376735
330 0.00501710955249032
331 0.00433411694344773
332 0.00373314710046642
333 0.0032189309578026
334 0.00278875150569033
335 0.00243342760118471
336 0.00214312873589005
