1 0.0405892224242864
2 0.0361892299668029
3 0.0288805445654297
4 0.0204183731198944
5 0.0133824282048977
6 0.0086449579648803
7 0.00581670442240939
8 0.00418403337376816
9 0.00327738112116111
10 0.00284698044931402
11 0.00277956975017331
12 0.00303330445093868
13 0.00366206048362367
14 0.00484037464777819
15 0.00689477552168295
16 0.0102028237941998
17 0.0150428097275399
18 0.0212034739890584
19 0.0276889264716612
20 0.0336573901197546
21 0.0385996417938775
22 0.0423184918105973
23 0.0449173803107569
24 0.0466977405618114
25 0.0480935144830192
26 0.0496203039931061
27 0.0514433650607445
28 0.0520375837487971
29 0.0494668662269106
30 0.0430526599991747
31 0.0350756133547626
32 0.0277084731385955
33 0.0220103696718413
34 0.0181494985189491
35 0.0156974595662597
36 0.0143084385265283
37 0.0138084664187964
38 0.0141507168206194
39 0.0153521792198083
40 0.0175508894618328
41 0.0210413430221173
42 0.0261993748466411
43 0.0329361317888528
44 0.040474248625692
45 0.0471191086508764
46 0.0506791461066872
47 0.0501758907477319
48 0.0457660145433326
49 0.0384520086809237
50 0.0298429651700092
51 0.0217590819981383
52 0.0152253019611964
53 0.0104528765225428
54 0.00720511804109488
55 0.0051114432495746
56 0.00382709660892001
57 0.00309229998706562
58 0.00272590136636852
59 0.0026425212861698
60 0.00283944890024035
61 0.00339141700980476
62 0.0044257259806656
63 0.00617098857829817
64 0.00898964753406219
65 0.0133492073759473
66 0.0195563625781776
67 0.0273150773237339
68 0.0351942539552148
69 0.0409599185060069
70 0.0439985321827943
71 0.0450078393587887
72 0.0452106393304475
73 0.0456358762371067
74 0.0459707841102071
75 0.0455529937191466
76 0.0437662309225579
77 0.0403475830044342
78 0.035912163984645
79 0.0311859769633989
80 0.0267026633124721
81 0.0227765817844671
82 0.0195543201749216
83 0.0170744419653408
84 0.0152909461029592
85 0.0140431163758887
86 0.0131961496033864
87 0.0126584168960203
88 0.0124080980365663
89 0.0126100572319549
90 0.0135253034986745
91 0.0155830345788534
92 0.0194224562027733
93 0.0253148784578208
94 0.0330269876716023
95 0.0413271720367715
96 0.0477865435962963
97 0.0500230135849526
98 0.0465906915690162
99 0.0378697376129676
100 0.0266444415398946
101 0.0169836125527769
102 0.0104349209228536
103 0.00658831849681782
104 0.00451776569139721
105 0.00342806895639123
106 0.00290489929920357
107 0.00276847615127192
108 0.00296607742687831
109 0.00356373040077214
110 0.00478944939693466
111 0.007120341310864
112 0.0112016593638147
113 0.017691177875257
114 0.0266264184178667
115 0.0366014566208766
116 0.0455265100909319
117 0.0511881381948151
118 0.0519427431257711
119 0.0477158786545162
120 0.0407273194619905
121 0.0333576521398518
122 0.0271030511192308
123 0.022462744908858
124 0.0190513167168575
125 0.0164823497104362
126 0.014497727458025
127 0.012926063487038
128 0.0116659729369413
129 0.0106472278202559
130 0.0098169767332518
131 0.00915225936483645
132 0.00870101005363515
133 0.00852334628846144
134 0.00867687348438206
135 0.00919118657936982
136 0.0101243956161935
137 0.0115895193807263
138 0.0137464540301919
139 0.0166980725128793
140 0.0204871241035262
141 0.0250422203740089
142 0.0300395987495885
143 0.0346291741339585
144 0.0375248787496955
145 0.037389977360007
146 0.0337173671108351
147 0.0278049570036319
148 0.0213285826461603
149 0.0154882171973177
150 0.0108615914694425
151 0.00755883969360392
152 0.00537500021425529
153 0.0040215113131005
154 0.00325030403091507
155 0.00287945193373662
156 0.00282852256464573
157 0.0031003964297693
158 0.00373833673081008
159 0.00486264623609988
160 0.00669092887529217
161 0.00953345919479745
162 0.0136788024391391
163 0.0191930027059236
164 0.0255883614592331
165 0.0317522089687272
166 0.0369937448305712
167 0.0411072432459987
168 0.0442382050110062
169 0.0465862702299116
170 0.0475988314367191
171 0.0465636218199106
172 0.0430249957016541
173 0.0372480791481056
174 0.0306889881255124
175 0.0246013329993741
176 0.019629858856192
177 0.0159229502745301
178 0.0132988517773361
179 0.0115581204359168
180 0.0105635955293117
181 0.0102143795446671
182 0.010328464669896
183 0.0107471322527788
184 0.0113571895076625
185 0.0121730339815442
186 0.0132551098667751
187 0.0146865909684973
188 0.0165495097165936
189 0.0187979803524973
190 0.0212889493860804
191 0.0237801160408428
192 0.0259105303792819
193 0.0271964383024824
194 0.0271473595747546
195 0.0254363368367422
196 0.0221915508381193
197 0.0182632484500279
198 0.0144436394837418
199 0.0111863499811632
200 0.0086439089057945
201 0.00677570041444856
202 0.00547543053101983
203 0.00463553708404856
204 0.00418547579692746
205 0.00413162716417962
206 0.0045784526559577
207 0.00578378921839663
208 0.00809554375509119
209 0.0120676357442797
210 0.0184105799135271
211 0.0276153990522342
212 0.0390801971111325
213 0.0501497836994465
214 0.056211872678755
215 0.0540148205152267
216 0.046990300991633
217 0.0398249775025069
218 0.035451927657189
219 0.0350320172713581
220 0.0373017673659132
221 0.0406610382410722
222 0.0431258748920156
223 0.0427913159683811
224 0.0399201115816699
225 0.0355705124643252
226 0.0307552128894964
227 0.0262472644816844
228 0.0225838620100398
229 0.0200363103052195
230 0.0187480252198878
231 0.0187652365589751
232 0.0197014620001666
233 0.0210957221426242
234 0.022547651743881
235 0.0241643155540731
236 0.026251870048657
237 0.0292250266632458
238 0.0334611308395395
239 0.0384574559112359
240 0.0430253796061793
241 0.0454638372707476
242 0.0442290090077034
243 0.0392966282896817
244 0.031745428355263
245 0.0232014672005232
246 0.0154151425301243
247 0.00973718411884533
248 0.00618462024584248
249 0.00418003370793304
250 0.00315186202619934
251 0.00267754849911179
252 0.00256330765682776
253 0.00276568122596821
254 0.00335069034074754
255 0.00447439139031544
256 0.00643974835396373
257 0.00976585407965787
258 0.0151975442720892
259 0.0233042535653083
260 0.0337227596251694
261 0.0444651803961569
262 0.0529762143065572
263 0.0569139103130694
264 0.0549629205446696
265 0.047971867304841
266 0.0396282728855407
267 0.0328329011777993
268 0.0289600831829748
269 0.0283826400417366
270 0.0300722339349431
271 0.0329223903334626
272 0.03560291772869
273 0.0367119071481258
274 0.036156226755914
275 0.0343765537455937
276 0.0318902065148732
277 0.0291357669533184
278 0.0263249819467711
279 0.0235899117319302
280 0.021026260417346
281 0.018774227743549
282 0.0171986906096093
283 0.0166262229816188
284 0.0172619732638434
285 0.0187780407097965
286 0.0206617982480093
287 0.0222038176901011
288 0.022593126336148
289 0.0214311359625371
290 0.0187240313678311
291 0.014880697191129
292 0.0107293120486885
293 0.00729182575415123
294 0.00490643120027463
295 0.00343492472820674
296 0.00260935325797617
297 0.00217454534643187
298 0.00199414933855313
299 0.00201834949592614
300 0.00225438961605586
301 0.00274459622572298
302 0.00358605781369377
303 0.00495090821910896
304 0.00709960314637818
305 0.0103325986055509
306 0.0148912703183488
307 0.0207414502678269
308 0.0273354333398295
309 0.0337350626108147
310 0.0386965695855002
311 0.0411620152420527
312 0.0413243537387426
313 0.0400361372016277
314 0.0382675597550594
315 0.0366779101569723
316 0.0349911249404091
317 0.032784213392875
318 0.0297605305032301
319 0.0259739974256628
320 0.0221562564019744
321 0.0188979325568855
322 0.0164940430077148
323 0.0150161747042236
324 0.0142988911580292
325 0.0142206093248643
326 0.0147478700347848
327 0.01589335435565
328 0.0176034943917795
329 0.0197832450112347
330 0.0222719845205262
331 0.0248990813131828
332 0.0278362269609531
333 0.0314583111708676
334 0.036023432945761
335 0.0405392795415079
336 0.0431524495798023
