1 0.00247712224581923
2 0.00238649807312582
3 0.00235170775245471
4 0.00235985662461675
5 0.00239111882248507
6 0.00242342138231571
7 0.00243582204419739
8 0.00241566418245491
9 0.00235377043181158
10 0.00224382557432079
11 0.00209016263512053
12 0.00192328360880302
13 0.00177254756045151
14 0.00165907653741243
15 0.00159548557439821
16 0.0015805120723464
17 0.00161331515413919
18 0.00169743497066517
19 0.0018429683643054
20 0.00207417646796316
21 0.00243268773476484
22 0.00298907608333172
23 0.00385825267582509
24 0.00519380215424982
25 0.00722009735018821
26 0.0102621886637679
27 0.0147313994404856
28 0.0209123463400868
29 0.0286924049633712
30 0.0372873988054357
31 0.0453699516978634
32 0.0512199979261935
33 0.0531646384187492
34 0.0504748793849684
35 0.0443852623934519
36 0.0367633754741336
37 0.0291783177690392
38 0.0225951742172338
39 0.0174091018989355
40 0.0136179145444988
41 0.011037327019179
42 0.00940572012184968
43 0.00835627021057299
44 0.00762911027578873
45 0.00705480296642644
46 0.00653098845886014
47 0.00605152722921823
48 0.00562728775747351
49 0.00526549152289738
50 0.00496429189487522
51 0.00469660171739356
52 0.00443464925493762
53 0.00415644935896252
54 0.00385012185878249
55 0.00352431872499177
56 0.00319117042487343
57 0.00286044547791813
58 0.00253802469319847
59 0.00222851213564816
60 0.00193584217366669
61 0.00166705454627812
62 0.00143941511424148
63 0.00126335332874858
64 0.00114265505992051
65 0.00107819308851456
66 0.00106848034303971
67 0.00111791638979231
68 0.00124137941285917
69 0.0014691832731235
70 0.00185328199036784
71 0.00248914888522834
72 0.00355563616802748
73 0.00537435557468565
74 0.00842045560607949
75 0.0133431018972771
76 0.0208622387425112
77 0.0314038406790638
78 0.0444298492518869
79 0.0577689162145394
80 0.0679313387585402
81 0.072418920808768
82 0.0703745573063228
83 0.0625638773929973
84 0.051194750180741
85 0.0394026916819636
86 0.0293048292444126
87 0.0216678540881136
88 0.0163374291341789
89 0.0126864044487402
90 0.010204302656829
91 0.00854952904404874
92 0.00748667018678586
93 0.00681822432901492
94 0.00641220407325517
95 0.00618292222397458
96 0.00606091425491858
97 0.00595699895548219
98 0.00578185044356549
99 0.00545827881798242
100 0.00495389345025998
101 0.00433450653424622
102 0.0036796063213566
103 0.00305004736899475
104 0.00248780382907738
105 0.00202304991132267
106 0.00166395595214953
107 0.00140092042709588
108 0.0012097617439139
109 0.00107101931374456
110 0.000971626579185969
111 0.000903357827876841
112 0.00086293726349163
113 0.000849609651530767
114 0.000864851019556153
115 0.000913534099023857
116 0.00100699951278502
117 0.00116555000696155
118 0.00142527594441428
119 0.00184986455432027
120 0.00254471688389591
121 0.0036990975447406
122 0.00566416336993679
123 0.00905660579786413
124 0.0146722135728076
125 0.0232459859245741
126 0.0347894417725904
127 0.0477650228011059
128 0.0594330887827649
129 0.0665126664953082
130 0.0663975583347767
131 0.0589434123074259
132 0.0476918423250591
133 0.0363318327297293
134 0.0269102589135842
135 0.0198692518653439
136 0.0149712806268056
137 0.0117870708416604
138 0.00987781833423838
139 0.00879443130442518
140 0.00825920666328512
141 0.00812247017987684
142 0.0082910381613648
143 0.0086541782808993
144 0.00908681669186634
145 0.00944168223831723
146 0.00957051248755105
147 0.00940768496941534
148 0.00893303296206352
149 0.00816159409852602
150 0.00716358134110647
151 0.00608916529933002
152 0.00506539676100976
153 0.00416750289308685
154 0.00342208593498324
155 0.00281323837521151
156 0.00231909912948259
157 0.0019234648342695
158 0.00162179179329227
159 0.00140704387477357
160 0.00127138766233629
161 0.00120902406055084
162 0.00121451078494342
163 0.00129142683528341
164 0.00145655539009371
165 0.00174289251027314
166 0.00219717149336331
167 0.00289252273195284
168 0.00394149933268025
169 0.0055131594464803
170 0.00786786192985903
171 0.0113917604570461
172 0.0166374326694011
173 0.0242726935354552
174 0.0345184124357184
175 0.0465646874679383
176 0.0580792137008677
177 0.065675239492851
178 0.0671834182725744
179 0.0622072138638616
180 0.0520629524769993
181 0.0395458444682658
182 0.0281420735783014
183 0.0195447324837803
184 0.0137637774950284
185 0.0100439595514522
186 0.00772721147723209
187 0.00637499628348704
188 0.00570827656476036
189 0.00550742681235262
190 0.00565624868267983
191 0.00610844892140371
192 0.00684618480024672
193 0.00783170475216194
194 0.00898597665995109
195 0.0101628701981426
196 0.0111541025635121
197 0.0117776984274004
198 0.011881675044713
199 0.0113721988106046
200 0.0102818316328702
201 0.00883913709050372
202 0.00729315884490465
203 0.00583000719868982
204 0.00456093351342599
205 0.00353636539383568
206 0.00275396909172686
207 0.00218159185364363
208 0.0017758420178103
209 0.00149959464966368
210 0.00132617222231309
211 0.00123901647338787
212 0.0012300461256313
213 0.00130414106678979
214 0.00148412499939423
215 0.00181926346434141
216 0.00239649430645121
217 0.00337924753519051
218 0.00508005009744408
219 0.00806177638159515
220 0.0130752699485667
221 0.0208660903850613
222 0.0315625710918415
223 0.0438869968758574
224 0.0556241941136946
225 0.0640983834493834
226 0.066966445944796
227 0.063471133201305
228 0.0555952051359683
229 0.0460472376589862
230 0.0369276105653527
231 0.0292600471488141
232 0.0229760190231828
233 0.017853200595547
234 0.0137545040908666
235 0.0106742252802881
236 0.00850803834494045
237 0.00710204262830997
238 0.00629902505611321
239 0.00590277231181203
240 0.00578196103589905
241 0.00585668537277354
242 0.00606394403746833
243 0.00632386013792877
244 0.00654022551519906
245 0.00660467648411033
246 0.00643497664025019
247 0.00606117642260406
248 0.00554980930298863
249 0.00496714889837896
250 0.00437376198992604
251 0.00382807041482359
252 0.00336790629123326
253 0.00301218857722861
254 0.00276421052351436
255 0.00260606611334428
256 0.00252239836646054
257 0.00250461790420888
258 0.00255140005169279
259 0.00267447167060004
260 0.00289571440813318
261 0.00324945769290631
262 0.00378677925694524
263 0.0045902295078968
264 0.00579670969172197
265 0.0076111875612271
266 0.0102274431999041
267 0.0137961122057696
268 0.0183278861991601
269 0.0236077590056755
270 0.0294125037618311
271 0.0354767342445744
272 0.0414688475672818
273 0.0468754589704152
274 0.0504953684390287
275 0.0509254211756063
276 0.0472142868248817
277 0.0397441756009631
278 0.0308242388608569
279 0.0225207877656199
280 0.0158667207546172
281 0.0110497969328916
282 0.00781713456540239
283 0.00577717254947098
284 0.00455676230954103
285 0.00381770055305886
286 0.00335880442485433
287 0.00306760112587138
288 0.00287483227194176
289 0.00273247964654399
290 0.00260346567595581
291 0.00245761559148504
292 0.00227753591001821
293 0.00207423959369895
294 0.00186319024518955
295 0.001656622961665
296 0.00146452563212379
297 0.00129751288183537
298 0.00116219272506942
299 0.00106171578945172
300 0.00099613519750608
301 0.000959486998345196
302 0.000946682277853154
303 0.000954654909009352
304 0.000982926557545639
305 0.00103723411587083
306 0.00112741630078769
307 0.00126856306730623
308 0.00148490134888116
309 0.00181661902720958
310 0.00233342563814595
311 0.00315143733671486
312 0.00442632183297639
313 0.00637474189433682
314 0.00928116028450176
315 0.0134586765062669
316 0.0191043920942424
317 0.0260813532428297
318 0.0336659509826842
319 0.0405398791097726
320 0.0454688762960809
321 0.0475492818496519
322 0.0463865298275864
323 0.0422737442960938
324 0.0362511481830804
325 0.0295082239656463
326 0.0230063132700416
327 0.0173647682890295
328 0.0128951860896542
329 0.00959053119580981
330 0.00727288478944693
331 0.00570493950684388
332 0.0046278031583044
333 0.00386682717813969
334 0.00331759701623535
335 0.00292376835006227
336 0.00265003979249574
