1 0.00954984837753094
2 0.00799001231054933
3 0.00659834173002813
4 0.00539479597874051
5 0.00438645670925226
6 0.00356418263754708
7 0.00290896339620601
8 0.00239951046071963
9 0.00201325838914951
10 0.00172923703465612
11 0.00152937217902992
12 0.00139754129339667
13 0.00132323431643983
14 0.00130183149481165
15 0.00133357537113595
16 0.00142110375226968
17 0.00157272694142439
18 0.00180455730577972
19 0.00214299827563508
20 0.00262879302974218
21 0.00332424148873845
22 0.00432448162104206
23 0.00576611662734693
24 0.00780197268480831
25 0.010589490430153
26 0.0142523587220278
27 0.0187911655746349
28 0.0239111830115369
29 0.0289203616016487
30 0.0329005824854325
31 0.0354528989097533
32 0.0365908291563703
33 0.0365661240542685
34 0.0357252298551984
35 0.034312009736729
36 0.0325405961469022
37 0.0306093279438731
38 0.0286625389513809
39 0.0267250259627675
40 0.024797239551662
41 0.0228827382333363
42 0.0209925376511378
43 0.0191554693348344
44 0.0173984091610617
45 0.0157411461407927
46 0.0141931452424672
47 0.0127458368074918
48 0.011389833064658
49 0.0101189652152467
50 0.00892982473392301
51 0.0078215289063968
52 0.00679429986759857
53 0.00584876759432119
54 0.00499129858118743
55 0.00424386080314096
56 0.00361729574281143
57 0.00310854856679187
58 0.00270353647518042
59 0.00238754007348039
60 0.00214810193089291
61 0.001976142710717
62 0.00186785862100792
63 0.00182333445630095
64 0.00184764064764784
65 0.00195180825214504
66 0.00215081663038245
67 0.00247171911879709
68 0.00296141020938324
69 0.00369112603201619
70 0.00474032120440684
71 0.00620098731480417
72 0.00816830316527415
73 0.0107103020203408
74 0.0138137010446923
75 0.0173187565113463
76 0.0208627833236165
77 0.0239373640739358
78 0.026210808535891
79 0.0275135310975844
80 0.0278423454297213
81 0.027444637274595
82 0.0266565927358787
83 0.0258079490723245
84 0.0251413157233661
85 0.0246632999472473
86 0.0243302637294428
87 0.0241032999341114
88 0.0239350446211807
89 0.0237349239096253
90 0.0234043884650569
91 0.0228517500462747
92 0.0220068136073108
93 0.0208503333577948
94 0.0193924224383519
95 0.0176664405492191
96 0.0157408476476281
97 0.0137400572122573
98 0.011778751059079
99 0.00994129196316076
100 0.00828610043122706
101 0.00685654952154677
102 0.00566556720929116
103 0.00470227650903199
104 0.00393983890727953
105 0.0033376968861338
106 0.00286108315463843
107 0.00248553202847476
108 0.00219942243766285
109 0.00199420473822462
110 0.00186368712281784
111 0.00180440277633099
112 0.00181321637798019
113 0.00189305454793048
114 0.00205547355465257
115 0.00232139321964734
116 0.00271768765352158
117 0.00328400406641306
118 0.00407842367150868
119 0.00517988424013896
120 0.00667831270963188
121 0.00867044822474068
122 0.0112449233208394
123 0.0144423681168953
124 0.0181615885511288
125 0.0220980667069823
126 0.0257155926875333
127 0.0283894197886416
128 0.0298842609695686
129 0.0302422255979419
130 0.0296591533481545
131 0.0284282987070206
132 0.0269122836646136
133 0.0254426518885241
134 0.0242316004114289
135 0.023231132439152
136 0.0223483199737173
137 0.0215038892537991
138 0.0206459151113095
139 0.019792706669802
140 0.0189750019733075
141 0.0182187215513754
142 0.0175146915251761
143 0.0167361479274038
144 0.0157513777728335
145 0.0144682338628716
146 0.0128770720388836
147 0.0111138263288285
148 0.00932766986364934
149 0.00763447270418146
150 0.0061186878506371
151 0.00484524416901909
152 0.00383007332006195
153 0.00305354220049796
154 0.00247899146584755
155 0.00206325395143953
156 0.00177115185085063
157 0.00157662716700854
158 0.00145959806980616
159 0.00140849598662145
160 0.00141997080977088
161 0.00149803714603879
162 0.00165253713892049
163 0.00190355179746833
164 0.00228641824561011
165 0.00285638063342165
166 0.00368521058437256
167 0.00486976037762457
168 0.00653659860390416
169 0.00882714278500679
170 0.0118166797680695
171 0.0154332353907766
172 0.0193594256946295
173 0.0230430040000152
174 0.026052875254352
175 0.0280985001531557
176 0.0290269250826293
177 0.028872449929106
178 0.02793847566384
179 0.0266057043356699
180 0.0252249401657354
181 0.0240375769415245
182 0.0230437872777145
183 0.0221962768128658
184 0.0214521632023889
185 0.0207636222102316
186 0.0200860377118168
187 0.0193802838588312
188 0.0186144724007114
189 0.017768938770798
190 0.0168314765510435
191 0.0157964601899857
192 0.0146587521556963
193 0.0133982497275078
194 0.0120092792899343
195 0.0105098656768642
196 0.00895770679440239
197 0.00747350637080344
198 0.00614659010058948
199 0.00501882048007763
200 0.00409832291147242
201 0.00337437615411352
202 0.00282490405055687
203 0.0024248123115878
204 0.00214955362078951
205 0.00197291434406107
206 0.00187732177986885
207 0.00185340330592658
208 0.00189558154022562
209 0.00200422903785348
210 0.00218611397629724
211 0.00245467977007005
212 0.00283105923865602
213 0.00334623936829294
214 0.00404422326679892
215 0.00498521885056931
216 0.00624547999972124
217 0.00792180354805458
218 0.0101342690293955
219 0.0130041926326366
220 0.0165379094437694
221 0.0205648659450725
222 0.0246756263106244
223 0.0282718528552263
224 0.0309174474120309
225 0.0323352385078195
226 0.0324012367408412
227 0.0312331527752479
228 0.0293572288405684
229 0.0273397594388911
230 0.0256354945971531
231 0.0244892175429541
232 0.0236952788712266
233 0.0229844796448524
234 0.0221407401027617
235 0.0210545998688299
236 0.0196644149329346
237 0.0179456564094326
238 0.0159503246294229
239 0.0138695945501484
240 0.0118757137345528
241 0.0100786639581756
242 0.00852567767914608
243 0.00720027433258096
244 0.00607493456451134
245 0.00512370400317134
246 0.00432246894360799
247 0.0036488490770902
248 0.00308322054627646
249 0.00260870651713978
250 0.00221324756483356
251 0.00189363143306141
252 0.00164500001745073
253 0.00146078531836357
254 0.00133420394572815
255 0.00125782336190111
256 0.00122756271575588
257 0.00124381947870097
258 0.00131171049778539
259 0.00144087544457234
260 0.00164921124045976
261 0.00196623709114964
262 0.00243415008434459
263 0.003117044747058
264 0.00411282672820914
265 0.00556096010939466
266 0.00761412617847865
267 0.010416319773488
268 0.0140482423427242
269 0.0184479942873426
270 0.0233775571790026
271 0.0283620428045726
272 0.0326918473767837
273 0.0356509947100458
274 0.0371084050629604
275 0.037307106892122
276 0.0366525230478765
277 0.0355436507731455
278 0.0341452631300084
279 0.0325595526091269
280 0.0308801401517294
281 0.0291676050341745
282 0.0273947793629042
283 0.0255263194259281
284 0.0235309174297156
285 0.0213545626406534
286 0.0189745489297524
287 0.0164167580431687
288 0.0137903553291985
289 0.0113340633878941
290 0.00921021563983195
291 0.00747868307067095
292 0.00612544686229706
293 0.00508327495512418
294 0.00428779114510656
295 0.00368801632611496
296 0.00324270905488884
297 0.00291399449542965
298 0.0026739080622056
299 0.00250316121328514
300 0.0023904842618509
301 0.00233650460662192
302 0.00234705779913579
303 0.00243303198835405
304 0.00261062802353649
305 0.00289530397272469
306 0.00331046325269002
307 0.00389239223875439
308 0.00468898711846588
309 0.00574057826953242
310 0.00707699898649314
311 0.00871498094071638
312 0.0106832552346161
313 0.0130063932696989
314 0.0156902733817367
315 0.0186998703463316
316 0.02189326971531
317 0.0250216770997076
318 0.0277439577303516
319 0.0297153676646996
320 0.0308289357126087
321 0.0311199648447952
322 0.03069915729354
323 0.0297308803269456
324 0.0284238627615059
325 0.0269813356384392
326 0.0255783682794004
327 0.0243234484361756
328 0.0231708581681333
329 0.022050377494999
330 0.0209041974427054
331 0.0196773313123749
332 0.0182953179039288
333 0.0167054137702051
334 0.0149153301587581
335 0.0130404111976722
336 0.0111968570823842
