1 0.0411719389627286
2 0.0569952541830088
3 0.0729710981785956
4 0.0847083056607908
5 0.0905866741069633
6 0.0913104207271838
7 0.0885309456847225
8 0.0837559132700144
9 0.0783308882726037
10 0.0733859775183499
11 0.0696445852202556
12 0.0670527084923811
13 0.0654307804538847
14 0.0646461682244986
15 0.0646157079682894
16 0.0653417807205332
17 0.0668668300976582
18 0.069261600848769
19 0.0724726787161206
20 0.0757956075271107
21 0.0782376869898131
22 0.0787140277412331
23 0.0764401448640259
24 0.0717563754906531
25 0.0653843328122703
26 0.0580708047754272
27 0.0504622252638375
28 0.0429994972448753
29 0.0359979385022808
30 0.0296576634815136
31 0.0240547087893984
32 0.0192085451462397
33 0.015102970837162
34 0.0117248695245608
35 0.00910899225265298
36 0.00719767502936182
37 0.00587948398003259
38 0.00503510866342995
39 0.00454377336146301
40 0.00433297574357822
41 0.00437844656492207
42 0.00469926436686601
43 0.00536069320438405
44 0.00650121759323229
45 0.00838296909131108
46 0.0114468518379916
47 0.0162265261715214
48 0.023315090165241
49 0.033158387792996
50 0.0456812127251321
51 0.0601211733491863
52 0.0747542726360486
53 0.0869400822684123
54 0.0941316211140623
55 0.0961891227244721
56 0.0943847088119858
57 0.0903541784044828
58 0.0854265853583369
59 0.0806971094848422
60 0.0770666795954329
61 0.0750376278744335
62 0.0740662792576953
63 0.0734248060146254
64 0.0724233169363952
65 0.0705744444312871
66 0.068089107922073
67 0.0653296614899984
68 0.062619150469637
69 0.0600955876311642
70 0.0573393880919967
71 0.0538793529589199
72 0.0493819029687741
73 0.0438535506876254
74 0.0379642026108708
75 0.0323443688798391
76 0.0273850594882228
77 0.0231771457260053
78 0.0194014082187243
79 0.0158254761909683
80 0.0124665581540993
81 0.00963401630722026
82 0.00746662132881894
83 0.00593410979725499
84 0.00492669735791547
85 0.0042878962652449
86 0.0039109223881579
87 0.00373678495990415
88 0.00374279539637313
89 0.00394951315024962
90 0.00441740338826252
91 0.00526824784432675
92 0.00671403729006218
93 0.00902748270221028
94 0.0125948480900214
95 0.01792998352599
96 0.025583774618286
97 0.0358003567583584
98 0.0480582882941522
99 0.0606170931425821
100 0.0708385534208175
101 0.0772690157832489
102 0.0796034421469483
103 0.0783058447311833
104 0.0744004803882078
105 0.0693634815577234
106 0.0645508502070279
107 0.0608721739603468
108 0.0584841674587795
109 0.0574172692433906
110 0.0577671555935402
111 0.0596295455906371
112 0.0628152829966989
113 0.0670606735655299
114 0.0720554266946747
115 0.0773728473933554
116 0.0823681128093816
117 0.0862306953350519
118 0.0880692266879363
119 0.0871556011132826
120 0.0834086672334019
121 0.0771124134670607
122 0.0687816745336597
123 0.0591185315722689
124 0.0489498829109475
125 0.0390468389191998
126 0.0300153656479005
127 0.0222901050223926
128 0.0161652651117601
129 0.0116005533475646
130 0.00834851950361838
131 0.00610489308188319
132 0.00459054029137602
133 0.00359077995845153
134 0.00295351105993826
135 0.00257480133498771
136 0.0023961074562482
137 0.00239724070076181
138 0.00259308269058861
139 0.00303255288150844
140 0.00382854865737205
141 0.0052094216803276
142 0.0075964859499678
143 0.0116214016218665
144 0.0181837505796585
145 0.0283626033423536
146 0.0429458812417019
147 0.0612888928693659
148 0.0801733690948828
149 0.0937837837666578
150 0.0969460118893372
151 0.0915560846858929
152 0.0824710451958646
153 0.0740221885980536
154 0.0687174609511526
155 0.0663810098766938
156 0.0665757460718026
157 0.0689964287237592
158 0.0728929119627403
159 0.0772861978709141
160 0.08098318764279
161 0.0828496946970742
162 0.0827480874656299
163 0.0809116278790002
164 0.0776637064006693
165 0.0734304861108504
166 0.0688491831806561
167 0.0645067427142426
168 0.0608663679316806
169 0.0581199884868439
170 0.0557549718627383
171 0.0531765877970064
172 0.0498946602119298
173 0.0455907455167474
174 0.0402409073287038
175 0.0340455425368597
176 0.0273908499122069
177 0.0209163112539667
178 0.0155142037016404
179 0.0115175649663606
180 0.00882250767136734
181 0.00715246165450274
182 0.00616584715261813
183 0.0056485127881131
184 0.00549208960185127
185 0.00564848653104369
186 0.00612066115405319
187 0.00695978597328799
188 0.00827374296041224
189 0.0102571498132326
190 0.0132301937178724
191 0.0177103370577552
192 0.0244381260131894
193 0.0339818872792084
194 0.0463874115873738
195 0.0606239010664274
196 0.0744864043630708
197 0.0863423799547032
198 0.0952221654691643
199 0.100697659396174
200 0.102810995650509
201 0.101831263769747
202 0.0982460936456575
203 0.0926902889298717
204 0.0859661219714318
205 0.0792539086804302
206 0.0735714100267775
207 0.0695141026514161
208 0.0669347584562395
209 0.0655992456464199
210 0.0653476535280232
211 0.0660146043297856
212 0.0672256162955386
213 0.0685379175204118
214 0.0694799357700506
215 0.0696093517018147
216 0.0686942797695169
217 0.0665987623956321
218 0.0632581638793755
219 0.0586255818064091
220 0.0525180233256225
221 0.0449796808597025
222 0.0364152174323404
223 0.0276970887658429
224 0.0201121952503299
225 0.0142602127092609
226 0.0101037588870807
227 0.00730588887572382
228 0.0054542401944925
229 0.00424250231132959
230 0.00346932442003805
231 0.0030060132831255
232 0.0027687048325857
233 0.00271651467133401
234 0.0028466818912942
235 0.00320165165244295
236 0.00388558052273521
237 0.00511532756892019
238 0.00730242009921033
239 0.0110544147179645
240 0.0172539620589608
241 0.0269913978207379
242 0.0411274865114823
243 0.0592908663626889
244 0.0787223230776266
245 0.0940022833993127
246 0.0997380750745127
247 0.0965660143331533
248 0.0882852848050064
249 0.0788560028372147
250 0.0709134795268522
251 0.0648792853662278
252 0.0607175060770854
253 0.0584351364937105
254 0.0580480166180102
255 0.0593610394612968
256 0.0622199455182376
257 0.0665495704430505
258 0.0721195520771373
259 0.0778077235335592
260 0.0819335379116094
261 0.0830394408609518
262 0.0816342324426496
263 0.0788671465737644
264 0.0758645277960839
265 0.0732709547228311
266 0.0702686830055254
267 0.0658442509499813
268 0.0592971476778817
269 0.050620243326418
270 0.0409205444438332
271 0.0313996697112243
272 0.0229340398273948
273 0.0160567257784744
274 0.0110242334932009
275 0.00762659735659815
276 0.00546333870782825
277 0.00414754930827085
278 0.00335915868686917
279 0.00290960154367274
280 0.0027015868878246
281 0.00269597309894831
282 0.00290251275119895
283 0.0033849923659761
284 0.00428268533566927
285 0.00582825145968521
286 0.0084362996111719
287 0.01283932888392
288 0.0202134728618742
289 0.0318359957033199
290 0.0483331534132023
291 0.0682945102948358
292 0.0876309051241047
293 0.10264603543295
294 0.111020702199686
295 0.111957332855716
296 0.106365977168907
297 0.0970621245209494
298 0.0869705190225518
299 0.0782964740598884
300 0.0722430707612367
301 0.0686205709657768
302 0.0671180215263201
303 0.0676052589002207
304 0.0699766707882844
305 0.0736702520059656
306 0.0779269698300097
307 0.081829693904572
308 0.0843093780510179
309 0.0842874156323361
310 0.080858658362724
311 0.0739456266304822
312 0.0653398260790171
313 0.0568579262492256
314 0.0496972055828568
315 0.0442220938836528
316 0.0395000625059819
317 0.0346669713359524
318 0.0292495500017347
319 0.0233782703143965
320 0.0179747150323765
321 0.0136097580306962
322 0.0103935849129386
323 0.0081728144361992
324 0.00666101499542978
325 0.00564380960689087
326 0.00498577698293363
327 0.00460715768818549
328 0.00447451232956523
329 0.00459090030115816
330 0.0050014760803621
331 0.00581099796831886
332 0.00721284240961708
333 0.0095732897930016
334 0.0135214188974862
335 0.0197862665656479
336 0.029046761344503
