1 0.00743937522624629
2 0.006986390846065
3 0.00652668531177889
4 0.00606809938325482
5 0.00562084597799188
6 0.00519370549999691
7 0.00479315745677002
8 0.00442375995799872
9 0.00408834779783511
10 0.00378836736778248
11 0.0035240509757435
12 0.00329427429276957
13 0.00309757898481262
14 0.0029325648638616
15 0.00279790225388296
16 0.00269210790352632
17 0.00261409951872453
18 0.00256339747618585
19 0.00253993271516235
20 0.00254334426063793
21 0.00257384705594054
22 0.00263252538167813
23 0.00272103593421263
24 0.0028405137913449
25 0.00299248237317634
26 0.00317913695468478
27 0.00340313463748022
28 0.00366695275747179
29 0.00397310880431875
30 0.00432401189655679
31 0.00472134380259797
32 0.00516592053565612
33 0.00565737157477587
34 0.00619240485138354
35 0.00675955023420193
36 0.00734072741533698
37 0.00791179321555348
38 0.00844329872632683
39 0.00890368707509792
40 0.00925978259492667
41 0.00947888653495515
42 0.00953760126678369
43 0.00944144454143076
44 0.0092085878947191
45 0.00886214013553293
46 0.00842848425078603
47 0.00793704598903865
48 0.00741550914225474
49 0.00688765764996399
50 0.00637156473542257
51 0.00587668377122923
52 0.00540899474717989
53 0.00497262795980312
54 0.00457046318501189
55 0.00420520260766599
56 0.00387834299438488
57 0.00359010554525404
58 0.00333959183172737
59 0.00312548081380739
60 0.0029463862952671
61 0.00280083757961644
62 0.00268684784231007
63 0.00260285686962671
64 0.00254802924293199
65 0.00252200224120984
66 0.00252403435138915
67 0.00255399893107107
68 0.00261269274246213
69 0.0027015710313907
70 0.00282183279563081
71 0.00297516601778965
72 0.00316398245893364
73 0.00339084380237478
74 0.00365646543081528
75 0.00396054345566685
76 0.00430177612709637
77 0.00467690164814685
78 0.00507846698785507
79 0.00549510530811079
80 0.00591286152064642
81 0.00632002273220427
82 0.00670444918433145
83 0.00705270886308033
84 0.00735130202326971
85 0.00758966312770667
86 0.00775901364339822
87 0.00785220183703803
88 0.00786403536657307
89 0.00779132351420629
90 0.00763350872870285
91 0.00739296221447779
92 0.00707673558128365
93 0.00670085030996332
94 0.00628315284601973
95 0.00584043051564642
96 0.00538867086753252
97 0.00494494195432104
98 0.00452312893589831
99 0.00413306496688404
100 0.00378040459454989
101 0.00346568785975469
102 0.00318784316842519
103 0.00294531821805141
104 0.00273601124340195
105 0.0025567056203244
106 0.00240435417395831
107 0.00227644352687079
108 0.00217107735652407
109 0.00208680164599379
110 0.00202256181009972
111 0.00197753054560673
112 0.00195059319838176
113 0.00194094097399345
114 0.00194822843222177
115 0.00197238045809334
116 0.00201304194520199
117 0.00207002650360171
118 0.00214343067544329
119 0.00223338750390855
120 0.00233935114208931
121 0.00246048272028795
122 0.00259570763060753
123 0.00274379735032682
124 0.00290396904436763
125 0.00307533029636571
126 0.00325662449913839
127 0.00344615212022272
128 0.00364166362339409
129 0.00384034357957736
130 0.00403879398325206
131 0.00423275829173116
132 0.00441623887908981
133 0.00458224678940506
134 0.0047240023522548
135 0.00483763265257465
136 0.00492040917826649
137 0.00497014735545717
138 0.004985947354981
139 0.00497020143478129
140 0.00492654205937651
141 0.00485899168106979
142 0.00477120850970549
143 0.00466472895777858
144 0.00454073724389835
145 0.0044006247786782
146 0.00424611811416262
147 0.0040796631665297
148 0.00390383598494461
149 0.0037211261116666
150 0.00353474625262337
151 0.00335079769655374
152 0.00317508036950852
153 0.00301223417420154
154 0.00286543832555732
155 0.00273539868182891
156 0.00262220030525438
157 0.00252585231239234
158 0.0024462402015461
159 0.00238333009390432
160 0.00233726559212544
161 0.00230831394388649
162 0.00229660587135668
163 0.00230252308782158
164 0.00232685011311982
165 0.00237055239706838
166 0.00243395977192846
167 0.002517530677061
168 0.002622094712739
169 0.00274852770049215
170 0.00289668538549096
171 0.00306601835043203
172 0.00325569154983492
173 0.00346462355189655
174 0.00369204681134437
175 0.00393692456372207
176 0.00419765159347115
177 0.0044719741017022
178 0.00475700127055583
179 0.00504904754190057
180 0.00534354355068776
181 0.00563424011081654
182 0.0059106115425623
183 0.00615980143336792
184 0.0063686290882474
185 0.00652712787944436
186 0.00662686198802781
187 0.00666063358997957
188 0.00662463351924199
189 0.00652356235208405
190 0.00636542083851115
191 0.00615929479679667
192 0.0059148947762607
193 0.00564235269256926
194 0.00535136365517929
195 0.00505072796602022
196 0.00474862972984984
197 0.00445376025673582
198 0.00417344372605776
199 0.00391324694676851
200 0.00367705843842541
201 0.00346694748331772
202 0.00328412596770379
203 0.00312939726839466
204 0.00300311108654256
205 0.00290461576971937
206 0.0028334009258245
207 0.00278915992468326
208 0.00277091802157691
209 0.00277808871738533
210 0.00281078552405638
211 0.00286948589981514
212 0.00295397198029013
213 0.00306418063077876
214 0.0032004255565954
215 0.00336304153315558
216 0.00355139094927191
217 0.00376429326032658
218 0.00400003989309676
219 0.00425641439704148
220 0.00453133834009116
221 0.00482216448286122
222 0.0051253181928425
223 0.00543677566510558
224 0.00575404639874778
225 0.0060748300518011
226 0.00639648439333664
227 0.00671546423159615
228 0.00702542558788125
229 0.00731862022139822
230 0.00758654722804402
231 0.00781985746279149
232 0.00800765692109711
233 0.00813877307709097
234 0.0082037917703487
235 0.00819917430957361
236 0.00812424392811756
237 0.00798012840697312
238 0.00776985256227807
239 0.00749853646101286
240 0.00717284132928916
241 0.00680058971181135
242 0.00639229009282178
243 0.00596531829763123
244 0.00553626034033055
245 0.00511852719145408
246 0.00472209100044135
247 0.00435307944850171
248 0.00401530580264041
249 0.0037109751000128
250 0.00344094546904524
251 0.00320479681458414
252 0.00300160673266526
253 0.00283031868475046
254 0.00268957586578807
255 0.00257692456680234
256 0.00249018905150535
257 0.00242783194327429
258 0.00238870432342334
259 0.00237138155439755
260 0.0023748290009331
261 0.00239836586966138
262 0.00244099383028944
263 0.00250187645609843
264 0.00258043328896465
265 0.00267585629202001
266 0.00278571604054182
267 0.00290677698456193
268 0.00303518076152252
269 0.00316659604127953
270 0.00329710449715445
271 0.00342248395821292
272 0.00353798301166396
273 0.00363903372202146
274 0.00372336795370823
275 0.0037895015285982
276 0.00383619854074809
277 0.00386228024991482
278 0.00386596968421407
279 0.00384563011620464
280 0.00380008431444655
281 0.00372945855546079
282 0.00363737256653031
283 0.00352833619975579
284 0.00340689397991596
285 0.00327779965174455
286 0.00314547119918545
287 0.00301379128465768
288 0.00288582523250867
289 0.00276314195302726
290 0.00264679367840142
291 0.00253762938920748
292 0.00243650652568216
293 0.0023448137858048
294 0.00226387922103582
295 0.00219485108159718
296 0.00213857996447205
297 0.00209513388631722
298 0.00206452411941836
299 0.00204694415249993
300 0.00204280077216006
301 0.00205275495316968
302 0.00207776538041801
303 0.00211914793172596
304 0.00217850774328383
305 0.00225735952159067
306 0.00235758557670994
307 0.00248164907184761
308 0.00263240620025456
309 0.00281221847222673
310 0.00302360675803519
311 0.00326918525305744
312 0.00355055113527296
313 0.00386865307142111
314 0.00422374440052835
315 0.00461517492286895
316 0.00504150564675554
317 0.00549991254400867
318 0.0059857341773139
319 0.00649203655735469
320 0.00700893145398842
321 0.00752365359181116
322 0.00802069317201516
323 0.00848330394817636
324 0.00889823326825165
325 0.00925351132961836
326 0.00953787062619267
327 0.0097414893854231
328 0.00985717168658203
329 0.00988017668129102
330 0.00980830163667182
331 0.00964403253599593
332 0.00940011360432755
333 0.00909241814399416
334 0.00873570048564522
335 0.00833950322962235
336 0.00791219046403219
