1 0.00474400494942835
2 0.00473937816477599
3 0.00473349293223509
4 0.00472612197396337
5 0.00471723944328033
6 0.00470687073729372
7 0.00469505669827431
8 0.00468189578106143
9 0.00466750076849173
10 0.0046519842263017
11 0.00463544786499876
12 0.00461795149949294
13 0.00459954453546444
14 0.00458027632141884
15 0.00456022518889526
16 0.00453958469128629
17 0.00451857421574098
18 0.00449740938119562
19 0.00447631541147093
20 0.00445556710358995
21 0.00443544758122524
22 0.00441623498090504
23 0.00439821590930851
24 0.00438172462557111
25 0.00436710441553057
26 0.00435469587058786
27 0.00434482529235711
28 0.00433776708907525
29 0.00433378566781556
30 0.00433312668923042
31 0.00433594734413497
32 0.00434238941213606
33 0.00435260428781256
34 0.0043667281465774
35 0.00438480424702624
36 0.00440686032479819
37 0.00443293452438973
38 0.00446304964200493
39 0.00449713417945658
40 0.00453509660698455
41 0.00457684967965394
42 0.00462227844867769
43 0.00467114402070518
44 0.00472316985307198
45 0.00477806970283437
46 0.00483552636113364
47 0.00489513044208452
48 0.00495643250775528
49 0.00501895986174165
50 0.00508225326393015
51 0.00514598426150054
52 0.00520984683792822
53 0.00527352002503395
54 0.00533668578688644
55 0.00539908447008187
56 0.00546046450877685
57 0.00552060008758303
58 0.00557939866541989
59 0.00563680239878273
60 0.00569275430237635
61 0.00574723897122258
62 0.00580040754340227
63 0.0058524608579566
64 0.0059036091459982
65 0.00595402706307094
66 0.00600371666604992
67 0.0060526358407969
68 0.00610074217058604
69 0.00614801376163259
70 0.00619451288080537
71 0.00624032576813539
72 0.00628554206504353
73 0.00633031184740125
74 0.00637502012844592
75 0.00642012098672901
76 0.00646608135733004
77 0.00651332024884142
78 0.00656202219311321
79 0.00661231520165018
80 0.00666428508440114
81 0.00671783387391352
82 0.00677281352119451
83 0.00682907111950563
84 0.00688638473207447
85 0.00694426730126741
86 0.00700215031402773
87 0.00705944636925968
88 0.00711547519604085
89 0.00716923722918727
90 0.00721963058278733
91 0.00726552831680854
92 0.00730582347996974
93 0.00733955559735037
94 0.0073658040162143
95 0.00738365752433997
96 0.00739237120821795
97 0.00739181917135281
98 0.00738205722958457
99 0.00736317520629941
100 0.00733538316989812
101 0.00729926828097674
102 0.00725552358426828
103 0.00720485348537785
104 0.00714794805834922
105 0.00708542055033497
106 0.00701786296797888
107 0.00694587102659234
108 0.00687006744929389
109 0.00679106985398688
110 0.0067094785495005
111 0.00662586323336657
112 0.00654072935416877
113 0.00645455164141189
114 0.00636778445293459
115 0.00628086018425059
116 0.00619418605491609
117 0.00610814735458058
118 0.00602310873598623
119 0.0059394559796698
120 0.00585771601772558
121 0.00577842641477382
122 0.00570209501971543
123 0.00562917287970084
124 0.00555997115603044
125 0.00549475794376936
126 0.00543379102148559
127 0.00537727701464145
128 0.00532524745620957
129 0.00527769609022825
130 0.0052346235778647
131 0.00519600847764082
132 0.00516172073347543
133 0.00513161287782923
134 0.00510551690680337
135 0.00508314782841263
136 0.00506420105879014
137 0.00504838307393707
138 0.0050353841079664
139 0.00502480038542676
140 0.00501620975249507
141 0.00500919554612511
142 0.0050033671140508
143 0.00499842445843725
144 0.00499409127346319
145 0.00499009250182542
146 0.00498614948593572
147 0.00498196611828274
148 0.00497724272145747
149 0.00497168087996333
150 0.00496505654556265
151 0.00495743778797481
152 0.00494896536618933
153 0.00493977960088044
154 0.0049300301406804
155 0.00491990557181985
156 0.00490960302682322
157 0.00489930866254948
158 0.00488916961263876
159 0.00487932245427145
160 0.0048699026997022
161 0.00486102673278421
162 0.00485273770047572
163 0.00484506053326206
164 0.00483802020915714
165 0.00483167125908197
166 0.00482618594524487
167 0.00482176555427435
168 0.00481861124770742
169 0.00481693039205221
170 0.00481695465896015
171 0.0048189232187586
172 0.00482307779380934
173 0.00482963515482009
174 0.00483870225595027
175 0.00485036192092265
176 0.00486470170682292
177 0.00488178034144868
178 0.00490152511733555
179 0.00492383188343517
180 0.00494859817430042
181 0.00497569715878594
182 0.00500489953817243
183 0.00503594696012939
184 0.00506853969984202
185 0.00510222453765464
186 0.00513649965628497
187 0.00517084976511498
188 0.00520475145204506
189 0.00523769071395212
190 0.00526914711572833
191 0.00529858937140972
192 0.00532550562285964
193 0.00534949240913898
194 0.00537017303034253
195 0.00538717134649724
196 0.00540018777117397
197 0.00540922382139376
198 0.00541436389210304
199 0.00541570129401974
200 0.00541338250146938
201 0.00540774090037714
202 0.00539915984849626
203 0.00538802554289784
204 0.00537473069915389
205 0.00535968956798289
206 0.00534331950213071
207 0.00532600620153497
208 0.0053080197274371
209 0.00528959918988959
210 0.00527098063855904
211 0.00525240062628418
212 0.00523410717951622
213 0.00521634858351427
214 0.00519936984767871
215 0.0051834400832964
216 0.00516893352277456
217 0.00515624802324487
218 0.005145779089163
219 0.00513790393063967
220 0.00513293094447653
221 0.00513115435846815
222 0.00513287356720506
223 0.00513835950932075
224 0.00514774956919929
225 0.00516115497695997
226 0.00517869710418408
227 0.00520047194409138
228 0.00522644050918286
229 0.00525653549384107
230 0.0052906965680078
231 0.00532883251721218
232 0.00537070685559067
233 0.00541604372483031
234 0.00546454732413713
235 0.00551585363880316
236 0.00556957163888786
237 0.00562529606761488
238 0.00568258255941937
239 0.00574087485661056
240 0.00579956981887021
241 0.00585803938503301
242 0.00591566550753805
243 0.00597194846360481
244 0.0060264074794936
245 0.006078547620458
246 0.00612792404962588
247 0.00617433574123293
248 0.00621764556353093
249 0.00625771916462011
250 0.00629443727455429
251 0.00632773208672243
252 0.00635755310828355
253 0.00638385563998224
254 0.00640661015903695
255 0.00642583045411395
256 0.00644154612716221
257 0.00645379314199032
258 0.00646259076263676
259 0.00646787273072497
260 0.00646955543906546
261 0.00646767151290744
262 0.00646270077940733
263 0.00645523669927343
264 0.00644587340978495
265 0.00643521736519127
266 0.00642392659475311
267 0.00641266854436073
268 0.00640210608862924
269 0.00639283844750195
270 0.00638522441387065
271 0.00637956282726036
272 0.0063761530606987
273 0.00637524341151083
274 0.00637687432128033
275 0.00638103661370813
276 0.00638772408804045
277 0.00639687622721378
278 0.00640820557620001
279 0.00642136753350237
280 0.00643601637929122
281 0.00645175881818219
282 0.00646801567678045
283 0.00648415640247485
284 0.006499536678133
285 0.00651347611088016
286 0.00652528173043057
287 0.00653425736494356
288 0.00653978081278656
289 0.00654153100660336
290 0.00653926724956478
291 0.00653275622938003
292 0.00652179850233743
293 0.00650630457013596
294 0.00648622011219846
295 0.00646150140394151
296 0.00643218878277577
297 0.0063986230388538
298 0.00636122014283107
299 0.00632039522379246
300 0.00627657928004944
301 0.00623027278143464
302 0.00618198525147954
303 0.00613221441024028
304 0.00608142231379912
305 0.00602996832917582
306 0.00597817881604126
307 0.00592636976060497
308 0.00587484321493507
309 0.00582387720915055
310 0.00577373676035432
311 0.00572470015074656
312 0.00567712518485953
313 0.00563138000195133
314 0.00558782136351505
315 0.00554676698126529
316 0.00550841163099955
317 0.00547291832609399
318 0.0054404487299504
319 0.00541112191437051
320 0.00538489028505834
321 0.00536166962740689
322 0.00534138149332398
323 0.00532391600643869
324 0.00530902176261653
325 0.00529641711228608
326 0.00528582605599554
327 0.00527693743071359
328 0.00526928522952003
329 0.00526236758587567
330 0.00525568572083441
331 0.00524871720326513
332 0.00524083742177432
333 0.00523139964057337
334 0.00521980151950127
335 0.00520560251995838
336 0.00518840890935007
