1 0.00184084915319833
2 0.0012595433725622
3 0.000873172781339034
4 0.00061791236124832
5 0.000447924134778556
6 0.000333430319621144
7 0.000255460220811059
8 0.000201771085438252
9 0.000164526958256638
10 0.00013870161419969
11 0.000121044017037965
12 0.000109417081479933
13 0.000102493704565163
14 9.9533561780435e-05
15 0.000100242620896728
16 0.000104697767010789
17 0.000113390429657978
18 0.000127327136284747
19 0.000148207694940883
20 0.000178697380917076
21 0.000222999227795044
22 0.00028778309594701
23 0.000383625115333241
24 0.000526977664594224
25 0.000743953800053668
26 0.00107643198252626
27 0.00159050744707404
28 0.00238263345487302
29 0.003589313054161
30 0.00538060432240545
31 0.00786911128476871
32 0.010984287208381
33 0.0143216560585461
34 0.017182090600463
35 0.0191559023514846
36 0.020162327061831
37 0.0203495673708133
38 0.0199632113333774
39 0.019149077320113
40 0.0180327227479726
41 0.0167388269390395
42 0.0153395668068226
43 0.0137610001789951
44 0.0119521580866927
45 0.00993981609640389
46 0.00785580430729364
47 0.00594342365191893
48 0.00435236965475183
49 0.00311972716087132
50 0.00221218162219417
51 0.00156441795689275
52 0.00111160141405051
53 0.000799542169301439
54 0.000586061122785726
55 0.000439450341245675
56 0.000338127576267604
57 0.000267722632126012
58 0.000218538900841939
59 0.000184208655701686
60 0.000160592918430125
61 0.000145010745747043
62 0.000135723631263878
63 0.000131747230020223
64 0.000132711095730418
65 0.000138784885918841
66 0.000150660176369595
67 0.000169733950258791
68 0.000198401553498196
69 0.000240520755927887
70 0.00030209906785125
71 0.000392668193388144
72 0.000527556813713725
73 0.000731260590563507
74 0.00104101149784585
75 0.0015140497879313
76 0.00223786388078765
77 0.00333949927744311
78 0.0049732084242878
79 0.00729635600691175
80 0.0104001490967575
81 0.0141433441722944
82 0.0180070124184498
83 0.0210711193165508
84 0.0223492166697524
85 0.0215605566607936
86 0.0190567213447553
87 0.0155395017101468
88 0.0117895601482085
89 0.00844771867706974
90 0.00581457249115231
91 0.00391120480122863
92 0.0026120706069856
93 0.00174875903507497
94 0.00118316994255402
95 0.000815494124539256
96 0.000576596548265081
97 0.000419384001703741
98 0.000314335709278089
99 0.000243201436881894
100 0.000194535548286025
101 0.000161011744896535
102 0.000137984517268198
103 0.000122519469707688
104 0.000112775096452916
105 0.00010761240541561
106 0.000106439811689493
107 0.000109108850279287
108 0.000115859512650769
109 0.000127376956059766
110 0.000144913503065337
111 0.000170480743450807
112 0.000207087573970475
113 0.000259314425372852
114 0.000334174936743136
115 0.000442383544695987
116 0.000600067549628652
117 0.000831756587175932
118 0.00117489889489044
119 0.00168375482345131
120 0.00242066198038206
121 0.00344611676201202
122 0.00479557510427216
123 0.00645133211528513
124 0.00835793085334857
125 0.0104073562530346
126 0.0124323249124601
127 0.0142421087026141
128 0.0157329937367581
129 0.0168766543295062
130 0.0177009711257729
131 0.0182487205528891
132 0.0184719288977589
133 0.0183088157825609
134 0.0177284197241193
135 0.0167588312962153
136 0.0154615267858655
137 0.013917409456818
138 0.0122305065076568
139 0.0105414003446804
140 0.00896089759602872
141 0.00755536286766025
142 0.00634444936745881
143 0.00529449221392226
144 0.00437436085190665
145 0.00356473894216007
146 0.00285793894025588
147 0.0022594335104938
148 0.00176771148659336
149 0.00137352176124791
150 0.00106442481481686
151 0.000828457387101016
152 0.00065255398888737
153 0.000524166100559359
154 0.000432232098643801
155 0.000366901335315207
156 0.000321164875712127
157 0.000290390426411265
158 0.000271588567601629
159 0.000263076624951061
160 0.000264277867475398
161 0.000275594653265712
162 0.000298241073336281
163 0.000334705933815484
164 0.000389287533151945
165 0.000468786789965422
166 0.000583266343367134
167 0.000748010490793467
168 0.000986408234827452
169 0.00133264954220681
170 0.00182841676036996
171 0.00252213808142409
172 0.0034628290006649
173 0.00468399711362956
174 0.00617385883021553
175 0.00784207274458187
176 0.00949433421802106
177 0.0108648876311234
178 0.0117729428255891
179 0.0121306867324508
180 0.0119352124970462
181 0.0112832412343573
182 0.0104033301468377
183 0.00951655713400868
184 0.00875130469851654
185 0.00806691347509063
186 0.00740269571614515
187 0.00671612156283211
188 0.00598755834816153
189 0.00523116051234381
190 0.00447035611222657
191 0.00372958305837961
192 0.00303676074308769
193 0.00242757469549618
194 0.00191961922532654
195 0.00151291462931649
196 0.00119721219194386
197 0.000957561315499516
198 0.000779115470262581
199 0.000649048227347099
200 0.000556767745996508
201 0.000493180765882161
202 0.000452030587881372
203 0.000429588567680411
204 0.000424049740219543
205 0.000434979245405181
206 0.000463744584166004
207 0.000513710501503697
208 0.00059001053826828
209 0.000700768561258216
210 0.000858485266347141
211 0.00108122445059557
212 0.00139174182441667
213 0.0018188948394775
214 0.00239776232465987
215 0.00316534975801434
216 0.00414406965792451
217 0.00532516632394545
218 0.00664773767906402
219 0.00799706840148547
220 0.00927418894286094
221 0.0103943993487378
222 0.0112871746061298
223 0.0119404842409217
224 0.0125238626698262
225 0.0132939681735942
226 0.014576738288991
227 0.0167011954479578
228 0.0195225465456881
229 0.022537799046383
230 0.0248839843441511
231 0.0256366528236709
232 0.0247474689165021
233 0.0226326287943252
234 0.0198200957937587
235 0.0167804715376991
236 0.0138650625320809
237 0.0112878822983718
238 0.00911842057944465
239 0.00728202930360807
240 0.00571270045995157
241 0.00437425377484579
242 0.00325802948984088
243 0.00238088296101957
244 0.00172711239889208
245 0.00125828781462907
246 0.000930364472204715
247 0.000701947455167432
248 0.000542689562078918
249 0.000431724399968725
250 0.000354734519452962
251 0.000301694508296057
252 0.000266039273053955
253 0.000243660272871468
254 0.000232127339312407
255 0.000230143011189183
256 0.000237532223354836
257 0.000255283843997796
258 0.00028569530423056
259 0.00033257288198162
260 0.000402141728104628
261 0.000504348547390301
262 0.000654758403293533
263 0.000878037772219322
264 0.00121367891385033
265 0.00172210994616414
266 0.0024782649125047
267 0.00356667697753502
268 0.00506188779751679
269 0.00699812705368965
270 0.00937653485735601
271 0.0121355450053637
272 0.0151229915478254
273 0.0181105993228466
274 0.0209001955507186
275 0.0233342889525073
276 0.0253017003950711
277 0.0267160333661573
278 0.0274146733848533
279 0.0272508548828889
280 0.0261532500366035
281 0.0241261036618878
282 0.0212068379404523
283 0.0175862911271315
284 0.0136834715846163
285 0.0101203682780886
286 0.00724409807725859
287 0.00511091386113244
288 0.00361054115407301
289 0.00256660125800664
290 0.00183999127841683
291 0.00133316789968124
292 0.000978808850471732
293 0.000731472237533704
294 0.000559148155064477
295 0.000439362553937279
296 0.000356404469790738
297 0.000298971207595454
298 0.000259623498947155
299 0.000233640510657665
300 0.000218088920128128
301 0.000211211469226432
302 0.000212250144886076
303 0.00022134660566977
304 0.000239505113000569
305 0.000268532726155114
306 0.000311471535375695
307 0.000373143298755277
308 0.000460926537136966
309 0.000585885711391691
310 0.000764732311949118
311 0.00102153157092854
312 0.00138465773232294
313 0.00188593091073226
314 0.00255591691667217
315 0.00341580022116084
316 0.00447515493666205
317 0.00571857420541994
318 0.00709157633943576
319 0.00851359163558188
320 0.00997184492855
321 0.0115132840043712
322 0.0132381909807043
323 0.015254241663715
324 0.0174522028615468
325 0.019567154249899
326 0.0212223568857849
327 0.0220072197868046
328 0.0216676258319364
329 0.0201348128657664
330 0.0175506969859408
331 0.0143020477443642
332 0.0109913878905314
333 0.00806229467678639
334 0.00571202193526008
335 0.00395138697342478
336 0.00269738990766666
