1 0.000256608054012222
2 0.000250595376799265
3 0.000251742273928738
4 0.000260200200388736
5 0.000276666693588762
6 0.0003025473793318
7 0.000340139173629733
8 0.000392814208073162
9 0.000465559527447626
10 0.000565730940039227
11 0.000703970770609607
12 0.000894897022018613
13 0.00115904942889158
14 0.00152536705201663
15 0.00203315828141468
16 0.00272947771290962
17 0.00366805600937877
18 0.00490428877397581
19 0.00648414256788304
20 0.0084271862457774
21 0.0107033083528366
22 0.013208192759994
23 0.015737767694134
24 0.0179549288383733
25 0.0194412582784807
26 0.0198022475881196
27 0.0188658391883364
28 0.0169358984367471
29 0.0144780564234823
30 0.0119007061981745
31 0.00946047000297591
32 0.00730901469698611
33 0.00551539092707989
34 0.00408792346429876
35 0.00299967819616176
36 0.0021977863555914
37 0.00162155552179427
38 0.00121380120791072
39 0.000924738008568515
40 0.000718561597041213
41 0.000570686106613964
42 0.000464146839324017
43 0.000387059710949628
44 0.000331306011533833
45 0.000291388633343705
46 0.000263574334347877
47 0.000245271542856376
48 0.00023483537697517
49 0.000231371920513343
50 0.000234585939930794
51 0.000244664890557065
52 0.000262366755959234
53 0.000289136069091736
54 0.000327259676922873
55 0.000380038317548018
56 0.000452278734136598
57 0.00055087577270745
58 0.000685329853279597
59 0.000868957829206224
60 0.00112047731432564
61 0.00146526930864271
62 0.00193359660038751
63 0.00256050478230701
64 0.00338355082699773
65 0.00443794292516736
66 0.00575201330606182
67 0.00733600666734184
68 0.00916827386366371
69 0.0111834992851032
70 0.0132708736081195
71 0.0152725732964239
72 0.0169938563084416
73 0.0182142985811969
74 0.0186812131306241
75 0.0181995644169039
76 0.0167150620710833
77 0.0144087487775501
78 0.0117596650971949
79 0.00919759294446386
80 0.00697546089590141
81 0.00518026072785525
82 0.0038026156980871
83 0.00278521098350581
84 0.00205299665596489
85 0.00153045436117159
86 0.00115852182259196
87 0.000894092457860773
88 0.000705977743690024
89 0.000571289732086494
90 0.000474351745538805
91 0.000404615835956009
92 0.000354919457905891
93 0.000320272136828855
94 0.000297369329403255
95 0.000284148633281439
96 0.00027944161288727
97 0.00028269216366973
98 0.000293990866186127
99 0.000314102349478905
100 0.000344504314366354
101 0.000387409138652035
102 0.000446078366340716
103 0.000525209206833953
104 0.000631228757787339
105 0.000771949501306738
106 0.000957177746538916
107 0.00119945976739471
108 0.00151598276535998
109 0.00192919975856521
110 0.00246769036664249
111 0.00316639209799721
112 0.00406288710746509
113 0.00519532405109024
114 0.00659799050408845
115 0.00829385824913345
116 0.0102850758855149
117 0.0125413759500857
118 0.0149888987884461
119 0.0174840683371325
120 0.0197383432342228
121 0.0213646909732386
122 0.0219648522409026
123 0.0212912626115309
124 0.0194752308113598
125 0.0168569873076292
126 0.0138443393868493
127 0.0108340810996194
128 0.00816187370172766
129 0.00599018668506605
130 0.00433493477254476
131 0.00312738666788656
132 0.00226347328698121
133 0.00165190664659134
134 0.00122142053292331
135 0.000917957616989953
136 0.000703233496146719
137 0.000550722275965665
138 0.000441992622568173
139 0.000363979827439562
140 0.000307828124421863
141 0.000267605763526717
142 0.000239320908845588
143 0.000220255018306259
144 0.000208664079565948
145 0.00020354605582001
146 0.000204478525112904
147 0.000211505869807495
148 0.000225199315498887
149 0.000246752505342611
150 0.000278116064289031
151 0.000322138338775622
152 0.000383029618064627
153 0.000466999913729777
154 0.000583152580551028
155 0.000744698554211131
156 0.000971019177541165
157 0.00128988592149421
158 0.00173713607894375
159 0.0023586778308777
160 0.00321102846826434
161 0.00435659840988307
162 0.00584489213227412
163 0.00769033434906117
164 0.00984229012780149
165 0.0121649542410692
166 0.014470958812434
167 0.0165267750163427
168 0.0180769385259143
169 0.0188897424977766
170 0.0188071582180811
171 0.017790197989043
172 0.0159404317976033
173 0.0135180104671074
174 0.010939219448632
175 0.00853743145259459
176 0.00649544852855035
177 0.00486790027986877
178 0.00362400970505129
179 0.00270152877064318
180 0.00203264710335472
181 0.00155476743831052
182 0.00121389795275675
183 0.000970576677749692
184 0.000797023928288016
185 0.00067323661735708
186 0.00058563572490299
187 0.000525239595195896
188 0.000486127675662302
189 0.000464246868677502
190 0.000457280864517378
191 0.000464388547427565
192 0.000485944296372641
193 0.000523231733002615
194 0.000578779842464388
195 0.000656678676295675
196 0.000762746967518718
197 0.000904074174592789
198 0.00108965972474375
199 0.0013307830573356
200 0.00164022083643897
201 0.00202796614192763
202 0.0024989223936079
203 0.00304896774743656
204 0.00366392000694311
205 0.00433352494892508
206 0.00504724525321557
207 0.0057979614575905
208 0.00660822191239295
209 0.0075253699534281
210 0.00862261856227439
211 0.00999264015840919
212 0.0116915867612661
213 0.0137620487476093
214 0.0162396323747323
215 0.0190920208377916
216 0.0219863129752633
217 0.0243243952325748
218 0.0253602402573504
219 0.0245693206508054
220 0.0222730977488134
221 0.0191231657117015
222 0.0157394903269553
223 0.0125655251370703
224 0.00982653735750858
225 0.00759894664817233
226 0.00586655120990236
227 0.0045573222612527
228 0.00356600568684647
229 0.00280860995227333
230 0.00222494388839648
231 0.0017733864892501
232 0.00142868946155236
233 0.00116998261649253
234 0.000978715455762874
235 0.000837888226212506
236 0.000734946784600282
237 0.000661228754743405
238 0.000610737433595169
239 0.000579067923304673
240 0.00056342661853068
241 0.0005623908222455
242 0.000575499473611054
243 0.000602535570061909
244 0.000643916508992668
245 0.00070075030651641
246 0.000774727563361665
247 0.000867964645841595
248 0.000982935841921757
249 0.00112233139301255
250 0.00128946217722934
251 0.00149063197011762
252 0.00173462099789775
253 0.00203286233188926
254 0.00240013312208664
255 0.0028548118196895
256 0.00342044303666029
257 0.00412757328683927
258 0.00501185003159715
259 0.00609738174986817
260 0.00739483484428349
261 0.00889345896239918
262 0.0105425642126068
263 0.0122423098428614
264 0.0138405580408115
265 0.0151427801446988
266 0.0159428333633114
267 0.0160622056788742
268 0.0153979441876341
269 0.0139915362848992
270 0.0120965352369527
271 0.0100076775079659
272 0.00796873494464701
273 0.00614864379674596
274 0.00464645959455842
275 0.00347922287350352
276 0.0026118399225159
277 0.00198603167731618
278 0.00153663910597893
279 0.00121350636573321
280 0.000981134729481142
281 0.000814364201166999
282 0.000694919584497954
283 0.000610317428864864
284 0.000552147538107833
285 0.000514499205773835
286 0.000493617648762845
287 0.00048743702858436
288 0.000495119554156729
289 0.000516528865569351
290 0.000552456164850084
291 0.000604707107684043
292 0.000676018177806309
293 0.000769569873199428
294 0.000889244674835713
295 0.00103964448574173
296 0.00122647960842666
297 0.0014589098406845
298 0.00174937821256866
299 0.00211406806882138
300 0.00257411652086122
301 0.00315729900785565
302 0.00390018511390008
303 0.00485104452728426
304 0.00606521923142197
305 0.00756753047379926
306 0.00934107776687223
307 0.0113094045942276
308 0.0133351891271683
309 0.0152928041156617
310 0.0170584656452495
311 0.0184959922950085
312 0.0194245481646988
313 0.0196735978679906
314 0.0191325643746083
315 0.0178196773535007
316 0.0159739642041444
317 0.0138766317156936
318 0.0117627087117388
319 0.00978523337472844
320 0.00799544879967579
321 0.00641447670016381
322 0.00505092270891336
323 0.0039067798071834
324 0.00298438504429864
325 0.00226639901296854
326 0.00172237216139669
327 0.00131784555242516
328 0.0010192405491751
329 0.000799578299997769
330 0.000638428159887308
331 0.000520446120553414
332 0.000433921327693642
333 0.000370534449564603
334 0.000324482903947959
335 0.000291660117549268
336 0.000269285841651903
