1 0.00297364440944778
2 0.00304104756849082
3 0.00310433729814381
4 0.00316252691610947
5 0.0032149609592192
6 0.00326108348235739
7 0.00330038422032672
8 0.00333247779502515
9 0.00335704402655274
10 0.00337381008832239
11 0.00338257711918999
12 0.00338329100414557
13 0.00337597722960503
14 0.00336071806834079
15 0.00333774234452455
16 0.0033076901352067
17 0.00327132035772271
18 0.00322940522991243
19 0.00318271100795287
20 0.00313196677142543
21 0.00307787853847493
22 0.00302112938844434
23 0.00296244889658167
24 0.00290282235653884
25 0.00284324005243523
26 0.00278461741360975
27 0.00272776521322332
28 0.00267330485323714
29 0.00262177656049131
30 0.00257362853205417
31 0.00252908226482837
32 0.00248829874132756
33 0.00245143351556469
34 0.00241859526644457
35 0.00238971830006495
36 0.00236470774868318
37 0.00234348570788209
38 0.00232594488120812
39 0.00231181240090608
40 0.00230079006555894
41 0.00229259741474612
42 0.00228696151806111
43 0.00228359346805494
44 0.00228220638621893
45 0.00228251972528323
46 0.002284261858358
47 0.002287182737726
48 0.00229103798109788
49 0.00229558290600238
50 0.00230056069222558
51 0.00230566868260461
52 0.0023105906040787
53 0.00231500752576485
54 0.00231861648923876
55 0.00232118604703023
56 0.00232250314545223
57 0.00232235357747618
58 0.00232051574131392
59 0.00231676961831928
60 0.00231090098314638
61 0.0023027184187653
62 0.00229210016714201
63 0.00227894954029069
64 0.0022631809408456
65 0.00224474807038241
66 0.00222372406870833
67 0.00220021724393641
68 0.00217434284433913
69 0.00214629116545759
70 0.00211652584475209
71 0.00208556132819153
72 0.00205388887975557
73 0.00202198062091059
74 0.00199030625842606
75 0.00195931314304053
76 0.00192942090322287
77 0.00190099871724449
78 0.00187429681202141
79 0.00184952818621032
80 0.00182687534479856
81 0.00180643144680209
82 0.001788269126199
83 0.0017724635317462
84 0.00175906653672935
85 0.00174802795123075
86 0.00173928007628502
87 0.00173276475988262
88 0.00172841873611505
89 0.00172613092020993
90 0.00172578419781745
91 0.0017272683337155
92 0.00173048415556845
93 0.00173535871718149
94 0.00174182848512565
95 0.001749833312514
96 0.00175932121812062
97 0.00177026426570023
98 0.00178264240050699
99 0.00179643783051685
100 0.00181160988744841
101 0.00182801833498149
102 0.00184549413821464
103 0.00186386277896545
104 0.00188291997681316
105 0.00190235910000061
106 0.00192183691692892
107 0.00194097260632688
108 0.00195927596859589
109 0.00197621595886303
110 0.00199124655515087
111 0.0020038554432274
112 0.00201370455051914
113 0.00202050544745648
114 0.00202397948674983
115 0.00202393308224858
116 0.00202047445682043
117 0.00201379946609861
118 0.00200411751525356
119 0.00199166422761213
120 0.00197674459973995
121 0.00195968122208947
122 0.00194079501434787
123 0.00192041637352659
124 0.00189892377079161
125 0.00187669700954251
126 0.00185410105354334
127 0.00183145033031938
128 0.00180890779392756
129 0.00178659484769406
130 0.00176462696159747
131 0.00174309058687416
132 0.00172197583683702
133 0.0017012503686924
134 0.00168092482343586
135 0.00166117377536484
136 0.00164220421127905
137 0.00162421374967687
138 0.00160737892206162
139 0.00159181898030143
140 0.00157763742625446
141 0.00156493615191011
142 0.00155379500942624
143 0.001544209471116
144 0.00153615765831701
145 0.00152962211563282
146 0.00152457656945852
147 0.00152094658019246
148 0.00151864919524416
149 0.00151760553292032
150 0.00151777159336282
151 0.0015192322577922
152 0.00152210744782362
153 0.00152652170205515
154 0.00153259515924724
155 0.00154041388511076
156 0.00155006079938883
157 0.00156160791152552
158 0.00157505986324184
159 0.0015904080486442
160 0.00160764864476219
161 0.00162676706164562
162 0.00164769049980066
163 0.00167032994818765
164 0.00169459370682238
165 0.00172040750478306
166 0.00174778013572903
167 0.00177674340099149
168 0.00180733131325135
169 0.00183960120585053
170 0.00187370026197935
171 0.00190980807677339
172 0.00194811756019707
173 0.00198881302384991
174 0.00203199756508928
175 0.00207775723814298
176 0.00212618364982711
177 0.00217733680407759
178 0.00223112603861816
179 0.00228740782295273
180 0.00234601869698065
181 0.00240672779328773
182 0.00246909031963891
183 0.00253256300898338
184 0.00259659902252289
185 0.00266082314617575
186 0.00272488413492908
187 0.00278840217652392
188 0.00285090217383198
189 0.0029116014155613
190 0.00296959467291023
191 0.00302392517599205
192 0.00307366282081416
193 0.00311813082141007
194 0.00315672459524334
195 0.0031888539732418
196 0.00321411377914022
197 0.00323278463528983
198 0.00324536249140997
199 0.00325238945389324
200 0.00325438737506461
201 0.00325168029954596
202 0.00324455656021345
203 0.00323332077660675
204 0.0032183141345684
205 0.00319998192095878
206 0.00317879538634337
207 0.00315518809926308
208 0.00312944928910129
209 0.0031018306541683
210 0.00307258051403145
211 0.00304198598591565
212 0.00301049862142122
213 0.00297859660792366
214 0.00294673945739475
215 0.00291537813097704
216 0.00288498580508817
217 0.00285602625619169
218 0.00282894520286352
219 0.00280410165160388
220 0.00278156173673059
221 0.00276132285765175
222 0.0027433865571392
223 0.00272769224671116
224 0.00271392058883983
225 0.00270169657713899
226 0.00269065454765526
227 0.00268045265500461
228 0.00267081990330829
229 0.00266150571584552
230 0.00265226312655694
231 0.0026428919324799
232 0.00263336747032672
233 0.00262370849711647
234 0.00261390631057527
235 0.00260384386972868
236 0.00259337900493594
237 0.00258237203569997
238 0.00257066882847761
239 0.00255805019715876
240 0.00254428526721218
241 0.00252914978334139
242 0.00251235392291755
243 0.00249332798553023
244 0.00247145346574683
245 0.00244614386498997
246 0.00241699483927396
247 0.00238420433134346
248 0.00234812195780716
249 0.00230909956330314
250 0.00226750398372546
251 0.00222376054255032
252 0.00217829589852768
253 0.0021315177763077
254 0.0020838384104775
255 0.00203574581137086
256 0.00198771611842042
257 0.00194018593738788
258 0.00189353924946428
259 0.0018480705994981
260 0.00180403228652523
261 0.001761635956278
262 0.00172101359238807
263 0.00168226830349547
264 0.00164549137449272
265 0.00161076979089947
266 0.00157820448405819
267 0.00154789318051239
268 0.00151992656945767
269 0.00149436965265601
270 0.00147120384954256
271 0.00145039577900982
272 0.00143191929360735
273 0.0014157412101478
274 0.00140177893070139
275 0.00138994624998603
276 0.00138016753180008
277 0.0013723616836971
278 0.00136639616245806
279 0.00136213266179042
280 0.00135944096129414
281 0.00135818526463842
282 0.00135818629792218
283 0.00135925641646133
284 0.00136119869017731
285 0.00136377077542721
286 0.00136671803399057
287 0.00136978410226499
288 0.00137274459485475
289 0.00137551015386027
290 0.00137802507196133
291 0.00138023336375274
292 0.0013821096943644
293 0.00138375223795313
294 0.0013852906875306
295 0.00138685537043039
296 0.00138858488237319
297 0.00139064927564337
298 0.00139322748490277
299 0.00139650021782499
300 0.00140064978377906
301 0.0014058582389125
302 0.00141231142349368
303 0.00142020137626303
304 0.00142970887815418
305 0.00144094668500763
306 0.00145401663483859
307 0.00146902961246263
308 0.00148609343121112
309 0.00150527301124411
310 0.00152662851159275
311 0.0015502414369208
312 0.00157625535238783
313 0.00160484116737608
314 0.00163618635958478
315 0.0016704762343175
316 0.00170783033834562
317 0.00174835942306861
318 0.0017921855105016
319 0.00183941289354268
320 0.00189003428863453
321 0.0019440060228976
322 0.00200127271592923
323 0.00206176507178749
324 0.00212539977428904
325 0.00219207373016638
326 0.00226165989628028
327 0.00233398089847293
328 0.00240873054279718
329 0.00248552906654786
330 0.0025639407492614
331 0.0026434927258103
332 0.00272374450682231
333 0.00280422926353224
334 0.00288439432756658
335 0.00296347876007734
336 0.0030406152090132
