1 0.00240483131258648
2 0.00240834811321614
3 0.00241078902722489
4 0.00241240623133173
5 0.00241347270027264
6 0.00241426719484643
7 0.00241505530698653
8 0.00241604809197088
9 0.00241744324966216
10 0.00241943908581018
11 0.00242222263955941
12 0.00242593325834015
13 0.00243069976431756
14 0.00243665322889261
15 0.00244391472593352
16 0.00245255712583438
17 0.0024626434950963
18 0.00247424018251454
19 0.00248740439982078
20 0.00250214569737487
21 0.00251846336110574
22 0.00253635895568748
23 0.00255582110793323
24 0.00257677904314143
25 0.00259914592264516
26 0.00262283316342601
27 0.00264774224335145
28 0.00267374066576361
29 0.00270068325259893
30 0.00272841664949253
31 0.00275677144836306
32 0.00278556854615527
33 0.00281462112328311
34 0.00284371464232809
35 0.00287254584708118
36 0.00290077937245447
37 0.00292806760443191
38 0.00295408671726158
39 0.00297864572398289
40 0.00300158630430578
41 0.00302274902211772
42 0.00304202225207953
43 0.00305948962654399
44 0.0030752895471418
45 0.00308956681874661
46 0.00310251697634814
47 0.00311452233268561
48 0.00312601797214197
49 0.00313744598101025
50 0.00314923696828992
51 0.00316175550101934
52 0.00317535400036755
53 0.00319039167143798
54 0.00320721634445148
55 0.00322610671025752
56 0.00324733120696969
57 0.00327115020928979
58 0.00329776014567428
59 0.00332734967842072
60 0.00336011965557874
61 0.00339625944217976
62 0.00343587076251516
63 0.00347904009941925
64 0.00352586359573391
65 0.00357642068577368
66 0.0036306911953804
67 0.00368862931169989
68 0.00375018822821831
69 0.00381528856526896
70 0.00388372189428345
71 0.00395523198227746
72 0.0040295412861072
73 0.00410631214450941
74 0.00418503024521357
75 0.00426510096832933
76 0.00434588180109897
77 0.00442664435376097
78 0.00450645928814092
79 0.00458429753684211
80 0.00465907393188997
81 0.00472966914856472
82 0.00479492342206024
83 0.00485364219519066
84 0.00490472226634178
85 0.00494751398760633
86 0.00498150915344811
87 0.00500623754359952
88 0.00502141964067181
89 0.00502741228126994
90 0.00502477221340502
91 0.00501410125569384
92 0.00499607797395248
93 0.00497157115473017
94 0.00494150243462128
95 0.00490679403188299
96 0.00486837710936561
97 0.00482723524840197
98 0.00478434448759223
99 0.00474065136546806
100 0.00469704158774962
101 0.0046542548602437
102 0.00461297586822242
103 0.00457386539599554
104 0.00453752050731886
105 0.00450435307714853
106 0.00447472517786683
107 0.00444896103812386
108 0.00442724900021851
109 0.00440974912303471
110 0.00439662957961629
111 0.0043880257741639
112 0.00438391437501187
113 0.00438424305173313
114 0.00438897297853805
115 0.00439803773250738
116 0.00441121986363854
117 0.00442827000929036
118 0.00444894506044859
119 0.00447296387226475
120 0.0044998770030159
121 0.0045291867380651
122 0.00456038566700991
123 0.00459291106662202
124 0.00462601113092836
125 0.00465886868731945
126 0.00469064344268719
127 0.00472050960785726
128 0.00474776959410268
129 0.00477175125427841
130 0.004791775929369
131 0.00480719865436564
132 0.00481752042953127
133 0.00482228901683839
134 0.00482113535260148
135 0.00481397774471079
136 0.00480082347266481
137 0.00478170227216449
138 0.00475674614522659
139 0.00472642468552662
140 0.00469129557785179
141 0.00465191855702333
142 0.00460890894672792
143 0.00456310396149338
144 0.0045153748829081
145 0.00446656331158534
146 0.00441747208797541
147 0.00436884553854389
148 0.00432138967444796
149 0.0042757800093211
150 0.00423261842504903
151 0.00419230341653128
152 0.00415517608003918
153 0.00412156933645254
154 0.00409178199723857
155 0.00406599665613284
156 0.00404437185130984
157 0.0040270436783671
158 0.00401403937445556
159 0.00400536922979466
160 0.00400105696392757
161 0.00400110471938917
162 0.00400538699132753
163 0.00401375587606134
164 0.00402607492293892
165 0.00404218429488428
166 0.00406179802779301
167 0.00408459975374464
168 0.00411027301611789
169 0.00413845867688497
170 0.00416863012768611
171 0.00420020694152797
172 0.00423259198572071
173 0.00426515588069595
174 0.00429719360991848
175 0.00432796518261344
176 0.0043567108956351
177 0.00438270546684674
178 0.00440541822398697
179 0.0044243671284992
180 0.00443907173786213
181 0.00444910559874927
182 0.00445424609643547
183 0.00445433374560296
184 0.00444926209119854
185 0.00443908740909141
186 0.00442391922560381
187 0.00440388299012232
188 0.00437917011784253
189 0.00435018756513237
190 0.00431739713458028
191 0.00428125992070483
192 0.00424228606701743
193 0.00420118726451067
194 0.00415870674173974
195 0.00411556213172119
196 0.00407242427028082
197 0.0040298598455619
198 0.00398839306928539
199 0.00394852665510638
200 0.00391071108967176
201 0.00387525190498877
202 0.00384241348275337
203 0.00381245406558288
204 0.00378560119424691
205 0.00376197536328335
206 0.00374167405137604
207 0.00372477501305674
208 0.0037112635829101
209 0.00370110910442101
210 0.00369428992568923
211 0.00369076297155602
212 0.00369037265928032
213 0.00369294131609721
214 0.00369829816281369
215 0.00370625016773371
216 0.00371649678616394
217 0.00372871068321786
218 0.00374256350928353
219 0.00375769008749726
220 0.00377358336376998
221 0.00378969379312565
222 0.0038054625461935
223 0.00382033506663256
224 0.00383380276546687
225 0.00384536488725052
226 0.00385451727565096
227 0.00386079986856754
228 0.00386393456537318
229 0.00386369443139584
230 0.00385986102361273
231 0.00385227694062503
232 0.0038409984166352
233 0.00382614218157588
234 0.0038079210676593
235 0.00378690102282176
236 0.00376372981900835
237 0.00373904493206933
238 0.00371346320460396
239 0.00368755729806409
240 0.00366187743770714
241 0.00363695876499538
242 0.0036132983538991
243 0.00359128673042746
244 0.00357128280701512
245 0.00355363979888322
246 0.00353867958955436
247 0.00352661242385389
248 0.00351762418574968
249 0.00351190624057153
250 0.00350963154645591
251 0.00351087940175116
252 0.00351571386761641
253 0.0035242101712547
254 0.00353642784979066
255 0.00355232787170267
256 0.00357185361783957
257 0.00359495743787372
258 0.00362157650461329
259 0.00365156043756093
260 0.00368473742501787
261 0.00372091042738612
262 0.00375977848200169
263 0.00380100570559922
264 0.00384424324824643
265 0.00388909425339754
266 0.003935010385749
267 0.0039813832538446
268 0.00402757531776468
269 0.00407288555370734
270 0.00411644500068247
271 0.00415731661504983
272 0.00419453352654824
273 0.00422714179718952
274 0.00425431865818044
275 0.00427527855778844
276 0.00428924800240085
277 0.00429559085128467
278 0.00429416253128412
279 0.00428497403588953
280 0.00426807820833738
281 0.00424361202901753
282 0.00421192155491649
283 0.00417342594646481
284 0.00412861942441657
285 0.0040782131275326
286 0.00402296708179449
287 0.00396362998655895
288 0.00390095125895424
289 0.00383573025970566
290 0.00376874883971536
291 0.00370074737631272
292 0.00363240144313829
293 0.00356426150526992
294 0.00349682024673358
295 0.00343053461032838
296 0.00336580919758094
297 0.00330294728128655
298 0.003242210723272
299 0.00318384029740196
300 0.00312803498883666
301 0.00307488907556197
302 0.00302446742869014
303 0.00297683019304806
304 0.00293201527073997
305 0.00288998563840085
306 0.00285068967474055
307 0.0028140804629478
308 0.00278010103253011
309 0.00274864128116974
310 0.00271958455181657
311 0.00269281048860754
312 0.0026681602138106
313 0.0026454720827264
314 0.00262459259820897
315 0.00260535569194845
316 0.0025875235675944
317 0.00257084699148095
318 0.00255508423821783
319 0.00254001466512308
320 0.00252548084749622
321 0.00251134346175661
322 0.00249746635932492
323 0.00248372890554059
324 0.00247006286441449
325 0.00245641385650587
326 0.00244272869799824
327 0.00242897128068761
328 0.00241516949621609
329 0.00240136634433559
330 0.00238760387178786
331 0.00237394260461214
332 0.002360518964493
333 0.0023474855174677
334 0.0023349940815477
335 0.00232320359229503
336 0.00231227267376546
