1 0.00376110085772746
2 0.00340447061522154
3 0.00306650141203477
4 0.00275513864757548
5 0.0024759484177638
6 0.00223185226633258
7 0.00202313213364837
8 0.00184692586275721
9 0.00170001561952255
10 0.00157959676764779
11 0.00148311506231689
12 0.00140773134002778
13 0.00135112561699516
14 0.00131164736390888
15 0.00128808016945905
16 0.00127912054198511
17 0.0012838249897072
18 0.00130169354571969
19 0.00133239848185187
20 0.00137505689890855
21 0.00142869088111803
22 0.00149230243951918
23 0.00156484328542903
24 0.00164540478659113
25 0.00173292446363099
26 0.00182603324438275
27 0.00192330568811896
28 0.00202428338138198
29 0.00212873462467693
30 0.00223591791181742
31 0.00234305954437576
32 0.00244639286831918
33 0.00254159877446524
34 0.00262443203824314
35 0.00269258016453245
36 0.00274442399078892
37 0.00277860742468524
38 0.00279371988198147
39 0.00278723281621079
40 0.00275673750956263
41 0.0027005120818558
42 0.00261803485512702
43 0.00251100544409914
44 0.00238221247566243
45 0.00223507114869025
46 0.00207413558698896
47 0.0019064863353121
48 0.0017387496193868
49 0.00157617281158414
50 0.00142267167950262
51 0.00128104510895893
52 0.00115297995761901
53 0.00103923989595703
54 0.000939777435104314
55 0.000853658218328452
56 0.000779770045055241
57 0.000717010478178411
58 0.000664248743712713
59 0.000620485003851915
60 0.000584892557340874
61 0.000556782713676284
62 0.000535510006111753
63 0.000520595746657956
64 0.000511756909111279
65 0.000508878283152286
66 0.000511942331083528
67 0.000521114351503003
68 0.000536781752154887
69 0.000559551067029869
70 0.000590188423532638
71 0.000629736694218946
72 0.000679599253055548
73 0.000741564457106131
74 0.000817706390644091
75 0.000910577632780459
76 0.00102335430494885
77 0.00115986196177009
78 0.0013243241466543
79 0.00152156290665217
80 0.00175685440807928
81 0.00203491546858077
82 0.0023598227850048
83 0.00273459462518315
84 0.00315949321903664
85 0.00362719232509692
86 0.00412234876447593
87 0.0046209998154175
88 0.00509256700135918
89 0.00550950305673712
90 0.00584549476870508
91 0.00607604254097423
92 0.00618282988733515
93 0.00616136407517301
94 0.00601676297808448
95 0.00576123578023175
96 0.00541410082232211
97 0.00500355501739059
98 0.00455806340229144
99 0.00410242542752131
100 0.00365688538604133
101 0.00323748124046923
102 0.00285486830433692
103 0.00251482391710992
104 0.00221892255073017
105 0.00196470320970086
106 0.00174859185335676
107 0.00156664501552181
108 0.00141431822106542
109 0.00128753474133072
110 0.00118289627380379
111 0.00109747813274031
112 0.0010284260352444
113 0.000973396304755206
114 0.000930587041358588
115 0.000898558076288233
116 0.000875928500081922
117 0.000861580782274212
118 0.000854672161142798
119 0.000854501759010478
120 0.000860239228566285
121 0.00087109145513738
122 0.000886322584239165
123 0.000905349191096616
124 0.000928151407994434
125 0.000954881477238136
126 0.000985729034172187
127 0.0010208225209013
128 0.00105990139469626
129 0.00110255136924076
130 0.00114827526038623
131 0.0011963178784073
132 0.00124513337439148
133 0.00129274586821579
134 0.00133692410314538
135 0.00137530991538632
136 0.00140542436295432
137 0.00142475547719232
138 0.00143104827575501
139 0.00142289748198319
140 0.0013994736517712
141 0.00136048516272557
142 0.00130687929358601
143 0.00124250740472549
144 0.00117166208912925
145 0.00109815566294294
146 0.00102508498137515
147 0.00095454842980948
148 0.000888063217489892
149 0.000826729591948124
150 0.000771231502354801
151 0.000721744859845684
152 0.0006782632791856
153 0.000640717536511001
154 0.000608979415350486
155 0.000582806126937289
156 0.000561985124842592
157 0.000546358689691622
158 0.000535764528607669
159 0.000530131048992566
160 0.000529511951589451
161 0.000534069442311512
162 0.000544001424494684
163 0.000559641251586608
164 0.000581505367433377
165 0.000610285129599793
166 0.000646759755271047
167 0.000691917278150925
168 0.000747026617058483
169 0.000813633904515619
170 0.000893421335986455
171 0.000988352359614076
172 0.00110075131198064
173 0.00123316446333415
174 0.0013876985659949
175 0.00156616874215689
176 0.00177002060711903
177 0.00200012620544912
178 0.00225673968421875
179 0.00253905599533969
180 0.00284480324707953
181 0.00316918637320969
182 0.00350186639222198
183 0.00382783545896362
184 0.00412767302798909
185 0.00437673063393899
186 0.00454810907607134
187 0.00461627707609032
188 0.00456646452950064
189 0.0044133078443784
190 0.00418231527061613
191 0.00390040415166913
192 0.00359245754031667
193 0.00327882478016884
194 0.00297524529722496
195 0.00269302733038666
196 0.00243899092283671
197 0.00221500061078953
198 0.00202104523589609
199 0.00185635630878339
200 0.00171944251557702
201 0.00160755328640058
202 0.00151816070927842
203 0.00144933163034989
204 0.00139952794163672
205 0.00136709449746964
206 0.00135083136289606
207 0.00134999427123434
208 0.00136387486010349
209 0.0013921071721314
210 0.00143472917394676
211 0.001491798152903
212 0.00156220560868029
213 0.00164437112719903
214 0.00173636369883573
215 0.00183619911831761
216 0.00194333960262389
217 0.00205755891852087
218 0.00217848902388819
219 0.00230602555660857
220 0.00244179602613628
221 0.00258823130362067
222 0.00274825432124967
223 0.00292487703361711
224 0.00311955652753356
225 0.00333330935071812
226 0.00356712939895368
227 0.00382177806145192
228 0.00409711265354477
229 0.00439236835198831
230 0.00470620479281309
231 0.00503410621945115
232 0.00535948686632193
233 0.00565887641499205
234 0.00590545748944269
235 0.00607309965850527
236 0.00613718390392377
237 0.0060770991537215
238 0.00588493161249294
239 0.00558206415674122
240 0.00519913763366295
241 0.00476678635072179
242 0.00431364811746477
243 0.00386652081312461
244 0.00344570817812555
245 0.00306441894649816
246 0.00272909764552051
247 0.00243902104847223
248 0.00219139435743225
249 0.00198297490522376
250 0.00181010558654368
251 0.00166816594313647
252 0.00155308996880472
253 0.00146166887033109
254 0.0013912531732591
255 0.00133913999364146
256 0.00130317598272661
257 0.00128183400241174
258 0.00127391683625856
259 0.00127790595955448
260 0.00129243245926122
261 0.00131640706916684
262 0.00134910898461283
263 0.00138994984345273
264 0.00143835890784775
265 0.00149374574148367
266 0.00155550130982193
267 0.00162291536376145
268 0.00169512106644368
269 0.00177059663026576
270 0.00184559190798854
271 0.00191522263313295
272 0.00197397244143993
273 0.00201605844379887
274 0.00203625333685698
275 0.00202994613000432
276 0.00199350878983536
277 0.00192612579929905
278 0.001833655958685
279 0.00172364217927936
280 0.00160325251838621
281 0.00147878542630722
282 0.0013553518735658
283 0.001236890806652
284 0.00112612189733374
285 0.00102439961482899
286 0.000932377894693799
287 0.000850279824229979
288 0.00077794553461925
289 0.000714773849762806
290 0.00066007935480451
291 0.000613207627156764
292 0.000573524939628283
293 0.000540348912384917
294 0.000513086840845231
295 0.000491269096689491
296 0.000474521334162774
297 0.000462497377487054
298 0.000454954477840243
299 0.000451772301916318
300 0.000452931031805885
301 0.000458451380347089
302 0.000468458494101278
303 0.000483207218271236
304 0.000503069135869263
305 0.000528469887832885
306 0.000559960177023291
307 0.000598252195667107
308 0.000644193463284977
309 0.000698622565949874
310 0.000762467415818499
311 0.000836783843474219
312 0.000922764843399277
313 0.00102171514048907
314 0.00113502361249109
315 0.00126424846764185
316 0.00141153771386156
317 0.00157945018189091
318 0.0017708978210946
319 0.00198879664630058
320 0.00223455064094654
321 0.00250842753430036
322 0.00280952918261036
323 0.00313519870996371
324 0.00347978589572926
325 0.00383462286491629
326 0.00418797011069989
327 0.00452400797747886
328 0.00481954628033707
329 0.00504749619260402
330 0.00518032663426913
331 0.00519851003820315
332 0.00510849971070884
333 0.00492783823336798
334 0.00467705352049505
335 0.00437567037830988
336 0.00404228453263756
