1 0.000844558034651302
2 0.000914392702981649
3 0.000993774564478761
4 0.00108298444204086
5 0.00118184719657269
6 0.00128974977472473
7 0.00140566109079836
8 0.00152832336925383
9 0.00165601235213794
10 0.00178640554631173
11 0.00191691792517093
12 0.00204601652313809
13 0.00217248191866074
14 0.00229511193115883
15 0.00241262102357954
16 0.00252324428510167
17 0.00262506166253847
18 0.00271615661355246
19 0.00279438938892066
20 0.00285656632104932
21 0.00289929282481874
22 0.00291941097712118
23 0.00291419406384048
24 0.00288154683834807
25 0.0028202025079212
26 0.00272989085289723
27 0.0026125567620185
28 0.00247523705612389
29 0.00232571432641434
30 0.00217124016483377
31 0.00201909084866262
32 0.0018752138490427
33 0.00174398930251041
34 0.0016281609403724
35 0.00152832968402493
36 0.00144450652939363
37 0.0013766428498032
38 0.00132458864947954
39 0.00128773289402474
40 0.00126568186749214
41 0.00125847948135645
42 0.00126648825438104
43 0.00128993614929841
44 0.00132943667688105
45 0.00138617996603338
46 0.00146179528295617
47 0.00155776194422742
48 0.0016758619099978
49 0.00181833035846423
50 0.00198739086076349
51 0.00218355333131747
52 0.00240609434391721
53 0.00265294798191426
54 0.00292012191082128
55 0.00320093071914148
56 0.00348571581555451
57 0.00376176611430991
58 0.00401366003907819
59 0.00422385652527704
60 0.00437389860755401
61 0.00444883851042959
62 0.00444728870112802
63 0.00437443513281387
64 0.00423869748999051
65 0.00405125546064214
66 0.00382638576913351
67 0.00357835424630813
68 0.00331991962560327
69 0.00306106835979866
70 0.00280710017618671
71 0.00256163532894954
72 0.00232748368933449
73 0.00210699999307524
74 0.00190283560566851
75 0.00171676358835401
76 0.0015495524680983
77 0.00140124492969435
78 0.00127146215603884
79 0.00115945861228153
80 0.00106411782493339
81 0.000983749059319819
82 0.000916760276430655
83 0.000861828141879121
84 0.000817821481401792
85 0.000783611804064217
86 0.00075830273716045
87 0.000741272591215641
88 0.000732096230422614
89 0.000730368451335314
90 0.000735859551382465
91 0.000748552631090874
92 0.000768573016433217
93 0.000795987960512775
94 0.000830950516316157
95 0.000873735118040184
96 0.000924643766623721
97 0.000983727689611869
98 0.00105090236740053
99 0.00112594754502862
100 0.0012082512332916
101 0.00129607229912319
102 0.00138681201665586
103 0.00147708737027381
104 0.00156318880590501
105 0.00164277866746758
106 0.00171390615956739
107 0.0017750472434007
108 0.00182645207395646
109 0.00186912828398293
110 0.0019044046738027
111 0.0019334098441168
112 0.00195561104951979
113 0.00197007486196669
114 0.00197593410724433
115 0.00197245329564318
116 0.00195915951955833
117 0.0019357673950509
118 0.00190216536985485
119 0.00185856201559482
120 0.00180585911823054
121 0.00174519356972657
122 0.00167776506911151
123 0.00160509564408427
124 0.00152976804125129
125 0.00145431180668198
126 0.00138085891107839
127 0.00131118942155304
128 0.00124686032140085
129 0.00118913247916258
130 0.00113900777832505
131 0.00109718127901524
132 0.0010637644577461
133 0.0010388079786174
134 0.00102239726807212
135 0.00101444606901345
136 0.00101498104571099
137 0.00102423898036709
138 0.00104256802939048
139 0.00107007780830929
140 0.00110696251114995
141 0.00115360130460623
142 0.00121042263142445
143 0.00127746317941352
144 0.00135461540965936
145 0.00144167094270501
146 0.00153794502257286
147 0.00164113755435729
148 0.00174783200551622
149 0.00185364416759893
150 0.00195357260509067
151 0.00204335916894519
152 0.00211880058008088
153 0.00217562456912732
154 0.00221026542171093
155 0.00222171843217866
156 0.00221021652652571
157 0.00217741673747
158 0.00212833710296992
159 0.00206873805901913
160 0.00200406159567668
161 0.00193871451776947
162 0.00187456296932615
163 0.00181275077635024
164 0.0017542708527823
165 0.00169970444438188
166 0.00164847548110132
167 0.00159980501522543
168 0.00155299558382014
169 0.00150755691549379
170 0.00146357094657343
171 0.00142123300736703
172 0.00138071207272339
173 0.00134227961546327
174 0.00130666376469775
175 0.00127463390974401
176 0.00124688865480316
177 0.00122399617066022
178 0.00120617758847988
179 0.00119360226232765
180 0.00118648853575646
181 0.00118527329436515
182 0.0011911012666471
183 0.0012054117559438
184 0.00122968823570653
185 0.00126498108133614
186 0.00131248385170334
187 0.00137377678868218
188 0.0014507261647279
189 0.00154493783664002
190 0.00165823313581173
191 0.00179284078444623
192 0.00195101383370248
193 0.00213351983392602
194 0.00234020959772136
195 0.00257003465789448
196 0.00282023303210156
197 0.00308426717069159
198 0.0033522092126868
199 0.00361089557209925
200 0.00384712709586291
201 0.00405869415649806
202 0.00424808473262302
203 0.00441962204268616
204 0.00457721474466263
205 0.00471766585136722
206 0.00483570805572571
207 0.00492625307033626
208 0.00498530280532345
209 0.00500954424453146
210 0.00499631862646457
211 0.0049437834672336
212 0.00485103585736393
213 0.00471826411014958
214 0.00454683507066735
215 0.00433992093931878
216 0.00410400873668796
217 0.00384642421153766
218 0.00357435097091346
219 0.0032954949358825
220 0.00302005138402351
221 0.00275670050008504
222 0.00251164831050052
223 0.00228874235841033
224 0.00208941787688673
225 0.00191393601511221
226 0.00176192289473009
227 0.00163256637121351
228 0.00152468256537857
229 0.00143712999032723
230 0.00136900170247635
231 0.00131953178391858
232 0.0012876385217497
233 0.00127265245282285
234 0.00127439602522144
235 0.00129279413404881
236 0.00132828054755735
237 0.0013819443088547
238 0.00145540315071973
239 0.00155027425577973
240 0.00166860526024823
241 0.00181303282394906
242 0.00198622662296725
243 0.00218874859102068
244 0.00241967700226196
245 0.00267648329586755
246 0.00295516556593205
247 0.00325255123419807
248 0.00356467112168864
249 0.0038859430531248
250 0.00420972128687697
251 0.00453069349391166
252 0.00484366468195216
253 0.00514310363547858
254 0.00542189217771428
255 0.00566680889851352
256 0.00586226157343525
257 0.00599249489826083
258 0.00604254102749431
259 0.00599876858982002
260 0.00585155846119621
261 0.00560105888188673
262 0.00526782876421493
263 0.00487772891960907
264 0.00445543671661946
265 0.00402315775558713
266 0.00360067613282811
267 0.00320282970558045
268 0.00283929983481103
269 0.00251500508747211
270 0.00223020082236298
271 0.00198326316567056
272 0.00177174869913684
273 0.00159267002851585
274 0.00144250291559389
275 0.00131795970905993
276 0.00121621188520039
277 0.00113474628157458
278 0.00107094329805699
279 0.00102268448082957
280 0.000988446956988662
281 0.000967155356686475
282 0.000957917515959703
283 0.000960223799557916
284 0.000973899783725529
285 0.000998814978270141
286 0.0010350893762824
287 0.00108314252631464
288 0.00114354955813115
289 0.00121660074122216
290 0.00130250918830808
291 0.00140142256061548
292 0.00151305536526718
293 0.00163562255758777
294 0.00176614054882556
295 0.00190043574723466
296 0.00203339142117626
297 0.0021602794375296
298 0.00227605777050178
299 0.0023752235547355
300 0.00245208060180796
301 0.00250106914697532
302 0.00251725026990783
303 0.00249680931614157
304 0.00243886140733317
305 0.00234942711024745
306 0.00223653976125803
307 0.00210813196441977
308 0.0019713037749124
309 0.0018315407275951
310 0.00169324965766601
311 0.00155975462927192
312 0.00143295347884542
313 0.00131405413690559
314 0.00120382902576715
315 0.00110279005708384
316 0.00101150312640498
317 0.000930248390866263
318 0.000859011578570933
319 0.000797493515965831
320 0.000744966978506073
321 0.000700697756969279
322 0.00066406463046367
323 0.00063452990949211
324 0.000611545633939877
325 0.000594685952086121
326 0.000583680888626116
327 0.000578377449967346
328 0.000578633041714113
329 0.000584428209904753
330 0.000595902451323584
331 0.00061332767083395
332 0.000637015777467449
333 0.000667409295576913
334 0.00070508139985327
335 0.00075061500783112
336 0.000804689955066216
