1 0.00102445428845042
2 0.000738583835995481
3 0.000543853550638373
4 0.000410192770430628
5 0.000317402609444783
6 0.00025229054915915
7 0.00020622745301189
8 0.000173453295568883
9 0.000150169381023461
10 0.00013387965743848
11 0.000122944808238635
12 0.000116284858049005
13 0.000113257009357603
14 0.00011356575386056
15 0.000117204699687189
16 0.000124419229699813
17 0.000135758761615958
18 0.000152152458478834
19 0.00017501524097513
20 0.000206377749026657
21 0.000249176042083169
22 0.000307660570463862
23 0.000387879629760365
24 0.000497975633811996
25 0.000649086817191609
26 0.000856400438099374
27 0.00114007874330075
28 0.00152518436266218
29 0.00204170821896701
30 0.00272247825668827
31 0.00359503033716421
32 0.00467245196898426
33 0.0059407296580965
34 0.00734973433309306
35 0.0088270248131852
36 0.010274793898792
37 0.0115734538734039
38 0.0125852036639413
39 0.0131391708085245
40 0.0130867653283059
41 0.0123556487011692
42 0.011008809068535
43 0.00929246092022669
44 0.00747518645900373
45 0.00576536174609988
46 0.00429436489911055
47 0.0031264786964811
48 0.00225450721707219
49 0.00163177373134794
50 0.00119917307273772
51 0.00089869651659223
52 0.000688597914882731
53 0.000540811630537015
54 0.000436403572790941
55 0.000362453548963478
56 0.000310333174289781
57 0.000274286030108143
58 0.000250358452550925
59 0.000236040120561698
60 0.00022990892897414
61 0.000231358187775588
62 0.000240387145211355
63 0.000257694075875337
64 0.000284795813282802
65 0.000324173190518094
66 0.000379359843010162
67 0.000455493055454946
68 0.000560006000685073
69 0.000703312139428634
70 0.000898823482803131
71 0.00116395741056219
72 0.0015208962331596
73 0.00199781641377955
74 0.00263405826258795
75 0.00348222095417669
76 0.00461093116257184
77 0.00609265078924022
78 0.00791973355500218
79 0.00995871943838638
80 0.0119415529902812
81 0.0135869431186965
82 0.0146296331122548
83 0.0148667339298197
84 0.014245561165514
85 0.0129587140192195
86 0.0112880290810437
87 0.00949755974010335
88 0.00778255988675988
89 0.00625034118536774
90 0.00494903230320373
91 0.00388646064723216
92 0.00304213491522735
93 0.00237622514042735
94 0.00185247809019836
95 0.00144159517619365
96 0.00112078901356674
97 0.000873690679476869
98 0.00068581510891094
99 0.000544419097974476
100 0.000438762550517955
101 0.000359846519673189
102 0.000300919035296996
103 0.000257086251891096
104 0.000224794351561078
105 0.000201402488224215
106 0.000185072213267388
107 0.000174580291442338
108 0.000169135502162539
109 0.000168354434983964
110 0.00017223803183627
111 0.000181154482574902
112 0.000195808413165802
113 0.000217399642082653
114 0.000247807360456718
115 0.00028982531429553
116 0.000347447883731031
117 0.000426475939496678
118 0.000535389695696655
119 0.000686203281262235
120 0.000894035504412631
121 0.0011781623478865
122 0.00156253970706074
123 0.00207549663549172
124 0.00274930483965217
125 0.00361694905821937
126 0.0047064271717664
127 0.00603448957047634
128 0.00760652538911427
129 0.00940781782847313
130 0.0113951745798203
131 0.0134695114245713
132 0.015381714630598
133 0.016773507651245
134 0.0173056676061278
135 0.0168940904293787
136 0.0156408119553981
137 0.0137627881934804
138 0.0115461129661143
139 0.00930203424350646
140 0.007256830293745
141 0.00552847216900249
142 0.00414716537269409
143 0.00308604398276168
144 0.00229446906707831
145 0.00171679502266377
146 0.00130133760913159
147 0.00100366675386224
148 0.000790604178690052
149 0.000638464155613563
150 0.000530284456315188
151 0.000453388314160809
152 0.000399176821751879
153 0.00036202378627832
154 0.000338256759208623
155 0.000325407356365954
156 0.000322056174852516
157 0.00032758510561374
158 0.000341840071590803
159 0.000365223956802438
160 0.000398716228810548
161 0.00044375128350874
162 0.000501737989026954
163 0.000574167413329802
164 0.000662501463101934
165 0.000768841296907296
166 0.000899727863490574
167 0.00106582042775647
168 0.00128300051564802
169 0.00157389386670444
170 0.00196531975947093
171 0.00249268306312474
172 0.00320433692233505
173 0.00416089048183416
174 0.0054136589555071
175 0.0069923746051005
176 0.00888339845415124
177 0.011002314418237
178 0.0131806173034456
179 0.0151592755736533
180 0.0166144457568354
181 0.0172648266888665
182 0.0170841626016639
183 0.0162048208265058
184 0.0148063834747141
185 0.0130118261034204
186 0.0109629318784003
187 0.00882710447940478
188 0.00678776472028637
189 0.00503303925925132
190 0.00364309839944272
191 0.0026063369105323
192 0.00186386164901326
193 0.00134134071780381
194 0.000976837147045726
195 0.000723887944708591
196 0.000548529377698896
197 0.000425949364925923
198 0.00033947081317856
199 0.000278091469315656
200 0.00023447598798755
201 0.000203631997704492
202 0.000182252407147392
203 0.000168198564323506
204 0.000160135624443724
205 0.000157281387404181
206 0.000159349360201812
207 0.000166501210474281
208 0.000179304741310985
209 0.000198855311419512
210 0.000226943158406722
211 0.000266290451703528
212 0.000320863747807414
213 0.000396497548662467
214 0.000501813320728648
215 0.000649201517839578
216 0.000854709592389537
217 0.00113933562707038
218 0.0015299195908675
219 0.00205899760022527
220 0.00276308922723135
221 0.00367846458098315
222 0.00483342494797327
223 0.00623092358559457
224 0.00780495241469033
225 0.00940061266529221
226 0.0107744988475716
227 0.011656396811958
228 0.0119112691402357
229 0.0115290910038161
230 0.0105985967062102
231 0.00928814371287066
232 0.00782197376567137
233 0.006388218754474
234 0.00510077274907321
235 0.00399663596136835
236 0.00308101588537691
237 0.00234303773368762
238 0.00176370880728377
239 0.00132258507415704
240 0.000995143251249277
241 0.000756709155598982
242 0.000585124094885376
243 0.000461160589150567
244 0.000370960808872775
245 0.000304972074316317
246 0.000256560354468304
247 0.000221049021918267
248 0.00019520309046652
249 0.000176812449030583
250 0.00016437223890106
251 0.000156828738447506
252 0.00015354262852674
253 0.000154227876998217
254 0.000158893618024765
255 0.000167786770499267
256 0.000181455157827177
257 0.000200813893341469
258 0.000227210958264529
259 0.000262456692139922
260 0.000309034036177741
261 0.000370280646479725
262 0.000450403657783131
263 0.000554775598393671
264 0.00069020017446077
265 0.000864597178553734
266 0.00108452369616692
267 0.00135393824453311
268 0.00167202748630096
269 0.00202999818058706
270 0.00240746914146893
271 0.00277088730683447
272 0.0030750724080984
273 0.00327327363784262
274 0.00334046531490021
275 0.0032708021278233
276 0.00307497763627228
277 0.00277981413065862
278 0.00242747531987311
279 0.00205860975346088
280 0.00170448170448128
281 0.00138563375111424
282 0.00111338437526227
283 0.000890438407334798
284 0.00071327254781427
285 0.000574326226979084
286 0.000466206592195702
287 0.00038263034969148
288 0.000318355473211277
289 0.000268951143154588
290 0.000231017534318686
291 0.000202026759907605
292 0.000180087670505005
293 0.000163733297746622
294 0.000151904870043754
295 0.000143877079507573
296 0.000139173890317476
297 0.000137486892016429
298 0.000138691805614203
299 0.000142848214651054
300 0.000150187331549386
301 0.00016107650605887
302 0.000176087644215299
303 0.000196056209547363
304 0.000222127504585433
305 0.000255764570520637
306 0.000298881271219338
307 0.000353981849358873
308 0.000424120087162428
309 0.000512172635851061
310 0.000620806013424333
311 0.000753017927007673
312 0.00091555282054927
313 0.00111895601349727
314 0.00137852581527156
315 0.00171606698129532
316 0.00216034001906407
317 0.00275138856864852
318 0.00354641490198091
319 0.00462134427068104
320 0.00604681867932908
321 0.00787926667435729
322 0.0101409784686072
323 0.0127686428168558
324 0.0154903553502905
325 0.0178104238249487
326 0.0190937605091763
327 0.0188494870789659
328 0.0171863790835162
329 0.0145684939363171
330 0.011556255266825
331 0.00864985423784232
332 0.00620465750934189
333 0.00434048039172812
334 0.00300853691635888
335 0.00208433608297281
336 0.00145340628276962
