1 0.00444259024760197
2 0.00374987355392862
3 0.00312605806647706
4 0.00259720634469606
5 0.00216532001104128
6 0.00182299172675164
7 0.00155874782108455
8 0.0013581093444757
9 0.00120903395054618
10 0.0011027139972988
11 0.00103277262081526
12 0.000993913933520993
13 0.000983107481993926
14 0.000999692140105909
15 0.00104498824809141
16 0.00112138253916273
17 0.00123331127715915
18 0.00138786194042887
19 0.00159434370767749
20 0.00186084005918429
21 0.00219476205468421
22 0.00260182308846623
23 0.0030832898599945
24 0.00363180489469808
25 0.00422770510875396
26 0.00483582001840475
27 0.00540956512295816
28 0.0059133981294171
29 0.00631795845633604
30 0.00659745069720541
31 0.00672799383426006
32 0.00669369500534949
33 0.00649042064498706
34 0.00613671329593639
35 0.00569638747270032
36 0.00523469867961014
37 0.00480226963250687
38 0.00443031652271533
39 0.00412240747996934
40 0.00387632419002024
41 0.00369034626983241
42 0.00356057235862619
43 0.00347231264213043
44 0.00341041319954825
45 0.00336144850320329
46 0.00331356039485809
47 0.00325786966832165
48 0.00318669183266747
49 0.00309321956562953
50 0.00297147293867058
51 0.00281557828432207
52 0.0026222323585577
53 0.00239195909144095
54 0.00213338319122354
55 0.00187070994892122
56 0.00162459000209334
57 0.00140668501193581
58 0.00121962143801308
59 0.00106273250162432
60 0.000934092239513423
61 0.000830954579529136
62 0.000749678407966255
63 0.000687115092414398
64 0.00064089513532151
65 0.000609248344421078
66 0.000590611803098005
67 0.000584065286650909
68 0.000589417448344227
69 0.000607082253502586
70 0.000637728651704335
71 0.000682651213013446
72 0.000743955054864279
73 0.000824466889851882
74 0.000927058672711355
75 0.00105502091882626
76 0.00121212364995966
77 0.00140303480728787
78 0.00163566918580117
79 0.0019208280185977
80 0.00227173113327547
81 0.00270153403047242
82 0.00322409894081158
83 0.00385398216169763
84 0.00460247165431717
85 0.00546263543177112
86 0.00640645873928502
87 0.00738115781716628
88 0.00831141442160191
89 0.00912122207249102
90 0.00973419756222823
91 0.0100798751641192
92 0.0101103727297095
93 0.00982529087843149
94 0.00925773109039549
95 0.00846348523139178
96 0.00751613193600068
97 0.00650460135541846
98 0.00550594907949235
99 0.00457554241619712
100 0.0037496305716051
101 0.00305259901934001
102 0.00248891178661016
103 0.0020489761063422
104 0.00171519879180097
105 0.00146395234903131
106 0.00127610669178466
107 0.00113764576951525
108 0.00103778252774923
109 0.000968957472645416
110 0.000926234245349922
111 0.000906412122003917
112 0.000906780885368384
113 0.000925734389217415
114 0.000962748749691059
115 0.00101769140260034
116 0.00108899737829309
117 0.00117429063032247
118 0.00127026181333952
119 0.00137275848718881
120 0.00147851192563701
121 0.00158385417799235
122 0.00168420708820674
123 0.00177626798430618
124 0.00186528611790995
125 0.00196023936028292
126 0.00207205502545005
127 0.00221252653320124
128 0.00238945584519307
129 0.00261111472312538
130 0.00288842611255282
131 0.00323431440318182
132 0.00365857921610003
133 0.00417025005578047
134 0.00477844475153939
135 0.00549316014707144
136 0.00632340930752606
137 0.00727540189110889
138 0.0083321808735406
139 0.00937612800384381
140 0.0102112556048887
141 0.010601589757524
142 0.010380042417313
143 0.00964464764605356
144 0.00859401427950566
145 0.00742154033767955
146 0.00627369130059793
147 0.00523214105214695
148 0.00433644379950591
149 0.0035980652717981
150 0.00300910926371076
151 0.0025482570610521
152 0.0021940611948879
153 0.00192848739844926
154 0.00173624764715263
155 0.00160217470435531
156 0.0015152671922136
157 0.00146794316958608
158 0.00145298826989584
159 0.00146494872131801
160 0.00149990628082637
161 0.00155493263631457
162 0.00162814153680605
163 0.00171784509262242
164 0.00182207132619153
165 0.00193831250659181
166 0.00206339864448275
167 0.00219319228681517
168 0.00232240690061606
169 0.00244473424883458
170 0.00255351494898542
171 0.00264161717565574
172 0.0027017023148857
173 0.00272879777571039
174 0.00272694579249172
175 0.0027031890326914
176 0.0026649825653418
177 0.00261970315999282
178 0.00257433472068358
179 0.00253540427727352
180 0.00250907078682943
181 0.0025002145369786
182 0.00250933703718436
183 0.00253616501706144
184 0.00258082804708857
185 0.00264397738438061
186 0.00272668131951037
187 0.00283041234391434
188 0.00295387267547156
189 0.00308218807541412
190 0.00319432577990307
191 0.00326648446402475
192 0.00327644574134135
193 0.00321386657003657
194 0.00307570887626355
195 0.00286511774217264
196 0.00259595975053939
197 0.00230072510397141
198 0.00200905959830066
199 0.00174115072205577
200 0.00150758137020809
201 0.00130955488428386
202 0.0011452262046085
203 0.00101183560044165
204 0.000906088117416796
205 0.000823985668582697
206 0.00076219880254102
207 0.000718175982485377
208 0.000689666816892686
209 0.000675195352831095
210 0.000674119172231856
211 0.000686416437687117
212 0.000712155515633835
213 0.000751937612874724
214 0.000807034152262013
215 0.000879158205970562
216 0.000969581178022678
217 0.00107944156350844
218 0.00120967247832632
219 0.0013612137629908
220 0.00153684909372475
221 0.0017402789156521
222 0.00197571993178334
223 0.00224844170784024
224 0.00256683345906414
225 0.00294223593003044
226 0.00338940509907181
227 0.00392214692423456
228 0.00453125387170311
229 0.00518729635344494
230 0.00584029564133373
231 0.00643040516882252
232 0.00693488328243917
233 0.00735034439631176
234 0.00767673850595396
235 0.00789663853778196
236 0.00799033558066093
237 0.00794334675188028
238 0.00774855348593665
239 0.00740807998863715
240 0.00693348182541499
241 0.00634521964219734
242 0.00567790223997885
243 0.00499132060313158
244 0.00433598227850047
245 0.00374429558314027
246 0.00323163886390694
247 0.00279740700161841
248 0.00243594118453909
249 0.00214020315720894
250 0.00190222320864091
251 0.00171236519998798
252 0.00156246871670574
253 0.00144629547546287
254 0.00135922750607642
255 0.0012981034594592
256 0.00126098287655453
257 0.00124707336368072
258 0.00125619335499841
259 0.00128705497896267
260 0.00133877285804451
261 0.00141046666369863
262 0.00149857482531672
263 0.00159790826052685
264 0.0017016955629383
265 0.00180248150374801
266 0.00189640999945743
267 0.00198053477929353
268 0.00205181365836427
269 0.00210894707288269
270 0.00215792149279263
271 0.00220733381950175
272 0.00226664056521147
273 0.00234388313397928
274 0.00243799047152648
275 0.00254514208825389
276 0.00266083267670009
277 0.00278013372845831
278 0.00289917561610651
279 0.00301396103855768
280 0.00311995844979395
281 0.00321145587250834
282 0.00327937326083873
283 0.00331367016130127
284 0.00330607486606675
285 0.00325464388161391
286 0.00316042275537604
287 0.00302622040220891
288 0.00285654329648363
289 0.00265749979271009
290 0.00243620532056374
291 0.00220028320397454
292 0.00195920844169153
293 0.00172752499875629
294 0.00151639978449298
295 0.00133215546944692
296 0.00117702201060535
297 0.00104943587467471
298 0.000947002517627367
299 0.000867465996033639
300 0.000808731646499931
301 0.000768424958132456
302 0.000744903540574528
303 0.000737490198633272
304 0.000746280373865729
305 0.000771567334103759
306 0.00081448666782838
307 0.00087729219578842
308 0.000963370229006305
309 0.0010769062660927
310 0.00122340996740186
311 0.00140919020201109
312 0.00163775461123096
313 0.00190989581900809
314 0.00222256178292134
315 0.00256724838533806
316 0.00293002129738424
317 0.0032897818433948
318 0.00361796795695819
319 0.00388657671495005
320 0.00409308853632976
321 0.00424798685356218
322 0.0043674465155754
323 0.00447099229339348
324 0.00457886707350094
325 0.00471293880479392
326 0.0048978542627447
327 0.00515353879097096
328 0.00546539884354603
329 0.00580489702458745
330 0.00613573594996873
331 0.00640989683792888
332 0.0065588440747659
333 0.00651089910816394
334 0.00622440162499497
335 0.00573931528448586
336 0.00512333041247719
