1 0.00665083893909814
2 0.00736281443810578
3 0.00826705305849213
4 0.00945302015034295
5 0.0107186324111724
6 0.0116471975833998
7 0.0118221233367946
8 0.0113002278218582
9 0.0103406231033204
10 0.00920918576148885
11 0.00809049282848233
12 0.00702199827146889
13 0.00601208305426001
14 0.00507006879608052
15 0.00420359501696105
16 0.00341529570696578
17 0.00270934586827919
18 0.00209101460743314
19 0.0015691072707153
20 0.00115817991328327
21 0.000853258914534335
22 0.000636687219943832
23 0.00048727530981818
24 0.000384145311167467
25 0.000312650103161765
26 0.000263287559947822
27 0.000229879243838945
28 0.000208376674350692
29 0.000196328569946289
30 0.000192406346549723
31 0.000195938622817198
32 0.000207042830618851
33 0.000226680510346245
34 0.00025670521568574
35 0.000299839552765888
36 0.00036009925166434
37 0.000443281045260084
38 0.000556801484391765
39 0.000706503414565422
40 0.000895255988353661
41 0.00112002647190232
42 0.0013702188306857
43 0.00163555608990864
44 0.00190409691132411
45 0.00216120596128911
46 0.00239568833105626
47 0.00261977157514835
48 0.00286068784671016
49 0.003157339963322
50 0.00355487942229847
51 0.00407349716955265
52 0.00472585365901973
53 0.00552199260361076
54 0.00645399688398713
55 0.00744426980100342
56 0.00834686624642332
57 0.00898135495619197
58 0.00923509582136418
59 0.0090553648789419
60 0.00844876325376006
61 0.00749653087223675
62 0.00636441430755972
63 0.00521044276016371
64 0.00414588023960558
65 0.00322847707853433
66 0.00246818285991618
67 0.00185654282168672
68 0.00137699845319442
69 0.00101063289377248
70 0.000740494809349371
71 0.000547185040938942
72 0.000411950203363926
73 0.000318778399834579
74 0.00025444168015894
75 0.000209934776125233
76 0.000179439253947596
77 0.000159210694579969
78 0.000146863858951207
79 0.000141044712214344
80 0.000141179134280211
81 0.000147256817053569
82 0.000159975059022774
83 0.000180917894911162
84 0.000212842280596745
85 0.000260096751131715
86 0.000329594427119072
87 0.000432372606323136
88 0.000585386437809142
89 0.000811041999299159
90 0.00113861568416787
91 0.00160382952439002
92 0.00224244523912655
93 0.00306830358887363
94 0.00404725064198105
95 0.00507005197997116
96 0.00596785359274885
97 0.00664103700784358
98 0.0070587144325306
99 0.00723978121403479
100 0.00723314924329992
101 0.00708424373954167
102 0.00683993589600762
103 0.00654683710170846
104 0.00623313671293248
105 0.00587122519006706
106 0.00542986197396425
107 0.00489416995676624
108 0.00427184536526896
109 0.00358851552967036
110 0.00288328604579318
111 0.00221219254559572
112 0.00164794595021604
113 0.00121751860498325
114 0.000911306592453334
115 0.00070364890604349
116 0.000563354463581154
117 0.000468559725695097
118 0.000405625606603242
119 0.000366033812323563
120 0.000344328130114262
121 0.000337550670276328
122 0.000344730308080334
123 0.000366375878301272
124 0.000403564135494733
125 0.000458502920033078
126 0.000534712691891038
127 0.000636356939967873
128 0.000765121681006058
129 0.00091919373882966
130 0.00109126496753772
131 0.00126965933683026
132 0.00145145536124776
133 0.00163903607288541
134 0.00183454726433797
135 0.00202689266861198
136 0.00219726041028284
137 0.00232311306848552
138 0.00238841378428664
139 0.00240991447521473
140 0.00241585048048451
141 0.00243577841172809
142 0.00249777610189318
143 0.00262282600896785
144 0.00283635844995503
145 0.00317686024403447
146 0.0036927421715001
147 0.00439855149803248
148 0.00528191010394577
149 0.00629101867456309
150 0.00731329275634099
151 0.00817041474431924
152 0.00863913336727516
153 0.00851410799298805
154 0.00773784567319772
155 0.00653884589540051
156 0.00520512087847536
157 0.00395410699522774
158 0.0029031824105422
159 0.00208653008749643
160 0.0014867499369166
161 0.00106320842556271
162 0.000770717253158548
163 0.000571675117668766
164 0.000437983979152261
165 0.000349412889539343
166 0.000291124782598933
167 0.000253750956406369
168 0.000231766935513641
169 0.000222128864229805
170 0.000223427166312001
171 0.000235819643666915
172 0.00026113905500557
173 0.000303172502753017
174 0.000367865012306007
175 0.000464798950680021
176 0.00060927670124709
177 0.000824763873294664
178 0.00114342002909287
179 0.00160855263911921
180 0.00227512442524938
181 0.00318805990988308
182 0.00426720542526014
183 0.00523248261797291
184 0.00571406601373233
185 0.00569857604183831
186 0.00539287066501543
187 0.0050320246989591
188 0.00477962167986776
189 0.00465008106287763
190 0.00463269820364806
191 0.00472498696350848
192 0.00493808403778894
193 0.00531814609024335
194 0.00594240797082414
195 0.00693586346030956
196 0.00845496818747162
197 0.0104731824846759
198 0.0127407974985917
199 0.0147160544887203
200 0.015719557042159
201 0.0155689224448708
202 0.0144342283205495
203 0.0126450776939276
204 0.0106026487610869
205 0.00874056277555091
206 0.00730423169855118
207 0.00632391739171861
208 0.00559395832632788
209 0.00494080866035009
210 0.00425811568718105
211 0.0035189801578875
212 0.00280353368101364
213 0.00217710702320951
214 0.00166629226984209
215 0.00127073343353902
216 0.000975375897570038
217 0.000761024163290639
218 0.000609575946886505
219 0.000505501445356977
220 0.000435131797081196
221 0.00038925040533476
222 0.000362286016240685
223 0.000351049957381236
224 0.000353647124435025
225 0.000369675591012754
226 0.000400208034617405
227 0.00044732848066788
228 0.000512261894663242
229 0.000595701106084308
230 0.000697239833444473
231 0.000814775693908892
232 0.00094586734977741
233 0.00108625314001826
234 0.00123038528457133
235 0.00137711468844534
236 0.00152775696349309
237 0.00168511384149675
238 0.00185313656393677
239 0.00203521589202739
240 0.00223530667420743
241 0.00245858636584576
242 0.00271144213131898
243 0.00300064776084829
244 0.00333433599942169
245 0.00372273660546482
246 0.00417219090103437
247 0.00465968753018937
248 0.00514045106806651
249 0.00555221407333821
250 0.00582271907883011
251 0.00589051842896262
252 0.00571366884514152
253 0.00528156382273581
254 0.00464225267086048
255 0.00393218586979611
256 0.00326598893770183
257 0.002706635653359
258 0.00227055700691285
259 0.00193236419482842
260 0.00166701517598334
261 0.00145540858052329
262 0.00127990798112504
263 0.0011275504026348
264 0.000989622800831528
265 0.000862003635276555
266 0.000747227178445619
267 0.000647466156453934
268 0.000563274033475617
269 0.000494324147384153
270 0.000440228568881876
271 0.000400347673362744
272 0.000374116995608386
273 0.000361123936877772
274 0.000360453478663846
275 0.000372049456892294
276 0.000397122495841521
277 0.000438031921833197
278 0.000497412213552275
279 0.000578895008881675
280 0.000687382630500295
281 0.000828297200416407
282 0.00100406448148036
283 0.00121270898917345
284 0.00144831504951743
285 0.00171081744170857
286 0.00200335609724827
287 0.00233080217183795
288 0.00269843873999043
289 0.0031045825821827
290 0.00354235128578623
291 0.00400031355187187
292 0.0044681043446676
293 0.00495986640443498
294 0.00550572703600047
295 0.00614939032845656
296 0.00691310052733361
297 0.00764593509030725
298 0.0080856408532846
299 0.00794592075068822
300 0.00710463266726151
301 0.00582979532323854
302 0.00446137577095977
303 0.00323611066743775
304 0.00226143876994745
305 0.00154727285089674
306 0.00105336973233564
307 0.000725176946597358
308 0.000511868113527304
309 0.000372104385308803
310 0.000279180754876342
311 0.000216630752205535
312 0.000174179975975966
313 0.000145388742795724
314 0.000126219854771795
315 0.000114144667228675
316 0.000107550099157774
317 0.000105571469674861
318 0.000107948334406942
319 0.000114943200987986
320 0.000127308888166471
321 0.00014647503167429
322 0.000174831159250581
323 0.00021614115034861
324 0.000276059344169725
325 0.000363235426567697
326 0.000490983675014173
327 0.00067898294081504
328 0.000951880407146843
329 0.00133876608128911
330 0.00186935837615898
331 0.00256036838135164
332 0.00337636849077916
333 0.00420116300776404
334 0.00487492745973527
335 0.00539132981317335
336 0.00585607440262785
