1 0.00977303823362871
2 0.0103337626142213
3 0.0100860432114014
4 0.0089089593115911
5 0.00724147918936496
6 0.0055587680230761
7 0.00413112273303237
8 0.00303199983624355
9 0.002239116024613
10 0.00169527523850758
11 0.00133771348340879
12 0.001108230367414
13 0.000968786255681738
14 0.000898124363156846
15 0.000885660905041444
16 0.000924440705905686
17 0.00101429276997993
18 0.00116174138783375
19 0.0013794838967476
20 0.00168667717508513
21 0.00210917363517452
22 0.002679240995029
23 0.00343366278798906
24 0.0044083777293417
25 0.00562967782496409
26 0.00710052123274784
27 0.0087774800371325
28 0.010528389798109
29 0.0121249826531995
30 0.0132995290628868
31 0.0139181978059481
32 0.0139542324658911
33 0.0134572296633324
34 0.0125533331033475
35 0.0114641689974953
36 0.0103908818822636
37 0.00947677203009562
38 0.00879703454424921
39 0.00832843810332718
40 0.00803891199492915
41 0.00790837339241761
42 0.00791748658047801
43 0.00801831850570031
44 0.008155834852628
45 0.00827250713569629
46 0.00831987186094476
47 0.00829773427498706
48 0.00821957019613246
49 0.0080996887242865
50 0.00794865041035777
51 0.00776200018715194
52 0.00753270888557608
53 0.00725549968747653
54 0.00690388495662185
55 0.00637263683082986
56 0.00558395985479241
57 0.00457918167390465
58 0.00357044705117341
59 0.00270968455294626
60 0.00204923667063131
61 0.00157790089299755
62 0.00125344681151025
63 0.00103869079875475
64 0.000907886256386074
65 0.000844914188679062
66 0.000839378425013058
67 0.000890954479040538
68 0.00101132093671849
69 0.00122647316137738
70 0.00157633129684515
71 0.00212595451247952
72 0.0029789087667752
73 0.00428251229241493
74 0.00617372996450171
75 0.00870146518601982
76 0.0116927803495194
77 0.0146739126762502
78 0.0171291581364888
79 0.018600634743096
80 0.0188722201600769
81 0.0182873173704258
82 0.0173749274092383
83 0.0166179331196265
84 0.0163107950913833
85 0.0162766779548546
86 0.0162436431251164
87 0.0159462921935046
88 0.0152129000069135
89 0.0141785399676502
90 0.0130350250628093
91 0.011936136998046
92 0.0109839175158523
93 0.0102149478210368
94 0.00964692470399013
95 0.00929617867048691
96 0.00915481749653591
97 0.00910767224885075
98 0.00901855222985272
99 0.00875778654447939
100 0.00823628431369405
101 0.00747655304777424
102 0.00654413517726763
103 0.00551729236966817
104 0.00449061883827163
105 0.00358392817508402
106 0.00285841902308895
107 0.00231526136963613
108 0.0019129490702972
109 0.0016146668822897
110 0.00139437885590583
111 0.00123515979797175
112 0.00113027402702734
113 0.00107726475757533
114 0.00107819460748428
115 0.00113990974269418
116 0.0012689143912148
117 0.00147902759299753
118 0.00179510996630541
119 0.00225889347943993
120 0.00294879302837612
121 0.00400039846934769
122 0.00564930662529375
123 0.00825362152383535
124 0.0120244462409326
125 0.0167157553759084
126 0.0212359903720454
127 0.0239044257524165
128 0.0241903329309306
129 0.0225666567424448
130 0.0198922135599979
131 0.0169690980465316
132 0.0143006146478557
133 0.0121466032410941
134 0.0105675687063609
135 0.00941881185524928
136 0.00856715846785346
137 0.00792131436172757
138 0.00741699406837088
139 0.00701002774930134
140 0.00666685782862002
141 0.00636030605510033
142 0.00607578826538142
143 0.00583152445257239
144 0.00565032882918499
145 0.00555310177759916
146 0.005545231702258
147 0.00556869330815875
148 0.00554954952631975
149 0.00541568606995228
150 0.00511885290998309
151 0.00467849287613309
152 0.00413767070127766
153 0.00354342522024099
154 0.0029541156061012
155 0.00245567262093132
156 0.00209457032961625
157 0.00187596790018543
158 0.00176546269325654
159 0.00173720510482582
160 0.00177850072937817
161 0.00188685230468924
162 0.00207425778030815
163 0.0023648697536647
164 0.00279861543570431
165 0.00343323503547456
166 0.00432312258040167
167 0.00552082666065183
168 0.0070649313944479
169 0.00895231390581606
170 0.0111029907418149
171 0.0133244409294321
172 0.0152983843474209
173 0.0166887612933863
174 0.0174762657731203
175 0.0178239688484305
176 0.0179616698800733
177 0.0180854089501918
178 0.0181649091752687
179 0.0181114807635645
180 0.0178394603157573
181 0.0173081847596284
182 0.0166222358717572
183 0.0159101704653413
184 0.0152628988001882
185 0.0146817472286209
186 0.0141494674479802
187 0.0136510538292262
188 0.0131903259699684
189 0.0128363601793114
190 0.012668358409907
191 0.0127668959064247
192 0.0131549499669879
193 0.013568792411915
194 0.0136404671451527
195 0.0130117860963377
196 0.0115376178619189
197 0.00955123080166741
198 0.00746087131342907
199 0.00555881069826895
200 0.00400111192558506
201 0.00283930357798516
202 0.00203119078731699
203 0.00149791964444463
204 0.00116084186086102
205 0.000951865009451203
206 0.000828918887927531
207 0.000768999581434633
208 0.000760491742446676
209 0.000801723406410653
210 0.000900988563508632
211 0.00107679030431803
212 0.00135215474159091
213 0.00175841595073785
214 0.00233415749249535
215 0.0031198959506076
216 0.00415663435569645
217 0.0054690044900586
218 0.00704093151332669
219 0.00880039973480174
220 0.0106524677689078
221 0.0124735922274894
222 0.0141141957896226
223 0.0154310182532804
224 0.0163611865146674
225 0.0169013525632737
226 0.0170883960504628
227 0.0170113647956897
228 0.0168677564909754
229 0.0168767909696271
230 0.0172611342309521
231 0.0181271713472433
232 0.0189790847221952
233 0.0190751723472068
234 0.0179104271130481
235 0.0159552059411408
236 0.0138432769151512
237 0.0120111682882781
238 0.0106558582904422
239 0.00971165957398784
240 0.00909542952044297
241 0.00875561265797449
242 0.0086198826559022
243 0.0084558293780311
244 0.00801030064864401
245 0.00710142374902076
246 0.00576614412529006
247 0.00436760280891802
248 0.00317543558973957
249 0.00228049596992976
250 0.00166032039463338
251 0.00124341332564815
252 0.000969120692724571
253 0.000795332151899214
254 0.000694189725087566
255 0.000646640233500511
256 0.0006439925836072
257 0.000686921706533679
258 0.000785741933355501
259 0.000962946860202409
260 0.00126251366482349
261 0.00176306696013833
262 0.00258068912895414
263 0.00388498515902569
264 0.00590143180850475
265 0.00886236500824361
266 0.0128203346957287
267 0.0173907396813891
268 0.0215478596145568
269 0.0239792698883811
270 0.0244124852246029
271 0.0233520775490274
272 0.0215504799262506
273 0.0196493865951404
274 0.0179370894197221
275 0.0165686898057404
276 0.0156531052581907
277 0.0152073350336331
278 0.0149575673521622
279 0.0145860888725394
280 0.013809759108165
281 0.0125029844636455
282 0.0109142452700934
283 0.00931685534804457
284 0.00789243491294693
285 0.00674479502790312
286 0.00591434708660135
287 0.00541255042065157
288 0.00522042948109747
289 0.0052067759247082
290 0.0052312462643234
291 0.00515737380401171
292 0.00488254890924681
293 0.00442434068565388
294 0.00384250215832814
295 0.00320273020001755
296 0.00257244337657279
297 0.00202151402925785
298 0.00158240590689634
299 0.00125628329935685
300 0.00102815388691124
301 0.000875573709141787
302 0.000781806002301764
303 0.000737532893250881
304 0.000739712214999497
305 0.000789494552306798
306 0.00089632187799199
307 0.00108199573963646
308 0.00138586675850059
309 0.00186697897010915
310 0.00261775843304739
311 0.00377573181690914
312 0.00551016702078388
313 0.00799296562533148
314 0.011322674146763
315 0.0153910769850176
316 0.0197288176754871
317 0.0234445717754773
318 0.0253983989826273
319 0.0248349269820044
320 0.0223048317307437
321 0.0188497962275013
322 0.0153585300357004
323 0.0123458419334965
324 0.00995443008627034
325 0.00817260503672176
326 0.0069358451854861
327 0.00615352333224539
328 0.0056843513791641
329 0.00542418785933162
330 0.00530436974675063
331 0.00529380891504906
332 0.00545156531791832
333 0.00587915938823766
334 0.0066828723572628
335 0.00779691866469408
336 0.00901790291793989
