1 0.00734173384624777
2 0.00684682013163454
3 0.00641454854360493
4 0.00604482720041347
5 0.00573563894875847
6 0.00548492372366929
7 0.00529075154136935
8 0.00515009712229883
9 0.005060740952818
10 0.00502183210941058
11 0.00503339162951443
12 0.0050947374279232
13 0.00520606799609913
14 0.00536894074636695
15 0.00558573835590841
16 0.00585793721208781
17 0.00618726663995653
18 0.00657598122238283
19 0.00702597163795015
20 0.00753614004040387
21 0.00810327445304639
22 0.00872196619158075
23 0.0093839265047236
24 0.0100773214597557
25 0.0107862698279989
26 0.0114905381711022
27 0.012167574505432
28 0.0127998518960867
29 0.0133708430134597
30 0.0138651851424663
31 0.014273907745956
32 0.0145912101658429
33 0.0148132707680759
34 0.0149390602567811
35 0.014972633553451
36 0.0149206304069578
37 0.0147911190527175
38 0.0145915065146561
39 0.0143233436988717
40 0.0139876034295946
41 0.0135864419711374
42 0.0131252005493062
43 0.012617735919408
44 0.0120791368807607
45 0.011523214253463
46 0.0109629298914288
47 0.0104120416990148
48 0.00988258416021424
49 0.00938427295045573
50 0.00892364447525215
51 0.00850143038802137
52 0.00811692609240189
53 0.00776931625823052
54 0.00745874582246833
55 0.00718909889993494
56 0.0069646811329812
57 0.00678858758369672
58 0.00666046982176488
59 0.00657981575560998
60 0.00654699213615452
61 0.00656271041720644
62 0.00662623251907417
63 0.00673719468644795
64 0.00689615635765935
65 0.00710374253786509
66 0.00735795383097096
67 0.00765604658699628
68 0.00799498763469461
69 0.00837135645764902
70 0.00878175304450311
71 0.00922205420618601
72 0.00968700235146786
73 0.0101706481339103
74 0.0106683609048161
75 0.011175237799467
76 0.0116854760861008
77 0.0121926526502287
78 0.0126907293024157
79 0.0131733694607697
80 0.013632975431412
81 0.0140583339630275
82 0.0144367282116961
83 0.0147549567741825
84 0.0149990300150735
85 0.0151524648216694
86 0.0151990319815786
87 0.0151243917686995
88 0.0149197369579497
89 0.0145902138658297
90 0.0141465475507081
91 0.0136018380260609
92 0.0129726564213558
93 0.0122827772572719
94 0.0115560680162043
95 0.0108138443435478
96 0.0100754522629353
97 0.00936066136179304
98 0.00868554745446501
99 0.00806175558124623
100 0.00749645534513763
101 0.00699131798794487
102 0.00654605600113466
103 0.00615969252249228
104 0.00583055535917928
105 0.00555561295703372
106 0.0053320746466881
107 0.00515741336000286
108 0.00502808407998575
109 0.00494116681164995
110 0.00489478880104371
111 0.00488771073739133
112 0.00491823617116948
113 0.00498516450278076
114 0.00508802694894268
115 0.00522656852164372
116 0.00539927705080529
117 0.00560434521515432
118 0.00583986855234575
119 0.00610398969951932
120 0.0063958781293269
121 0.00671475773246511
122 0.00705947773162714
123 0.00742852094089593
124 0.0078203008831881
125 0.00823278810810651
126 0.00866331470764013
127 0.00910789843168202
128 0.00955915304291466
129 0.0100076082775636
130 0.0104422482158118
131 0.0108501957086319
132 0.0112155694290768
133 0.0115209769778665
134 0.0117504900796817
135 0.011896425630179
136 0.0119546131876578
137 0.0119227633817763
138 0.0118021931981551
139 0.0116024703936247
140 0.0113359078667767
141 0.0110152956896635
142 0.0106543274142037
143 0.010269812855178
144 0.00987786340998655
145 0.00949261269993683
146 0.00912550702394233
147 0.00878359022512959
148 0.00847215387120441
149 0.00819569038816848
150 0.00795763946079836
151 0.00775928073349525
152 0.00760155016247439
153 0.00748567955168638
154 0.007413509911695
155 0.00738817469151885
156 0.00741375683573311
157 0.00749426496023964
158 0.00763044182055472
159 0.00782303026464069
160 0.00807382443333502
161 0.00838483252035896
162 0.00875555761795625
163 0.00918478600578284
164 0.0096710070846249
165 0.0102113694054337
166 0.010798909643274
167 0.0114236476235319
168 0.0120727239942643
169 0.0127308618105465
170 0.013383014067283
171 0.01401247141523
172 0.0146003170706922
173 0.0151288490406815
174 0.0155919632037111
175 0.0159877804165385
176 0.0163158065115057
177 0.0165762733207478
178 0.0167682529263396
179 0.0168911990486187
180 0.0169454718200599
181 0.0169298096607712
182 0.0168339199922023
183 0.016646329728493
184 0.0163607297950579
185 0.0159857757544678
186 0.0155343676413665
187 0.0150197962942237
188 0.0144563790900432
189 0.0138619792882608
190 0.0132537814549019
191 0.0126468615054205
192 0.0120538739163898
193 0.0114845199212565
194 0.0109465063954689
195 0.0104459891396815
196 0.00998767680246137
197 0.00957473179329039
198 0.00920951414478561
199 0.00889397088537021
200 0.00862964522462216
201 0.00841727033622684
202 0.00825775032797165
203 0.00815258130893322
204 0.00810290505036342
205 0.00810630452680147
206 0.00816026711026881
207 0.00826330591692278
208 0.00841521217781362
209 0.00861663925699961
210 0.00886894292164784
211 0.0091733425668223
212 0.0095282169060661
213 0.00993097644782579
214 0.0103785526745709
215 0.0108659287955649
216 0.0113818277849232
217 0.011911197097773
218 0.0124360232270757
219 0.0129367748151564
220 0.0133975396983026
221 0.0138027355843817
222 0.0141362157433456
223 0.0143833491889653
224 0.0145362752149435
225 0.0145902706996394
226 0.0145425525479575
227 0.0143930122839996
228 0.0141459726018788
229 0.0138082009748156
230 0.0133880388633037
231 0.0128959782702707
232 0.0123466983826344
233 0.0117554308518954
234 0.011136510833102
235 0.0105029754958209
236 0.00986638218416636
237 0.00923668985819415
238 0.00862323030527315
239 0.00803723580796556
240 0.00748801813555809
241 0.00698219625662796
242 0.00652418278793697
243 0.00611673109422433
244 0.00576134800270679
245 0.00545874589095459
246 0.00520868211943309
247 0.00500874273655154
248 0.00485673302546726
249 0.00475141196365711
250 0.0046921463707554
251 0.00467774089321851
252 0.00470783138341115
253 0.00478332169692488
254 0.00490591101009553
255 0.0050765040756492
256 0.00529653860444665
257 0.00556837915696164
258 0.0058950937072647
259 0.00627988052918871
260 0.00672625838746331
261 0.007237399496041
262 0.00781366433112407
263 0.00845336989308263
264 0.00915268599785792
265 0.00990498597560637
266 0.0107002757826222
267 0.0115245510104625
268 0.0123593352738256
269 0.0131835055152687
270 0.0139804572381349
271 0.0147341006943764
272 0.0154274869392963
273 0.0160425784222363
274 0.0165584814340118
275 0.0169540845461649
276 0.0172097744155611
277 0.0173108047026014
278 0.0172550781489877
279 0.0170468691700911
280 0.0166943315586923
281 0.0162114905526772
282 0.0156243082350108
283 0.0149610725882077
284 0.0142480840909411
285 0.0135076028336366
286 0.0127588775626913
287 0.0120183430176539
288 0.0112995969760114
289 0.0106136037759697
290 0.00996878575068236
291 0.00937130437205403
292 0.00882551901005092
293 0.00833460040761206
294 0.00790060471837897
295 0.0075247826957945
296 0.00720781628666659
297 0.00694977635023469
298 0.0067509859386795
299 0.0066124803902416
300 0.00653548890298529
301 0.00651930880750174
302 0.00656405096329642
303 0.00667153295508942
304 0.00684440215364895
305 0.00708309334560227
306 0.00738832671743141
307 0.00776180241169342
308 0.00820499925509175
309 0.00871555612290552
310 0.00928886593188613
311 0.00991789510502106
312 0.0105913755843491
313 0.011293711469606
314 0.0120046622787682
315 0.0127010838923871
316 0.0133639698345903
317 0.013974305149076
318 0.0145118150436324
319 0.0149569808053781
320 0.0152960108430739
321 0.0155182213811206
322 0.0156153458408271
323 0.0155819251868143
324 0.0154155235727446
325 0.0151170902509281
326 0.0146911035232167
327 0.0141483967700789
328 0.0135135454982308
329 0.0128136200258658
330 0.0120738796156344
331 0.0113169807672457
332 0.010562652042732
333 0.0098271723909201
334 0.00912372958091451
335 0.00846363116840994
336 0.00785514590016896
