1 0.0017620735962417
2 0.00154742006840657
3 0.00137081728263077
4 0.00122627592018518
5 0.00110940422691097
6 0.00101669644888443
7 0.00094520703514437
8 0.000892157348908519
9 0.000855474149235921
10 0.000833863481480362
11 0.000826657602230085
12 0.000833514584361743
13 0.000854712518717923
14 0.000891268218581169
15 0.000944898305613373
16 0.00101773888373917
17 0.00111273883474376
18 0.0012339176313361
19 0.00138631719173762
20 0.00157521455373976
21 0.0018065575271496
22 0.00208704984135419
23 0.00242329724505446
24 0.00281876074875917
25 0.0032731336644626
26 0.00378095794331346
27 0.00433152000709756
28 0.00491467042778431
29 0.00551781696015185
30 0.00612270067966536
31 0.00669921875664481
32 0.00720933247800081
33 0.00761100254437681
34 0.00786544125577996
35 0.00795214341507008
36 0.00786391064307271
37 0.0076049180617823
38 0.00719614069330599
39 0.00668767196506818
40 0.00613178905676243
41 0.0055719471763098
42 0.00503828770251059
43 0.00454214219695202
44 0.00408847029596923
45 0.00367963741441368
46 0.00331569611411194
47 0.00299424578084355
48 0.00271218787166756
49 0.00246631361306154
50 0.00225296147496705
51 0.00206696556339176
52 0.00190365178154689
53 0.00175920713046842
54 0.00163085907800068
55 0.00151760683271411
56 0.00141877516150817
57 0.00133381554145401
58 0.00126274492252675
59 0.00120567781603285
60 0.00116278865562617
61 0.00113420038429924
62 0.00111942277338851
63 0.0011181938003051
64 0.00113073713623928
65 0.00115762706413086
66 0.00119930783551083
67 0.00125654480188168
68 0.0013305791332589
69 0.00142281519371891
70 0.00153366231662854
71 0.00166307815881479
72 0.00181061287817955
73 0.0019749676678916
74 0.00215307257226536
75 0.00234006511564436
76 0.00252915214771515
77 0.00271250042112955
78 0.00288490487610603
79 0.00304187373740536
80 0.00317918854953802
81 0.00329396561937468
82 0.00338413571103963
83 0.00344826309618599
84 0.00348536761276342
85 0.00349429527356244
86 0.00347435614809274
87 0.00342557431360575
88 0.00334879804938924
89 0.00324594019403258
90 0.00311960197972793
91 0.00297286983065323
92 0.00280945924849281
93 0.00263425106737825
94 0.0024520995624719
95 0.00226738189537643
96 0.0020846830208153
97 0.00191056946499611
98 0.00175039627108629
99 0.00160769905988358
100 0.00148427687681262
101 0.00137982237792235
102 0.00129356474037986
103 0.00122480927921715
104 0.00117287930280931
105 0.00113672333948261
106 0.00111561769090668
107 0.0011092377352263
108 0.00111727552285297
109 0.00113984818578993
110 0.00117763105358795
111 0.0012316174892878
112 0.00130224932470966
113 0.00139000386892284
114 0.00149552355874298
115 0.00161963789903895
116 0.00176377452653419
117 0.00192957617250565
118 0.00211869174381156
119 0.00233221321991255
120 0.0025687903418695
121 0.00282507062989787
122 0.00309564688236652
123 0.00337378760787802
124 0.00365522290856285
125 0.00393610050760917
126 0.00421212500313316
127 0.00447789389490958
128 0.00472444417087209
129 0.00494114169822104
130 0.00511680763681708
131 0.00523820621960358
132 0.00528418696335527
133 0.0052336691235303
134 0.00507567115904125
135 0.00482500376116289
136 0.00450488371090482
137 0.00413919381546237
138 0.00375072657070603
139 0.00336069688247128
140 0.00298581305829206
141 0.00263768229031475
142 0.00232325185971789
143 0.00204543312464898
144 0.00180455390183768
145 0.00159930438440014
146 0.00142721631234697
147 0.00128476420032368
148 0.00116855347242787
149 0.00107567645768416
150 0.00100359694896793
151 0.000949730110184022
152 0.000912101372376471
153 0.000889460251024625
154 0.00088113916479863
155 0.000886775744579337
156 0.00090658128778647
157 0.000941335920431079
158 0.000992077405828075
159 0.0010604168725354
160 0.00114869470846803
161 0.00125986929185925
162 0.00139686042036808
163 0.0015628966881868
164 0.0017615711669301
165 0.00199680378289694
166 0.00227314699232445
167 0.00259536219144722
168 0.00296802952767912
169 0.0033945709689984
170 0.0038743167928203
171 0.00440222903998575
172 0.00496813467328587
173 0.00555608590894789
174 0.00614533881825584
175 0.0067097443257801
176 0.00721827628109767
177 0.00763722485072129
178 0.00793425373504662
179 0.00808088724397351
180 0.00805573854616264
181 0.00785079550592237
182 0.00748163853978939
183 0.0069763048602059
184 0.006371119722795
185 0.00571181320592773
186 0.00504030482494022
187 0.00438959834111171
188 0.00378343340024567
189 0.00323762307593518
190 0.00275980228019016
191 0.00235112958589401
192 0.00200811529589462
193 0.00172384707042114
194 0.00149080468961513
195 0.00130187239291494
196 0.00115042473653476
197 0.00102995537424411
198 0.000935146664249429
199 0.00086193070199304
200 0.000807187366587078
201 0.000768346063204642
202 0.000743599358576635
203 0.00073187945395513
204 0.000732719499808044
205 0.00074602858585267
206 0.00077228046644866
207 0.000812520628280833
208 0.000868149475067227
209 0.000941178361124641
210 0.00103438661139448
211 0.00115129318961662
212 0.00129571699729663
213 0.00147206520070671
214 0.00168541869004671
215 0.00194081400027246
216 0.00224041862481906
217 0.00258332459219134
218 0.00296462976558932
219 0.00337418381267686
220 0.00379615642796844
221 0.00420819050594637
222 0.00458167415313159
223 0.00488793898077764
224 0.00511637087843497
225 0.00526604080268014
226 0.00534123135175672
227 0.00534988230581123
228 0.00530097987881298
229 0.00520479137810926
230 0.00507237724639112
231 0.00491278476133573
232 0.0047269750700764
233 0.00451471603559993
234 0.0042773377239834
235 0.00401908791387702
236 0.00374506863602934
237 0.00346049138330263
238 0.00317137778861711
239 0.00288638034146081
240 0.00261298921239069
241 0.00235659084959898
242 0.00212101379263153
243 0.00190953688230364
244 0.00172391780531641
245 0.00156454584323787
246 0.00143070205361087
247 0.00132041492582524
248 0.00123171230306708
249 0.00116300855232893
250 0.00111298781189631
251 0.00108013799565697
252 0.00106345404199755
253 0.00106261971820888
254 0.00107784287578068
255 0.00110935418801586
256 0.0011578990610995
257 0.00122491257968074
258 0.00131240264892911
259 0.00142243778632324
260 0.00155749176365774
261 0.00172009466297828
262 0.0019110168997036
263 0.00212961018680824
264 0.00237354604716174
265 0.00263817901637189
266 0.00291607291845055
267 0.00319644677206649
268 0.0034649786535198
269 0.00370567083261104
270 0.00390707132243602
271 0.00405992113590711
272 0.00415650659318001
273 0.00419218344525077
274 0.00416855716021251
275 0.00409063728661255
276 0.00396534636303819
277 0.00380074506296314
278 0.00360510087611946
279 0.0033867143527495
280 0.00315357898545048
281 0.00291371598925046
282 0.00267654280302828
283 0.00244992770634097
284 0.00223873542395706
285 0.00204332069378141
286 0.00186301872183113
287 0.00169710033847015
288 0.00154522771991901
289 0.00140846710856264
290 0.00128755986926645
291 0.00118263894688118
292 0.00109344392996815
293 0.00101950099756961
294 0.000960308303515536
295 0.000915483768238198
296 0.000884748406979682
297 0.00086763966387961
298 0.000864087724414934
299 0.000874627649892643
300 0.00090040019387432
301 0.000942982939257022
302 0.00100482100500712
303 0.00108955812245856
304 0.00120217115765739
305 0.00134860366738502
306 0.00153663021831191
307 0.00177658158962985
308 0.00208183531558918
309 0.00246874016904078
310 0.00295763827607432
311 0.00357141109239681
312 0.0043251227141791
313 0.0052236808504562
314 0.00625657928684975
315 0.00739171537106534
316 0.00857536185073476
317 0.00972780784981004
318 0.0107448438900709
319 0.0115168175147797
320 0.0119767038277813
321 0.0120914831957405
322 0.0118579882546316
323 0.0113079345135625
324 0.0105169617738094
325 0.00957273657873004
326 0.00855711619600887
327 0.00753790882639436
328 0.00656441207740209
329 0.0056693416726215
330 0.00487122107911479
331 0.00417621142503101
332 0.00357930374429521
333 0.00307191122169596
334 0.00264418890935698
335 0.00228536913349148
336 0.00198546783155471
