1 0.00918706542444525
2 0.00671216313586465
3 0.00495578867677295
4 0.00373153203771615
5 0.00287673379122797
6 0.00227658758782474
7 0.00185482498839355
8 0.00156236903939145
9 0.00136675913622157
10 0.00124735025992788
11 0.00119221544293692
12 0.00119500902391947
13 0.00125701331011048
14 0.00138854197957135
15 0.0016112352325175
16 0.00196160655374344
17 0.00250158969056104
18 0.00333619026848384
19 0.00463810267519358
20 0.00666149217132642
21 0.00978029168707271
22 0.0145217110252413
23 0.0215521026398213
24 0.0314993297870145
25 0.0446451322530721
26 0.0604748363671856
27 0.0775168870656508
28 0.0944505059089644
29 0.110263924309426
30 0.124123496550392
31 0.134887511233817
32 0.14147204333611
33 0.143109188212762
34 0.139600582737729
35 0.131770649070456
36 0.120853180731204
37 0.108139590400173
38 0.0947287293282874
39 0.0812481195414082
40 0.0681879124913654
41 0.0559676042222234
42 0.0449124907077083
43 0.0352437819881008
44 0.0270561211979686
45 0.0203304574811896
46 0.0149899812368059
47 0.0109542602884409
48 0.00803000968429831
49 0.00597641808891872
50 0.00456371271525564
51 0.0035908832133938
52 0.00291905327890248
53 0.00245793921877315
54 0.00214715553796545
55 0.00194096284555399
56 0.00180917678144455
57 0.00173355741957024
58 0.00170618949309517
59 0.00172434466473817
60 0.00178896996194148
61 0.0019053259581794
62 0.00208571651860437
63 0.00235029686369472
64 0.00273041334501471
65 0.00327428012625335
66 0.00405410005157248
67 0.00518262731075449
68 0.00683972080077906
69 0.00929873616772582
70 0.0128926791410733
71 0.0180116663467689
72 0.0250498800059898
73 0.0342946160397447
74 0.0458533364131131
75 0.0594693950668497
76 0.0743524198589656
77 0.0891993226889041
78 0.10262326649083
79 0.113277070407062
80 0.120049255751591
81 0.122392948703652
82 0.120261097325971
83 0.114029524249608
84 0.104547583774616
85 0.0933082109040926
86 0.0817308529927275
87 0.0708707604934758
88 0.0612329350981053
89 0.0525170135972917
90 0.0444178209897897
91 0.0367977018012203
92 0.029714518274532
93 0.0234634687731256
94 0.0182156246437597
95 0.0139813166990203
96 0.0106712479037686
97 0.00814993654335785
98 0.00626791729757536
99 0.00488511935039236
100 0.00388044081268041
101 0.00315146322449921
102 0.00262334249115923
103 0.00224380765883096
104 0.00197676914478873
105 0.00179780726345058
106 0.00169162049966228
107 0.00165006078588905
108 0.00167049015047255
109 0.00175692672018833
110 0.00192151759737315
111 0.00218590857607482
112 0.00258016852459948
113 0.00315008363945078
114 0.00396527252470043
115 0.00513152104875851
116 0.0068159716036017
117 0.00927907968555191
118 0.0129270219595728
119 0.0183482526962557
120 0.0261377229175983
121 0.0367200379690583
122 0.0500147232684212
123 0.0651521255635645
124 0.080935229925792
125 0.0958870253498558
126 0.108379977033126
127 0.117040304710386
128 0.121434648046477
129 0.121788900217641
130 0.118725519191395
131 0.113073163423581
132 0.105660346233963
133 0.0972745914005825
134 0.0885229259370931
135 0.0795932828713793
136 0.0706042419106121
137 0.0616991268159426
138 0.0530065133711116
139 0.0445741865018906
140 0.0365054615952924
141 0.0289694726744468
142 0.0222087900563536
143 0.016539307167178
144 0.0120602743268912
145 0.00868092388915676
146 0.00622075143245735
147 0.00448184085672485
148 0.00327951012659441
149 0.00246199718680751
150 0.00191302702535504
151 0.00154439114599944
152 0.00129863802312353
153 0.00114023908734352
154 0.00104773317894702
155 0.00100877264024958
156 0.00101872025452632
157 0.00107973678751113
158 0.0012002665076928
159 0.00139791201967626
160 0.0017039777095562
161 0.00217014442500902
162 0.00287549806785848
163 0.0039446128233063
164 0.00557439481842483
165 0.00806657728685999
166 0.0118373387559295
167 0.0174267124826242
168 0.0254594958792754
169 0.0364998608636246
170 0.0507242365735557
171 0.0675285909669828
172 0.0852115328033167
173 0.101247115788114
174 0.113810262365113
175 0.121864272574331
176 0.125055558015077
177 0.12370329593878
178 0.11881345713599
179 0.111641623253057
180 0.103408784119901
181 0.0949569983819753
182 0.0862075372946642
183 0.076990429842526
184 0.0673315898016595
185 0.0575348188633729
186 0.0479599989486488
187 0.0389394555386312
188 0.0307873681369897
189 0.0238243091286515
190 0.0181631366096633
191 0.0137347481884907
192 0.0103697241872412
193 0.0078599608332129
194 0.00601230822497086
195 0.00466525740358165
196 0.00369065813503003
197 0.00299014344342845
198 0.00249197890841178
199 0.00214563386435729
200 0.00191601616986516
201 0.00177781150653717
202 0.00171635324171755
203 0.00172643154235966
204 0.00181092363354128
205 0.00197903247242138
206 0.00225008951486135
207 0.00265737345728943
208 0.00325250871039691
209 0.00411545607964918
210 0.00536972981431124
211 0.00720148985659273
212 0.0098696865110554
213 0.0137325865929007
214 0.0192694155505599
215 0.0270556817446705
216 0.0375658593251333
217 0.0509374421884953
218 0.0666561401286451
219 0.0833618884325544
220 0.099198773435407
221 0.112011184561285
222 0.119692279464096
223 0.121082107761243
224 0.117573391006411
225 0.111448866969312
226 0.104895967436099
227 0.099317106408182
228 0.0941886008847839
229 0.0886805193495938
230 0.0821420748455361
231 0.0742684182755301
232 0.0654151026109707
233 0.0561003026314605
234 0.0468445356030439
235 0.0381588090017027
236 0.0304012875917776
237 0.0237548060981568
238 0.0182637789763247
239 0.0138829942261439
240 0.0104879331122516
241 0.00791564704550559
242 0.00600089087752741
243 0.0045971112316154
244 0.0035806269252232
245 0.00285293109656784
246 0.0023390638101651
247 0.00198350615979758
248 0.0017482266803176
249 0.00160938680775797
250 0.00155389157971724
251 0.00157538468450998
252 0.00167779808459554
253 0.00187782845599034
254 0.00220825358108703
255 0.00272146436407813
256 0.00350373108671603
257 0.00469702112400212
258 0.00652444190983167
259 0.00928481503337272
260 0.0133617866627694
261 0.0192024635916828
262 0.0272682037621789
263 0.0378824917650039
264 0.050995647098402
265 0.0659577414259135
266 0.0815020117641125
267 0.0957878792527235
268 0.10665287384638
269 0.112421004939758
270 0.113510885481002
271 0.111357894273521
272 0.107632865634806
273 0.103662411957425
274 0.0995487615643928
275 0.0951255368060935
276 0.0902601154162177
277 0.0848232748983794
278 0.0786057643235787
279 0.0714773996066804
280 0.0634517250168756
281 0.0547385637815876
282 0.0458038340432912
283 0.0371339398404789
284 0.0291827850059885
285 0.0223878460058133
286 0.0169159139268985
287 0.012704106838326
288 0.00956183698352044
289 0.00724334347679328
290 0.00554029421216252
291 0.00429235692784094
292 0.00338064518965061
293 0.00272187308771607
294 0.00225388652372078
295 0.0019311506612592
296 0.00172089786032341
297 0.00159752062978917
298 0.00154596541602797
299 0.00156070318051924
300 0.00164362989825207
301 0.00180061354352132
302 0.00204470215511046
303 0.00239821937346688
304 0.00289599022519815
305 0.00359370540885136
306 0.00457561622367428
307 0.00596793955834625
308 0.00795773444118803
309 0.0108095275297901
310 0.0148981085789619
311 0.0207221560374652
312 0.0287927405022574
313 0.0395140188223413
314 0.0529716187101638
315 0.0686977273962793
316 0.0856726711165693
317 0.102279917205121
318 0.116443434391051
319 0.126201079246008
320 0.130891838961575
321 0.130733398096865
322 0.126449064497276
323 0.119068912192237
324 0.109759841893783
325 0.0996213630759386
326 0.0895650875235091
327 0.0801254400067951
328 0.0711502555617706
329 0.0624398442417494
330 0.0539106141673552
331 0.0455717513690419
332 0.0374881640644926
333 0.0298177383106306
334 0.0228513105047531
335 0.0170185489664742
336 0.0124647048475687
