1 0.00660325652558952
2 0.00730928141376362
3 0.00775049745202689
4 0.00777344018075486
5 0.00743221016399502
6 0.00686196647871603
7 0.00619117997430187
8 0.00550203426630652
9 0.00484955018204341
10 0.00426893862736126
11 0.00377795366775597
12 0.00337932181092154
13 0.00307055755635397
14 0.00284838436230958
15 0.00271299350669702
16 0.00267564919876318
17 0.0027573685512085
18 0.00299635421952358
19 0.00344888604018884
20 0.0041474136639768
21 0.00511602672994407
22 0.00635622206882908
23 0.00783155942211786
24 0.00952686871709357
25 0.0114229474642891
26 0.0134776956982459
27 0.0155847052242842
28 0.0174203128915015
29 0.0185226426687443
30 0.0185311120036947
31 0.0176133922619998
32 0.0161405842230229
33 0.0144719638103131
34 0.0128727232543078
35 0.0114726568835424
36 0.0103375031850053
37 0.00950268210868627
38 0.00896590524481849
39 0.0086326312185209
40 0.00840772286419844
41 0.00821066493937001
42 0.00798669375640214
43 0.00775466828655101
44 0.00754807118028791
45 0.0073970045553158
46 0.00732353759775423
47 0.00732546678169705
48 0.00739654568663607
49 0.00753235752614798
50 0.00771311549694293
51 0.00784974760665786
52 0.00783071026085992
53 0.00755188900032521
54 0.00697567217675566
55 0.00622752758762403
56 0.00544713657918544
57 0.00472824949643976
58 0.00411094535228019
59 0.00361031620382632
60 0.00322975151818615
61 0.00296917550634105
62 0.00283411451234356
63 0.00283886454839997
64 0.00301606483802916
65 0.00341902647425687
66 0.00408382480873071
67 0.00505187206139989
68 0.00636175572323291
69 0.00802927199990599
70 0.0100649917223461
71 0.0124387447767677
72 0.0150448083137474
73 0.0177031727628993
74 0.0202480897362069
75 0.0225191049483265
76 0.0243621537392717
77 0.0256843509033781
78 0.026590723630286
79 0.0272792942093233
80 0.0279111767441465
81 0.0283723695648303
82 0.0284709885897315
83 0.0280228597876653
84 0.0269307833648887
85 0.025346731687694
86 0.0234782652383201
87 0.0215093218638115
88 0.019559008967334
89 0.017615642776517
90 0.0156576250374779
91 0.0136855856497117
92 0.0117602959939407
93 0.0100702268182133
94 0.00873983120296184
95 0.00782021234673209
96 0.00731051479477508
97 0.00712546037406078
98 0.0071987530825498
99 0.0074939650639632
100 0.00797059841022278
101 0.00850115259071628
102 0.00890148433171863
103 0.00895875368296471
104 0.00853027450173019
105 0.00772782879200755
106 0.00673451527141959
107 0.00571010831973929
108 0.00477113570005211
109 0.00398071812620876
110 0.00336050290032411
111 0.00290877997981226
112 0.00261627145741389
113 0.00247815867931271
114 0.00250525537074173
115 0.00273004235275002
116 0.00319518033242802
117 0.00398794998447675
118 0.00527010596474823
119 0.00729419985896454
120 0.010308729292421
121 0.0144528898625762
122 0.0195354297183066
123 0.0248545232517975
124 0.0295435084854872
125 0.032699952036621
126 0.0335849235711649
127 0.0319902860437446
128 0.0286161327776886
129 0.0244214795704732
130 0.020203539641813
131 0.0165030062170198
132 0.0136775851361043
133 0.0118479344189199
134 0.0109433624273015
135 0.0105748839949172
136 0.0103865738113272
137 0.0100733398933309
138 0.00943857695263352
139 0.00860260126863878
140 0.00773433619739572
141 0.00695643122608893
142 0.00633861257821746
143 0.00589045439069989
144 0.00561187029098393
145 0.00550966257338427
146 0.00558500537242649
147 0.00577983747745666
148 0.00601848166685679
149 0.00621481172108046
150 0.00628273381254257
151 0.00617899899688218
152 0.00588456505409327
153 0.00540139776844841
154 0.00476867025903001
155 0.00408386476258459
156 0.00343059440878566
157 0.00286184666867304
158 0.00241139206874872
159 0.00208982498906134
160 0.00189693940518162
161 0.00183135327807157
162 0.00188847155246816
163 0.00208303636169416
164 0.00246119533670662
165 0.00310848579471866
166 0.00413009628195946
167 0.00566127980295167
168 0.00785127355602549
169 0.010812706553509
170 0.0145631539830655
171 0.0189107055968297
172 0.0233473331187822
173 0.0271194652326075
174 0.0296955857246988
175 0.030802440209926
176 0.0304065315592738
177 0.0287177378698784
178 0.0261828055919607
179 0.0232731075873394
180 0.020370247869144
181 0.0176998485078709
182 0.015272082586579
183 0.0130631135294127
184 0.0110855853470754
185 0.00943462171026372
186 0.0081611237280262
187 0.00727210025687992
188 0.00674349180663211
189 0.00649010660960011
190 0.00644425054203645
191 0.00656217212656139
192 0.00681137988373274
193 0.00716041958618242
194 0.00757398803170872
195 0.00800873565655884
196 0.00840661818994316
197 0.00868211010619381
198 0.00873970477736341
199 0.00849477430522847
200 0.00792236593287709
201 0.00713359915786141
202 0.00626010560486546
203 0.00540449379770779
204 0.00463082396889155
205 0.00396335846594209
206 0.00340785844927641
207 0.00296438093785552
208 0.00263917877082778
209 0.00243580527134491
210 0.00236053642483436
211 0.00242815964179716
212 0.00265921140444478
213 0.00310375693214659
214 0.00386463749133188
215 0.00511411595015616
216 0.00703163182436756
217 0.0097749573461526
218 0.0133706475252878
219 0.0175796180439983
220 0.0220124852537971
221 0.0261044408253298
222 0.0291602247826259
223 0.030604472169901
224 0.0304430480164893
225 0.0290285491359527
226 0.0268328192479026
227 0.0243407730070634
228 0.0220289152488652
229 0.0202452760535157
230 0.0192333285373197
231 0.0190684999585049
232 0.0192665028966598
233 0.0192128831966386
234 0.0184568901868321
235 0.0172008879756539
236 0.0157843154585196
237 0.014476743983878
238 0.0134437064079907
239 0.0127017348869631
240 0.0122434805878824
241 0.0120737189734671
242 0.0121705942537879
243 0.0123525345058777
244 0.0123898568822189
245 0.0120540847632411
246 0.0112041454907998
247 0.00993974154404411
248 0.00843782240666126
249 0.0068715339773364
250 0.00540192357821218
251 0.00418576177297267
252 0.00327661664027402
253 0.00265599274718163
254 0.002275942157936
255 0.00207109417787221
256 0.00200238530208293
257 0.00205777417049543
258 0.00224625651502309
259 0.00259141584620259
260 0.00314015250417092
261 0.00396932186369567
262 0.00518412260062423
263 0.00692409598940777
264 0.00936053351187736
265 0.0126690714707641
266 0.0169412366676132
267 0.0220786633862447
268 0.0276718195354013
269 0.032939046365513
270 0.0368506288509751
271 0.0383614348238487
272 0.0367752649494622
273 0.032333268016794
274 0.026693193835287
275 0.0213442600288285
276 0.0170644373973122
277 0.0140313968245798
278 0.0120101092169805
279 0.0107858772633833
280 0.0102425260664518
281 0.0102887214446318
282 0.0106202316894197
283 0.0108632946759017
284 0.0106997154930056
285 0.0101625430223379
286 0.00939197596471775
287 0.00852204162839285
288 0.00765191915656354
289 0.00682041655664568
290 0.00604689414956165
291 0.00534324623951816
292 0.00471150275012139
293 0.00413764884000472
294 0.00360911661803439
295 0.00311826005517644
296 0.00266548697091509
297 0.00226569108896007
298 0.00192786032659927
299 0.00165308599047904
300 0.00143863232433836
301 0.00128204188487598
302 0.0011808907313522
303 0.00113482391296406
304 0.00114698558892843
305 0.0012228574920061
306 0.0013775280704278
307 0.00164226431183268
308 0.00207055041450072
309 0.00273291282576123
310 0.00372930282966595
311 0.00519349662551589
312 0.00727376238809413
313 0.0100923287209629
314 0.0136668187896324
315 0.0178128779721494
316 0.0221122808443452
317 0.0258981980809176
318 0.0283541824974534
319 0.0288242044059546
320 0.0273011399919323
321 0.0242296635441427
322 0.0202593147813526
323 0.0160881734934455
324 0.0123621487509068
325 0.00939253005507115
326 0.00721259316604086
327 0.00570957977627902
328 0.00470909346389956
329 0.004080276141976
330 0.00374486531896523
331 0.00365923470823584
332 0.0037789999495788
333 0.00408191977182915
334 0.00455905490789759
335 0.00518411172686167
336 0.00590337916974715
