1 0.00114219094753871
2 0.00111510624538381
3 0.0010888692535327
4 0.00106361445261991
5 0.00103942996721958
6 0.00101638643155245
7 0.000994539462133338
8 0.000973910004319535
9 0.000954509352758747
10 0.000936347407865673
11 0.000919425591836588
12 0.000903715467400631
13 0.000889183863886327
14 0.000875800798894521
15 0.000863533032047277
16 0.000852325457012391
17 0.000842121306222051
18 0.000832868318775711
19 0.000824512417994284
20 0.000816980012258296
21 0.000810196034188498
22 0.00080408937394423
23 0.000798586862389108
24 0.000793596646368679
25 0.000789024573784163
26 0.000784779220206906
27 0.00078076589686554
28 0.000776869830034139
29 0.000772973060316283
30 0.000768975291170922
31 0.000764839212980116
32 0.000760543555343571
33 0.000756067672548365
34 0.000751404465070006
35 0.00074659838667437
36 0.000741705648570821
37 0.000736781105976247
38 0.000731885227694222
39 0.000727104763105612
40 0.000722531135749214
41 0.00071825354100683
42 0.000714353478178762
43 0.000710888044058935
44 0.000707908094814076
45 0.000705464446712285
46 0.000703604405308704
47 0.000702360670032175
48 0.000701763381825031
49 0.000701844292120826
50 0.000702632595647404
51 0.000704141761063093
52 0.000706383048958963
53 0.000709370073083651
54 0.000713115250427715
55 0.000717618769634747
56 0.00072287926215694
57 0.000728893507741024
58 0.000735644593711593
59 0.000743112717135879
60 0.000751278655114769
61 0.000760118285730533
62 0.000769586212854449
63 0.000779630056627306
64 0.000790195032350463
65 0.000801218645028397
66 0.000812615183206095
67 0.000824288859861495
68 0.000836138117390875
69 0.000848047085599687
70 0.000859859746451225
71 0.000871403126034052
72 0.000882495683407562
73 0.000892950293501345
74 0.000902582318180159
75 0.000911204640338833
76 0.000918627224149606
77 0.000924690078181818
78 0.000929359470797553
79 0.000932638924523276
80 0.000934523340535364
81 0.000934952856168597
82 0.000933858881015562
83 0.000931180360359077
84 0.000926874227768705
85 0.000920944127319739
86 0.000913411903552639
87 0.000904308027144627
88 0.000893692846942026
89 0.000881718335515711
90 0.000868558536090266
91 0.000854385523320617
92 0.000839375682762561
93 0.000823731320973977
94 0.00080765272432916
95 0.000791328539324893
96 0.000774928059227545
97 0.000758581183008988
98 0.000742401268859462
99 0.0007264925235226
100 0.000710946174939822
101 0.000695829223048198
102 0.000681198521448228
103 0.000667105533705475
104 0.000653593480382696
105 0.000640688368766301
106 0.000628410379588627
107 0.000616774950874684
108 0.000605785275227338
109 0.000595441513240429
110 0.000585743829026492
111 0.000576689545548489
112 0.000568264609529601
113 0.000560453352588299
114 0.000553241586297098
115 0.000546614021731086
116 0.000540546797515828
117 0.000535015483423185
118 0.000529997552551008
119 0.000525469824941177
120 0.000521401241816057
121 0.000517760199402562
122 0.000514516784091096
123 0.000511651011386241
124 0.000509177637627168
125 0.000507120251589991
126 0.000505502941646613
127 0.000504348241724789
128 0.000503670560230946
129 0.000503483256666643
130 0.000503801070504352
131 0.000504638456322378
132 0.000506004265318418
133 0.000507907238007604
134 0.000510355879209545
135 0.000513352432914463
136 0.000516898759228534
137 0.000520998289086495
138 0.00052565395425228
139 0.00053086187055681
140 0.000536617121938112
141 0.000542915636681849
142 0.000549750044888035
143 0.000557097086994559
144 0.000564928669864588
145 0.000573215441513666
146 0.000581930890771392
147 0.000591064868246956
148 0.000600611064557102
149 0.000610562603791676
150 0.000620916421462884
151 0.000631687240719325
152 0.00064289516226398
153 0.00065456138995623
154 0.000666702980342001
155 0.000679316145489296
156 0.000692390786957719
157 0.000705913126838661
158 0.000719858132974412
159 0.000734195731926451
160 0.00074889284344907
161 0.00076390595754253
162 0.000779158158715005
163 0.000794558503015315
164 0.000810008719120734
165 0.000825412691512528
166 0.000840706681959137
167 0.000855833118395225
168 0.000870731458554581
169 0.000885336374757541
170 0.000899571820808404
171 0.000913356699995175
172 0.000926607086738121
173 0.000939228899779708
174 0.000951094408796817
175 0.000962064768222173
176 0.000971998609335701
177 0.00098074134070755
178 0.000988089987374828
179 0.000993829921025347
180 0.000997749605306426
181 0.00099969007941829
182 0.000999686890837271
183 0.00099783309063944
184 0.000994236466573836
185 0.000989032015851565
186 0.000982365231859893
187 0.000974385203751518
188 0.000965249686415817
189 0.000955143706409773
190 0.000944255957503499
191 0.000932770113073683
192 0.000920862042523092
193 0.000908694456900672
194 0.000896421201387589
195 0.000884188523993257
196 0.000872127038507602
197 0.00086032881475377
198 0.000848873103033607
199 0.000837834831130249
200 0.000827279190281315
201 0.000817245286794287
202 0.000807764825529036
203 0.000798868308206837
204 0.000790580635538105
205 0.00078290772417073
206 0.000775851382159879
207 0.000769409721353845
208 0.000763564154559149
209 0.000758293222415982
210 0.000753577011724935
211 0.00074939254612293
212 0.000745700351045805
213 0.000742458111622555
214 0.000739624986637288
215 0.000737154870036184
216 0.000734976790099092
217 0.000733014497987912
218 0.000731192774496619
219 0.000729445991765562
220 0.000727744070519644
221 0.000726065923023518
222 0.000724390657885328
223 0.000722697432262847
224 0.000720965024844754
225 0.000719172280878024
226 0.000717298271492916
227 0.000715315797594616
228 0.000713172020382821
229 0.000710808359641091
230 0.000708167204154714
231 0.000705208773177974
232 0.000701960710961073
233 0.000698467099202572
234 0.000694778882807485
235 0.000690975535073624
236 0.000687142236559096
237 0.00068336233536488
238 0.000679711979152817
239 0.000676244300793521
240 0.000673006097790566
241 0.000670043419667843
242 0.000667398275210831
243 0.000665098523062978
244 0.000663168640599619
245 0.000661633366031016
246 0.000660514003221087
247 0.000659817075525333
248 0.000659546027621338
249 0.000659705114476181
250 0.000660295707232966
251 0.000661305109227185
252 0.000662717616506797
253 0.000664518133547109
254 0.000666688302912691
255 0.000669194980890787
256 0.000672001218786678
257 0.000675069828772039
258 0.000678358994747262
259 0.000681809279690648
260 0.000685355861059149
261 0.00068893220310925
262 0.000692468809645804
263 0.000695894371361092
264 0.000699136229178449
265 0.000702133427523252
266 0.000704876042927463
267 0.000707367317379733
268 0.000709610854719302
269 0.000711615727103677
270 0.000713411931201619
271 0.000715035138133979
272 0.000716521502824602
273 0.000717915025937319
274 0.000719289928789626
275 0.00072072848761656
276 0.000722313647840354
277 0.000724128976852548
278 0.000726258373453056
279 0.000728786877792487
280 0.000731801248879983
281 0.000735385262815723
282 0.000739604448829005
283 0.000744521913944275
284 0.000750200389913163
285 0.000756691642219079
286 0.000764047487493502
287 0.000772323838732061
288 0.000781575771948518
289 0.000791841199926252
290 0.000803156602646414
291 0.000815562558335917
292 0.000829098258764834
293 0.000843783788930933
294 0.00085963596029465
295 0.000876673676485113
296 0.000894910975943301
297 0.000914335342675142
298 0.000934925541076469
299 0.000956657382488068
300 0.00097949502592111
301 0.00100336482498889
302 0.00102817548085982
303 0.00105382441889652
304 0.00108018653370576
305 0.00110708076721973
306 0.00113429598696265
307 0.00116159981128219
308 0.00118875281384387
309 0.00121555502070331
310 0.00124180729066823
311 0.00126728752960849
312 0.00129171828143365
313 0.00131479737050667
314 0.00133621061065211
315 0.00135564348250752
316 0.00137281131291144
317 0.001387439364072
318 0.00139925863263808
319 0.00140800891351564
320 0.00141343946932435
321 0.00141531785701883
322 0.00141343639037977
323 0.0014077115110739
324 0.00139846631751149
325 0.00138613718745461
326 0.00137116958376264
327 0.00135398366550572
328 0.00133489199624966
329 0.00131417768063715
330 0.00129211778860106
331 0.00126899062829722
332 0.00124510200128978
333 0.00122075074587798
334 0.00119621486464877
335 0.00117174474699733
336 0.00114757000711896
