1 0.0330087698116054
2 0.0336726480915387
3 0.0325774623476289
4 0.0294278791055367
5 0.024868332832632
6 0.0197849201318442
7 0.0149722907502707
8 0.0110589703797771
9 0.00821653181485489
10 0.0063300821748045
11 0.00518870979860134
12 0.00455617825079621
13 0.00429431993865556
14 0.00435274219407698
15 0.00473989218502123
16 0.00547682893661842
17 0.00661326676528945
18 0.00821847347839738
19 0.0103553016387364
20 0.0130505686181144
21 0.0162358519146412
22 0.0196813590728089
23 0.0230194157211664
24 0.0260304354009705
25 0.028600013171498
26 0.0306809400158362
27 0.0322468729424243
28 0.0331386611038577
29 0.0331831066478467
30 0.0323150072102734
31 0.0307395997913438
32 0.0287330637760925
33 0.0265490602871571
34 0.0243904890657834
35 0.0223904169107842
36 0.0206378184882799
37 0.0191923496654359
38 0.0180808076626573
39 0.0172703989164823
40 0.0167261991120479
41 0.0164252716223352
42 0.0163712570145782
43 0.0166436288946047
44 0.0173608530353299
45 0.0186891746474137
46 0.0207717994216489
47 0.0233376504194274
48 0.0258182698262335
49 0.0274020566964794
50 0.0273353063910965
51 0.0256559628425769
52 0.0227960926703845
53 0.0192920342560361
54 0.0156788927996066
55 0.0124452717010553
56 0.00983603209892447
57 0.00787567640422848
58 0.00644482578424826
59 0.00542556821750802
60 0.00472968148930722
61 0.00429358918744592
62 0.00406750321789458
63 0.00402604614118945
64 0.00416856699188435
65 0.00451777387551475
66 0.00511718288619067
67 0.00604503551250047
68 0.00743186542152246
69 0.00946694335131752
70 0.012330308287862
71 0.0161689209729309
72 0.0210216855637858
73 0.0266834666089069
74 0.0325358075420997
75 0.0375024897838299
76 0.0402261841797862
77 0.0397706889205514
78 0.0367989962994891
79 0.0325497656924486
80 0.0280671665615356
81 0.023892817885223
82 0.0203021748436747
83 0.0174133918553209
84 0.015223790595531
85 0.013615261481584
86 0.0124816623370805
87 0.0117523698848787
88 0.0113935968753266
89 0.0114247531198841
90 0.011908616692843
91 0.0129674856415267
92 0.0147793531515042
93 0.0174546009039364
94 0.0210850494106606
95 0.0257171763909019
96 0.0311826527354905
97 0.0366241791287671
98 0.0405146652950731
99 0.0410583292659459
100 0.0374005971809485
101 0.0311562416792168
102 0.0243745027368807
103 0.0184042433238168
104 0.0137851531689264
105 0.010502950747944
106 0.00834218146508967
107 0.00704315575941605
108 0.00631428591907538
109 0.00597342439198691
110 0.0059251491855351
111 0.00612995820779848
112 0.00660934998650467
113 0.00742915942668168
114 0.0087079047026582
115 0.0106105822698367
116 0.0132242870435616
117 0.0165340342182505
118 0.0203425384379363
119 0.0242278884619539
120 0.0277618973519371
121 0.030498118054657
122 0.0320072502320633
123 0.0320345330381515
124 0.0307521989805805
125 0.028528941894445
126 0.0257688459666261
127 0.0228317402809963
128 0.0199874507134856
129 0.0174139568475933
130 0.0152104481284677
131 0.0134158774142496
132 0.0120267748105195
133 0.011027482973536
134 0.0104056995881676
135 0.0101604259338969
136 0.0103202768223359
137 0.0109617875529445
138 0.0122085868949699
139 0.0141569190147414
140 0.0169292185425125
141 0.0206776289195547
142 0.0254720334894562
143 0.0308749844402457
144 0.035836760131592
145 0.0387858536232357
146 0.0384142368485704
147 0.0352286066053811
148 0.0304907164085449
149 0.0253881789793279
150 0.020703529513808
151 0.0167250186545458
152 0.013517707770063
153 0.0110409022030129
154 0.00919978544428082
155 0.00787536090671997
156 0.00697033449578162
157 0.00641167024604822
158 0.0061319923706981
159 0.00609249278404618
160 0.00628331470406246
161 0.00672012663053325
162 0.00744419063848807
163 0.00852941627899964
164 0.010094237317143
165 0.0122902549153384
166 0.0151817316631181
167 0.0187175978962005
168 0.0226633373096424
169 0.0266002722711461
170 0.0302249471693253
171 0.0333001893412784
172 0.0356284703036845
173 0.0370545206497036
174 0.0374201419268736
175 0.0366320618957239
176 0.0347002143523068
177 0.0318223604064953
178 0.0285386298197013
179 0.0253457382231361
180 0.0225784066020868
181 0.0204216075785285
182 0.0189303337709527
183 0.0181404567365756
184 0.0181005903803989
185 0.0188361279687476
186 0.0204456408919145
187 0.0231483985663889
188 0.0272099878748849
189 0.0324625500782049
190 0.038269509306061
191 0.0434281339790873
192 0.0464366090820865
193 0.0465866029585538
194 0.043827641748393
195 0.0386235806550762
196 0.031939666798838
197 0.0251525358428932
198 0.0192161037843344
199 0.0145177376555584
200 0.0110445099427666
201 0.00856720611686864
202 0.00685136382428001
203 0.00571132252566858
204 0.00501075394602282
205 0.00464695205670773
206 0.00456911077485282
207 0.00477190454984497
208 0.00527967887286255
209 0.00616503262979374
210 0.00756836079403358
211 0.00969176607563437
212 0.0126462779368165
213 0.0163636545040976
214 0.0204410265101134
215 0.0241676747595872
216 0.0272260239940064
217 0.029610004541416
218 0.0314923163149393
219 0.0331168047731933
220 0.0345602787339456
221 0.0358597929390861
222 0.0370639307391174
223 0.0381476330688824
224 0.0387460854264144
225 0.0384025691877519
226 0.0367250700887703
227 0.0336326559650026
228 0.0297342530845786
229 0.0256864881662412
230 0.0219507838828707
231 0.0187999804847189
232 0.0163860593303706
233 0.0147680194884228
234 0.0139443374545476
235 0.0138178885063121
236 0.0143521489126265
237 0.015604324746113
238 0.0176665858909219
239 0.0204057333242302
240 0.0234732609326757
241 0.0262581848927151
242 0.028008231372277
243 0.0283725595554486
244 0.0272885081042996
245 0.0249062531965994
246 0.0216194802321309
247 0.0180966576612826
248 0.0148572114563482
249 0.0121714977945307
250 0.0101086879243588
251 0.008593087692144
252 0.00753662389227443
253 0.00687442545054864
254 0.00656458754941253
255 0.00657189305559572
256 0.0068976473672241
257 0.00758986105862019
258 0.00873015176066263
259 0.010347414588301
260 0.0124223745624253
261 0.0148917174321032
262 0.0177746099901404
263 0.0211226485257278
264 0.0249899734486074
265 0.029369773345642
266 0.0339258839197137
267 0.0380375627332575
268 0.0408878008366862
269 0.0417630871395275
270 0.0407040351621064
271 0.0381322965306843
272 0.0345836245169486
273 0.0305854492606689
274 0.0265781549931085
275 0.0228711784899965
276 0.0196450549274907
277 0.0169814895443224
278 0.0149038780085739
279 0.013401295481006
280 0.0124578468042908
281 0.0120681703148596
282 0.0122273032754385
283 0.0129899229710631
284 0.0144447196896409
285 0.0165041870014139
286 0.0189425371157052
287 0.0213549141465145
288 0.0231901657461225
289 0.0240518538816457
290 0.0236847248546258
291 0.0220099622085675
292 0.0192654332930642
293 0.0161354985774437
294 0.0131971505140529
295 0.0107607410850492
296 0.00890732298964795
297 0.00754015352409246
298 0.00655744786955594
299 0.00588561897495188
300 0.00546930276822508
301 0.00525005517554357
302 0.00518676850267294
303 0.00525451776461139
304 0.00544394704175793
305 0.00577638729303371
306 0.0062923803285079
307 0.00705399659673447
308 0.00813787877009092
309 0.00956929887940062
310 0.0113331838033941
311 0.0133746080868662
312 0.0156361951328275
313 0.0180263512198635
314 0.020400508365142
315 0.0225686238561423
316 0.0243318583769313
317 0.0254946931434775
318 0.0258889611324795
319 0.0254547804207545
320 0.0243974334001904
321 0.0229932145887442
322 0.0214935513907354
323 0.020102115927057
324 0.0189717963481853
325 0.0182225530433973
326 0.0179658933559665
327 0.0182797132840706
328 0.0190583352999643
329 0.0201535269237912
330 0.0213960009234166
331 0.0226394029059798
332 0.0239771918270428
333 0.0255988294195941
334 0.0276582368795393
335 0.0299791009642361
336 0.0322164251897058
