1 0.0136621242715749
2 0.0129536829487234
3 0.0122376199432017
4 0.0115324052399764
5 0.0108627811240006
6 0.010250345867246
7 0.00970961181272955
8 0.00924396574082429
9 0.00885410253868294
10 0.00854077229734525
11 0.00830497512509469
12 0.00814766640425332
13 0.00807108862203465
14 0.00807949730655272
15 0.00817844621442278
16 0.00837146827625157
17 0.0086639956686242
18 0.00906484659067939
19 0.00958392548137151
20 0.0102232387627312
21 0.0109823133221341
22 0.0118592752130105
23 0.0128487634062824
24 0.0139381430118103
25 0.0151068375692431
26 0.0163251056605175
27 0.0175592102587954
28 0.0187937689801176
29 0.0200187042170217
30 0.0212183333926719
31 0.0223525928681106
32 0.023370248366989
33 0.0242156985666821
34 0.0248418490990443
35 0.0252450772742178
36 0.025438968652338
37 0.0254433105361084
38 0.0252801018990416
39 0.024965226051666
40 0.0245145284356554
41 0.0239454011507178
42 0.0232722432484374
43 0.0224952770591869
44 0.0216136351443542
45 0.0206296855396757
46 0.0195540105075725
47 0.0184176358350451
48 0.0172532617899261
49 0.0160891956619865
50 0.0149491247875031
51 0.0138524215681174
52 0.0128138696185717
53 0.0118439793187781
54 0.0109507477929278
55 0.0101431264765403
56 0.00942720804593945
57 0.00880557350067855
58 0.00827725738997152
59 0.00784039944395312
60 0.00749344190567197
61 0.00723411478659701
62 0.00705544623762127
63 0.00695141146475873
64 0.0069183773302146
65 0.00695508108888133
66 0.00706311542172892
67 0.00724647233992757
68 0.00751159562299303
69 0.00786611525852417
70 0.00831372004682898
71 0.00885790132510919
72 0.00950297573255385
73 0.0102514014179386
74 0.0110952876053098
75 0.0120191432714065
76 0.0129998804871657
77 0.0140064619263076
78 0.0150032481685007
79 0.0159475917784259
80 0.0167955270372078
81 0.0175229575581413
82 0.0181137897098555
83 0.018555416972407
84 0.0188393795469122
85 0.0189623293244436
86 0.0189253631102463
87 0.0187335738054687
88 0.0183971090804166
89 0.0179346895058405
90 0.0173679855440645
91 0.0167190711782191
92 0.0160104302850549
93 0.0152666519950146
94 0.0145105067893856
95 0.0137615953083355
96 0.0130364543944778
97 0.012349173241284
98 0.0117110180445823
99 0.0111306780085662
100 0.010614796285856
101 0.0101685461280899
102 0.00979620419415759
103 0.00950174349904566
104 0.00928805779924432
105 0.00915359912494175
106 0.00909719958815688
107 0.00911882559516648
108 0.00921735892251379
109 0.0093927890889327
110 0.00964686988311711
111 0.00998269605846273
112 0.0104034408161403
113 0.0109132644439969
114 0.0115175768877223
115 0.0122221282789468
116 0.0130300252320694
117 0.013943145765369
118 0.0149622950776623
119 0.0160856819559615
120 0.0173050512945865
121 0.0186065215170376
122 0.0199703522555187
123 0.0213699807172826
124 0.0227710166152105
125 0.024131443552173
126 0.0254022795369016
127 0.0265367578684827
128 0.0275183038314616
129 0.0283422204660135
130 0.029008297655874
131 0.0295116145440453
132 0.0298148217038752
133 0.0298741371147455
134 0.0296550223255645
135 0.0291476865704741
136 0.0283553366630706
137 0.027290290752251
138 0.0259845871009718
139 0.0245165833496968
140 0.0229680504931959
141 0.0214090495592192
142 0.0198933693748841
143 0.0184512226647628
144 0.0171022367931467
145 0.0158598662809452
146 0.0147321999411056
147 0.0137224437764903
148 0.01283095558896
149 0.012056433460798
150 0.0113957166206075
151 0.0108418761894932
152 0.01038832132676
153 0.0100300210409484
154 0.00976250993380625
155 0.00957888510223601
156 0.00947333564192252
157 0.00944268925930541
158 0.00948822566865431
159 0.00961373831033152
160 0.0098251250874047
161 0.0101285196660283
162 0.0105233795958527
163 0.0110080104984457
164 0.0115810933409107
165 0.0122397263679087
166 0.0129740592882345
167 0.0137694190072165
168 0.0146065119536206
169 0.0154631166970623
170 0.01632222918845
171 0.0171663484332375
172 0.0179753625876871
173 0.01872764679287
174 0.0194031691138579
175 0.0199821672710916
176 0.0204451092170725
177 0.0207740283806623
178 0.0209550706867653
179 0.0209776872896089
180 0.0208347148756591
181 0.0205241482894727
182 0.0200530624443873
183 0.0194334303177121
184 0.0186848906225769
185 0.0178461275439548
186 0.0169572918232536
187 0.0160537670369731
188 0.0151643032958529
189 0.0143078797628512
190 0.0134984878596531
191 0.0127468575882539
192 0.0120608773082359
193 0.0114459471653349
194 0.0109058330027493
195 0.010443302318527
196 0.0100583454040509
197 0.00974231713326392
198 0.00948596535741417
199 0.00928154387466051
200 0.00912361597611595
201 0.00901204840114475
202 0.00894838220281102
203 0.00893479296511952
204 0.00897339933495442
205 0.00906385660542141
206 0.00920582391253635
207 0.00939874295748278
208 0.0096386122523299
209 0.00992044511525443
210 0.0102389200171415
211 0.0105876863765455
212 0.0109577518126968
213 0.0113383112132558
214 0.011716976550764
215 0.0120820497382875
216 0.0124300846842332
217 0.0127599690162801
218 0.0130707586996659
219 0.0133620682373717
220 0.0136352934438058
221 0.0138925454757504
222 0.0141362487980312
223 0.0143679283732931
224 0.014584492274485
225 0.0147815350666274
226 0.0149545295516676
227 0.0150979375919699
228 0.0152023815594351
229 0.0152575546240837
230 0.0152534324920399
231 0.0151808944530679
232 0.0150329308590697
233 0.0148041439139176
234 0.0144917592267725
235 0.014098606446608
236 0.0136299954351903
237 0.0130926105105749
238 0.0124985408987157
239 0.011875957942114
240 0.0112531803210029
241 0.0106537463019248
242 0.0100944579023512
243 0.00958039712780954
244 0.00911336166163343
245 0.00869447372347044
246 0.0083237806731564
247 0.00799880166545923
248 0.00771681671070777
249 0.00747553351271555
250 0.00727405505223572
251 0.00711562384357606
252 0.00700456208343305
253 0.00694560409960963
254 0.00694351447176591
255 0.00700113496647251
256 0.0071220718891388
257 0.00731174886967193
258 0.00757600790270272
259 0.00791571291650182
260 0.0083309756985306
261 0.00882155999225587
262 0.00938369609444047
263 0.0100110474522645
264 0.0106945221946709
265 0.0114236038484581
266 0.0121932894488666
267 0.0129991288190823
268 0.0138351387744178
269 0.014692391570557
270 0.0155545352045311
271 0.0164005086834695
272 0.0172058073458846
273 0.0179438359650637
274 0.0185896749931456
275 0.019118796785357
276 0.0195073052675097
277 0.0197388360080027
278 0.0198230366241262
279 0.0197789430055619
280 0.0196281307836302
281 0.01938946119192
282 0.0190664766956613
283 0.0186599009418234
284 0.0181758787633523
285 0.0176372523286066
286 0.0170693184493224
287 0.0164950089992474
288 0.0159328682336796
289 0.0153921991189847
290 0.0148793793374055
291 0.0143998819165086
292 0.0139554308169327
293 0.0135359071530645
294 0.0131294842645338
295 0.0127256490617887
296 0.0123197444771062
297 0.0119255800953314
298 0.011559607831186
299 0.0112362931618552
300 0.0109678202234569
301 0.010762539709109
302 0.0106281064466155
303 0.0105728702499159
304 0.0106040389231399
305 0.010720710088988
306 0.0109213953431979
307 0.0112063141532095
308 0.0115761354247362
309 0.0120282395937101
310 0.0125591032929377
311 0.0131639803807745
312 0.0138336159353519
313 0.0145554753038725
314 0.0153138006257316
315 0.0160886312508236
316 0.0168539985486808
317 0.0175789532612917
318 0.0182284436094708
319 0.0187688508553425
320 0.0191838508220388
321 0.0194636718528398
322 0.0196012731222402
323 0.0195967986133642
324 0.0194700456931543
325 0.0192469146594945
326 0.0189539018764524
327 0.0186145216965572
328 0.0182413996034261
329 0.0178441588593471
330 0.0174318916724635
331 0.0170092836390432
332 0.0165659649877957
333 0.0160892411601511
334 0.0155690896112485
335 0.0150006557277512
336 0.0143816611730552
