1 0.017343492239269
2 0.0149836886729478
3 0.0128116002741768
4 0.0110630086368223
5 0.00976377294530673
6 0.00889455111025969
7 0.00842304188633762
8 0.00825828443815513
9 0.00832531553098862
10 0.00857050021785724
11 0.00896788615947263
12 0.00957994624039316
13 0.0105173389504485
14 0.0119446987964768
15 0.0140800897043287
16 0.0170636258252702
17 0.0209926309331569
18 0.0258891465776249
19 0.0314897838120645
20 0.036623040019734
21 0.0393596029477846
22 0.0377779577660306
23 0.0316436800248464
24 0.0237186102661943
25 0.0165288192305611
26 0.0111432729067676
27 0.00754215595066056
28 0.00524022239461061
29 0.00380669663733109
30 0.00293792203842111
31 0.00242587589641417
32 0.00215313033795193
33 0.00206374334403097
34 0.00213888353249505
35 0.00236862953836293
36 0.00276044466172141
37 0.0033344227101001
38 0.00411125766396575
39 0.00509404139680079
40 0.00624436952533851
41 0.00745568492736398
42 0.00857127116879123
43 0.00952848035429084
44 0.0103272954990614
45 0.0110022810237848
46 0.0115745605481837
47 0.0119087252694262
48 0.0118259355004745
49 0.0111858390751409
50 0.01001011523849
51 0.00864274087511232
52 0.00739128099076644
53 0.00642861132009875
54 0.00581843831499364
55 0.00552786162297215
56 0.00554080339390648
57 0.00586994927558005
58 0.0064997599914522
59 0.00741493358643365
60 0.00859041173221549
61 0.00999005548918082
62 0.011653847629133
63 0.0136645513482204
64 0.0161364780108951
65 0.0191788440826826
66 0.0226901329233755
67 0.0263629543981818
68 0.0296844448559231
69 0.0319336979563165
70 0.0322069776286911
71 0.0298394969841071
72 0.0248663124385202
73 0.0184418686229471
74 0.012607605646112
75 0.00833499908867324
76 0.00559598434707477
77 0.00397898697549429
78 0.00303442178779692
79 0.00249458733489034
80 0.00221946694853544
81 0.00213654759483399
82 0.00222232617137053
83 0.00249421528535015
84 0.00300338140400653
85 0.0037922716132215
86 0.00488657554853721
87 0.00625395949723629
88 0.00778262457800259
89 0.00943424392475744
90 0.0112247156500079
91 0.0132066243749732
92 0.0154071747337344
93 0.0175329492376408
94 0.0190577867601532
95 0.0193774187245221
96 0.0181689263290589
97 0.0159094807469658
98 0.0132643449808019
99 0.0107374633869625
100 0.00860725460686301
101 0.00696826766675886
102 0.00581105188568733
103 0.0050914535049623
104 0.00475508763129634
105 0.00470134414918392
106 0.00486090052145303
107 0.00520035119895227
108 0.00573356778624665
109 0.00649918926340623
110 0.00755600190920707
111 0.00898978360237456
112 0.0109285242282573
113 0.0135555030581707
114 0.0171302317555828
115 0.0218711810071865
116 0.027236398612373
117 0.0317487978625461
118 0.0332694519123526
119 0.0304613881256386
120 0.0248567172759263
121 0.018663762326607
122 0.01332434692603
123 0.00934061485917277
124 0.00660379405845913
125 0.00482965387831537
126 0.00374757625399074
127 0.00314937576200694
128 0.00287104407411402
129 0.00283016136439652
130 0.00300694645534472
131 0.00342644335151667
132 0.00413984328969624
133 0.00523410788143147
134 0.00682453764645298
135 0.00899133913702734
136 0.0117127571555803
137 0.014764860416826
138 0.0176910581320147
139 0.0200583755193739
140 0.0214958976020548
141 0.0217461991960354
142 0.0207732995781251
143 0.0188714139993759
144 0.0164470786435234
145 0.0138733989315912
146 0.0114410613105762
147 0.00936317781456516
148 0.00772876777590715
149 0.0065406586554647
150 0.00575206516664406
151 0.00526756488337723
152 0.005018935233032
153 0.00497102736699962
154 0.00511171031649533
155 0.00544252539816715
156 0.00598157692350684
157 0.00676718007225329
158 0.00786882951073877
159 0.00939243311482727
160 0.0114932982346783
161 0.0143494165247089
162 0.017945863562835
163 0.0220025002886529
164 0.0258911322670733
165 0.0286654132738558
166 0.0293844382522932
167 0.0274604748661262
168 0.0230187830327673
169 0.0171904436059193
170 0.0118370095778301
171 0.00786769256378707
172 0.00528934803766933
173 0.00374440553547887
174 0.00282728676246985
175 0.00229031152161022
176 0.00200187704751208
177 0.00189474389090052
178 0.00193273364345886
179 0.0021102142024595
180 0.00244921393880909
181 0.00299998631438242
182 0.00384434989236792
183 0.00510721070925288
184 0.0069548776792472
185 0.00951662986927728
186 0.0128003016614403
187 0.0165602594411151
188 0.0202429688709326
189 0.0232958587089791
190 0.0252368583678791
191 0.0257296556346352
192 0.0247115640033757
193 0.0225072203875788
194 0.0195964013449778
195 0.016441827075276
196 0.0134166677203262
197 0.0107944511684476
198 0.00869163519324012
199 0.00711019203590984
200 0.00599098732183786
201 0.00524224314498808
202 0.00479611261707626
203 0.00461903913779328
204 0.00470981323448241
205 0.00509381150276038
206 0.00584818573854313
207 0.00711702456797665
208 0.0090858570283944
209 0.0120148415649602
210 0.016248373732499
211 0.0220708985341897
212 0.028978749699046
213 0.0352511852407151
214 0.03812224301022
215 0.0355991781859532
216 0.0292501709446538
217 0.0218024484692403
218 0.0152125430873249
219 0.0102591155440026
220 0.00689244569302136
221 0.004753226818883
222 0.00346700644855344
223 0.00274177413368773
224 0.0023612458344559
225 0.00221288157378989
226 0.00225489636541703
227 0.00248895722448538
228 0.00293075374969742
229 0.00361491856812297
230 0.0045862391844123
231 0.00588028171126218
232 0.0075043665171954
233 0.00939475219528032
234 0.0114070812410316
235 0.0134464383256126
236 0.0154504525890045
237 0.0173750546876423
238 0.0191236213892619
239 0.0202751447622426
240 0.0202993551410878
241 0.0188119435543341
242 0.0159668174315765
243 0.0127699771144711
244 0.0100031901206349
245 0.00798107389526839
246 0.00669987738528044
247 0.00594617171260551
248 0.00556671769328755
249 0.00548459448296512
250 0.00567376780577363
251 0.00614996280678073
252 0.00697026657403665
253 0.00824293165438817
254 0.0101354352439579
255 0.0128431396171407
256 0.0166000355294139
257 0.0216612964323886
258 0.0280960917592568
259 0.0349357737154713
260 0.0399978378227876
261 0.04087917269221
262 0.0374151610696725
263 0.0309950361627764
264 0.0234771925531858
265 0.0164925674236855
266 0.0110730478139346
267 0.00735659917243239
268 0.00500973913349511
269 0.00360438041335482
270 0.00276763074050865
271 0.00227918740145598
272 0.00202270694521408
273 0.00193899433727249
274 0.00199297388038537
275 0.00217488308540653
276 0.00249516002549444
277 0.00297957494110003
278 0.00366501732398945
279 0.0045950048891476
280 0.00581042069261948
281 0.00734265077673322
282 0.00923774250363037
283 0.011541833105303
284 0.0142485196915292
285 0.0171120685558037
286 0.0196370257831882
287 0.0211529890144396
288 0.0211445677289821
289 0.0198788256465252
290 0.017924203357964
291 0.0158073086928442
292 0.0138868536261792
293 0.0123088425364499
294 0.0111338884495883
295 0.0103956919414044
296 0.0100929325113291
297 0.0100970391923338
298 0.0102718026032612
299 0.0104866311298558
300 0.0106550918894196
301 0.0108975725514883
302 0.0114024202019045
303 0.0124045678637224
304 0.0141889142716501
305 0.0169230303641414
306 0.0207688896010262
307 0.0258820968458357
308 0.0321218634536199
309 0.0379970496551682
310 0.040788830524594
311 0.0383119716857772
312 0.0318776350618191
313 0.0240699764218787
314 0.0169068122171054
315 0.0113409790189815
316 0.00747559643995824
317 0.00498642641059473
318 0.00346620902080041
319 0.00257461914969257
320 0.00205927310576593
321 0.00177945841967035
322 0.00166660761451882
323 0.00169426364357965
324 0.00185931010104022
325 0.00218677897009864
326 0.00273642796161949
327 0.00360906340346145
328 0.00492775894925547
329 0.00682709346347769
330 0.00940708355178418
331 0.0126270470786406
332 0.0161229453990782
333 0.0191148022163203
334 0.0206858779631952
335 0.020644710670324
336 0.0193213021240274
