1 0.0005567076345596
2 0.000550218488067163
3 0.000543619012841374
4 0.000537002095132939
5 0.000530428207073839
6 0.000523947990338164
7 0.000517606802969792
8 0.00051143666488199
9 0.000505465280685253
10 0.000499719030824734
11 0.000494218714050608
12 0.000488966909817976
13 0.0004839618589933
14 0.000479201956398651
15 0.00047468208247721
16 0.000470382842540663
17 0.000466282033832071
18 0.000462358310544401
19 0.000458587671351576
20 0.000454933301367466
21 0.000451356186775959
22 0.000447818528722586
23 0.000444280162175951
24 0.000440688166786949
25 0.000436987895261124
26 0.000433126664053326
27 0.000429052105461912
28 0.000424707098161024
29 0.000420035783405058
30 0.000414981083299705
31 0.000409471436085348
32 0.000403436616426388
33 0.000396813545304497
34 0.000389558474676345
35 0.000381679714781379
36 0.000373201561016356
37 0.000364152645026433
38 0.000354581653617962
39 0.000344601140895028
40 0.000334332920534183
41 0.00032389025515766
42 0.000313374565096836
43 0.000302868064082339
44 0.000292442395079552
45 0.000282161358518989
46 0.0002720800261718
47 0.000262242173346424
48 0.000252684333370467
49 0.000243437320627196
50 0.000234525653848884
51 0.000225965284332834
52 0.000217767573162034
53 0.000209940764535683
54 0.000202489769600826
55 0.000195414913895145
56 0.000188714344599879
57 0.000182384474588415
58 0.000176418948881388
59 0.000170810492931962
60 0.000165551589726132
61 0.00016063418209068
62 0.000156048554559672
63 0.000151784996468367
64 0.000147834360656614
65 0.00014418778495591
66 0.000140835780642939
67 0.000137769429572255
68 0.000134980770043221
69 0.000132462526465451
70 0.000130207295739683
71 0.00012820851085894
72 0.000126460747048141
73 0.000124959462407744
74 0.000123700232383058
75 0.000122679601907293
76 0.000121895363893824
77 0.000121346365943391
78 0.000121031917283883
79 0.00012095244589761
80 0.00012110953052639
81 0.00012150532282175
82 0.000122143192215476
83 0.000123027973215781
84 0.000124165763991052
85 0.00012556319766201
86 0.00012722825767296
87 0.000129170608772793
88 0.000131401413039074
89 0.000133932568658403
90 0.000136777578407454
91 0.000139951928617006
92 0.00014347288699987
93 0.000147358583918809
94 0.000151629033190806
95 0.000156306589736399
96 0.000161415700334834
97 0.000166981743797441
98 0.000173032229544981
99 0.000179597328549145
100 0.00018670945722256
101 0.000194401531110484
102 0.00020270850355628
103 0.000211667985151734
104 0.000221319692231879
105 0.00023170338358542
106 0.000242860366236502
107 0.000254833117701119
108 0.000267662166198256
109 0.000281387914812356
110 0.000296051086214579
111 0.000311690747505544
112 0.000328338500719014
113 0.000346021282745949
114 0.000364761814647444
115 0.00038457526005574
116 0.000405460204465731
117 0.000427402400400391
118 0.000450375155263755
119 0.000474334085880115
120 0.000499203336637291
121 0.000524881705864572
122 0.000551243893022876
123 0.000578156659477127
124 0.000605537743644469
125 0.000633313580846986
126 0.000661403116663448
127 0.000689710579983769
128 0.00071810133269939
129 0.000746419813193871
130 0.000774496679914158
131 0.000802137695187056
132 0.000829086050051798
133 0.000855054027645475
134 0.000879737902571019
135 0.000902825201236805
136 0.000923995952840446
137 0.000942926614954722
138 0.000959347559615979
139 0.000973210583561315
140 0.00098454679104918
141 0.000993414510573925
142 0.000999910773582079
143 0.00100421116158707
144 0.00100652467869897
145 0.00100707526886198
146 0.0010060931529425
147 0.00100379793378653
148 0.00100040864332732
149 0.000996145549063723
150 0.00099120804282108
151 0.000985713875506232
152 0.000979759704192655
153 0.000973440802310293
154 0.00096683929978967
155 0.000959990401270511
156 0.000952917476817682
157 0.000945627985948433
158 0.000938067760481545
159 0.000930169457870745
160 0.000921868578664802
161 0.000913098833102854
162 0.000903778133382268
163 0.000893824449840338
164 0.000883161401628476
165 0.000871738882004611
166 0.000859591439361342
167 0.000846774681783991
168 0.000833344465484286
169 0.000819334856073597
170 0.000804695747701741
171 0.000789363569104088
172 0.000773284386673722
173 0.000756432211777235
174 0.000738859296494331
175 0.00072063756874254
176 0.000701839748676325
177 0.000682571229788139
178 0.000663059222039663
179 0.000643542060002366
180 0.000624234535458136
181 0.000605315953142475
182 0.000586897418402133
183 0.000569064605733454
184 0.000551889338638857
185 0.000535424312138026
186 0.000519711867628157
187 0.000504787344493189
188 0.00049067542914177
189 0.000477378311912126
190 0.00046489192844011
191 0.000453211272618386
192 0.000442327645125881
193 0.000432220105215532
194 0.000422866269604045
195 0.000414245709225843
196 0.000406337229807551
197 0.000399110998111578
198 0.000392537499472379
199 0.000386590230545676
200 0.000381243021327264
201 0.000376462619865809
202 0.000372216412337365
203 0.000368474678178712
204 0.000365208463981316
205 0.000362383927943618
206 0.00035996775348095
207 0.000357926746115919
208 0.000356221782111238
209 0.000354813453748138
210 0.000353663707002224
211 0.000352733910331408
212 0.000351979699241173
213 0.000351355744347021
214 0.000350817213293582
215 0.000350315893939716
216 0.000349788937885059
217 0.000349170154030091
218 0.000348393870957913
219 0.000347405416629322
220 0.000346191913967392
221 0.000344751276516081
222 0.000343081933216491
223 0.000341184605071099
224 0.000339067506444141
225 0.000336740906864627
226 0.000334215303610636
227 0.000331498581959778
228 0.000328587794235771
229 0.0003254778629686
230 0.000322164459626567
231 0.00031864285786088
232 0.00031490451458325
233 0.000310940899526278
234 0.000306755662474046
235 0.000302396065253578
236 0.000297918115797712
237 0.000293375159374208
238 0.000288816279115364
239 0.000284282085379908
240 0.000279809357965457
241 0.00027543258691479
242 0.00027118285502563
243 0.000267084473500942
244 0.00026315904184063
245 0.000259426854154598
246 0.000255905968194263
247 0.000252609206131689
248 0.000249547812289572
249 0.000246732723405927
250 0.000244173733044523
251 0.000241876770989859
252 0.000239847108346455
253 0.00023809045958559
254 0.000236612127429393
255 0.000235414276638731
256 0.000234498956387654
257 0.000233869120835365
258 0.000233527922500119
259 0.000233476488587169
260 0.000233716254073864
261 0.000234248978029783
262 0.000235074442938449
263 0.000236192728595753
264 0.000237604959605724
265 0.000239312339560581
266 0.000241313219739443
267 0.000243605816531031
268 0.000246189086628651
269 0.000249061616377309
270 0.000252218310849642
271 0.000255653265055035
272 0.000259360664223899
273 0.0002633337237913
274 0.000267561636525896
275 0.000272032029411176
276 0.000276731703650034
277 0.000281644435673257
278 0.000286744419969407
279 0.000292001671558488
280 0.000297383784972147
281 0.000302858870859703
282 0.000308405204348478
283 0.000314002611547303
284 0.00031963772152492
285 0.000325329984378987
286 0.000331108871409064
287 0.000337005941588673
288 0.000343051743519194
289 0.000349265902937058
290 0.000355665996638555
291 0.000362270702466348
292 0.000369098054785742
293 0.000376159785019223
294 0.000383466365608798
295 0.000391028795422369
296 0.000398855936954055
297 0.000406946030768057
298 0.000415293995905376
299 0.000423893944103169
300 0.000432736194753009
301 0.000441797984048124
302 0.000451051224536362
303 0.000460465145367569
304 0.000470002277124687
305 0.00047960605832988
306 0.000489211283925491
307 0.000498747794993027
308 0.000508138011264729
309 0.00051728915433995
310 0.000526100510644427
311 0.000534459314639236
312 0.000542219410593107
313 0.00054922223304282
314 0.000555305474306635
315 0.000560336009353475
316 0.000564306291070902
317 0.000567246540724504
318 0.000569193911534317
319 0.000570200059319308
320 0.000570355456933915
321 0.00056976315302888
322 0.00056852899400731
323 0.000566751996189857
324 0.000564498461883069
325 0.000561826748754011
326 0.000558795226459593
327 0.000555458120910469
328 0.000551854067146071
329 0.000548017535761895
330 0.000543982503531615
331 0.000539774338826691
332 0.000535386242529275
333 0.000530804095798301
334 0.000526030588866157
335 0.000521131957826907
336 0.000516187950576377
