1 0.0234547910768859
2 0.0209180641095095
3 0.018405301455574
4 0.0160044402956629
5 0.0137785414144657
6 0.011766289034467
7 0.00998995233814668
8 0.00846807791359901
9 0.00719980403427703
10 0.00616871197141529
11 0.00535049946723829
12 0.00471795527778069
13 0.00424684447056115
14 0.00391852676025274
15 0.00371897882245956
16 0.00363342768300669
17 0.00365474502848002
18 0.00378527182588497
19 0.00403587084651663
20 0.00442269921463829
21 0.00497170994295826
22 0.00572196100887018
23 0.00672409053386581
24 0.0080228543515006
25 0.00965765594985202
26 0.01165489177135
27 0.0140128417441023
28 0.0166859246685613
29 0.0195642421600348
30 0.0224823729219854
31 0.0253121636932414
32 0.0279402329773968
33 0.0302585522039505
34 0.0321714004032371
35 0.0335989599949386
36 0.0344844582968645
37 0.0347982847631576
38 0.0345536814150845
39 0.0338469316472617
40 0.0328017070979989
41 0.0315420059688889
42 0.0301727822504591
43 0.0287472402196516
44 0.0273027049787529
45 0.0258714187450873
46 0.0244608914929009
47 0.0230042066438394
48 0.021434600846326
49 0.0197095175807867
50 0.017830651162976
51 0.0158820011607964
52 0.0139515788447166
53 0.0121077611228599
54 0.0104041641916492
55 0.00889122897859189
56 0.00759414247205652
57 0.0065142079715544
58 0.00563623807016086
59 0.00493952441933759
60 0.00440323931652523
61 0.00400719943137924
62 0.00372864829192874
63 0.00355081934832372
64 0.00346412996674645
65 0.00346463515144266
66 0.00355129394396555
67 0.00372852613359119
68 0.00400739346071831
69 0.00440444230950377
70 0.00493483671754017
71 0.00561610017915756
72 0.00646849329774945
73 0.00751144259184346
74 0.00875433247084186
75 0.0101919067498475
76 0.0117973177071366
77 0.0135215537531925
78 0.0153177475275447
79 0.0171296907944503
80 0.0189072769450051
81 0.0206849013127573
82 0.0225475943450624
83 0.0246167140400494
84 0.0270126024948734
85 0.0296997074478917
86 0.0325633004316626
87 0.0354372444508451
88 0.0381244872895334
89 0.0404858459245719
90 0.0424004076311095
91 0.0437536443596249
92 0.0444205692099497
93 0.0441976016147273
94 0.042904155313514
95 0.0404469730758854
96 0.0369074874476095
97 0.0326701119470939
98 0.0281567497680428
99 0.0237156096872499
100 0.01960080236098
101 0.0159774470106369
102 0.0129146732048506
103 0.0104083664600506
104 0.00841141036234592
105 0.00685919513622222
106 0.00568059639877165
107 0.00480596172228554
108 0.00416857062338407
109 0.00371803878545355
110 0.00342021029607857
111 0.00325261299440988
112 0.00319775208338204
113 0.00324802411791592
114 0.00340628065757616
115 0.0036841119723134
116 0.0040965092683997
117 0.0046659667111155
118 0.00542412518558383
119 0.0064095750063797
120 0.00765692802588374
121 0.00919313509564331
122 0.0110286279634513
123 0.0131446566433842
124 0.0154831433518289
125 0.0179320859088771
126 0.0203175732098874
127 0.0224352188644297
128 0.0241669445643719
129 0.025448611230323
130 0.0262518098681204
131 0.0265946800927296
132 0.0265735497901868
133 0.0263145365221098
134 0.0259418505079897
135 0.0255519948822395
136 0.0252305461282617
137 0.0250592219518448
138 0.0250870909214601
139 0.0252372336851868
140 0.0254009547254618
141 0.0254673815656026
142 0.0253394806598396
143 0.0249814199749005
144 0.0243786713623008
145 0.023525557313663
146 0.0224212816339557
147 0.0210570930432359
148 0.0194386744048855
149 0.0175941348717695
150 0.0155922933122103
151 0.0135756319955545
152 0.0116658879863529
153 0.00994037626377261
154 0.00844202917384104
155 0.00719576617658322
156 0.00620194847854808
157 0.00544119634181846
158 0.00487619914573064
159 0.00447551689040112
160 0.00421821767751972
161 0.00409185754970793
162 0.00408829486330234
163 0.00420872573186091
164 0.00446577936709612
165 0.00488126176972836
166 0.00547289124373699
167 0.00626201291794542
168 0.00727418161322224
169 0.0085322704296911
170 0.0100393010244654
171 0.0117689362939653
172 0.0136527716235991
173 0.015594516906087
174 0.0175702089171924
175 0.0195954353113359
176 0.0217077677616881
177 0.0239433912429308
178 0.0262427840008665
179 0.0284952687767964
180 0.0305613436807049
181 0.0322833642253731
182 0.0335127226571976
183 0.0341145760686611
184 0.034030581029704
185 0.0334372442230362
186 0.0325751655950088
187 0.0316742357283194
188 0.0308862331430403
189 0.0301255188808827
190 0.0292603277353676
191 0.0281744845161441
192 0.0267804570482345
193 0.0250455019792149
194 0.022974592658167
195 0.020606938958217
196 0.0180425424158158
197 0.0154864526179697
198 0.0131069364607416
199 0.0110027627004684
200 0.00921289441529374
201 0.00772834634313464
202 0.00652143651664093
203 0.00555825926643329
204 0.00480470585422863
205 0.00423061379925399
206 0.00381103859220816
207 0.00352545796584464
208 0.00335345700309989
209 0.00328231574168122
210 0.00330810995903688
211 0.00343339016395719
212 0.00366077851093045
213 0.00399783656672105
214 0.00445830121901103
215 0.00506048950062631
216 0.00582192504471035
217 0.00675866527541501
218 0.00788218710762965
219 0.00919490239502358
220 0.0106876479006722
221 0.0123318524900457
222 0.0140725846820283
223 0.0158371662783802
224 0.0175846636609628
225 0.019288342907519
226 0.0209270927433007
227 0.0224919278596226
228 0.0240056442346114
229 0.0255112712840877
230 0.0270669411495756
231 0.0287089113115057
232 0.0303234637269796
233 0.031731130838592
234 0.0327516325235686
235 0.033297813826295
236 0.0333230875632044
237 0.0328036587074175
238 0.0317354805342527
239 0.0301187057882007
240 0.0279840950168161
241 0.0254019687412602
242 0.0225059446497693
243 0.0195361922705077
244 0.0166983750432018
245 0.0141257609017054
246 0.0118856007210527
247 0.00999084808383069
248 0.00842549393343635
249 0.00715889916660074
250 0.00615307154252709
251 0.00536565653671987
252 0.00476008327747021
253 0.00430763685496124
254 0.00398613134500714
255 0.00377702174127451
256 0.00366870683099332
257 0.00365695177165393
258 0.00374345745794663
259 0.00393186906475968
260 0.0042320448486902
261 0.00465930313448485
262 0.00522497497449587
263 0.00593960544318775
264 0.00681176294785877
265 0.00784613262450785
266 0.00904884632865366
267 0.0104199986443747
268 0.0119475734637091
269 0.0136060259705276
270 0.0153641310513438
271 0.0171789238189855
272 0.0189927522826389
273 0.0207489555741373
274 0.0224485071293453
275 0.0241231632329348
276 0.0258226716852628
277 0.0275938773540924
278 0.029407793867823
279 0.0312044570918757
280 0.0329114770416711
281 0.0344294900081424
282 0.0355830048074939
283 0.0361712010169844
284 0.0360385404914189
285 0.0351982789545296
286 0.0337346196627355
287 0.0317590815403907
288 0.0293858283255101
289 0.0266906088174189
290 0.0237575945890445
291 0.0206887976816665
292 0.0176161039306692
293 0.0147250835177161
294 0.0121460756211825
295 0.00993877825548024
296 0.00811085796678177
297 0.0066373688902042
298 0.00547637119911279
299 0.00458070170592698
300 0.00390378577641612
301 0.0034003306228071
302 0.00303527437973954
303 0.00278401924337577
304 0.00262977391380655
305 0.00255974868199333
306 0.00256796364531451
307 0.00265564359821369
308 0.00283045544108736
309 0.00310407470850344
310 0.00349558665961736
311 0.0040323035285792
312 0.00474481636919709
313 0.00566915136967648
314 0.0068461487233494
315 0.00831460317909024
316 0.0100903974115126
317 0.0121536329469883
318 0.0144317099110481
319 0.0168045081666205
320 0.0191872103926078
321 0.0215094877765463
322 0.0237046397652315
323 0.0257172450099848
324 0.0275177694661828
325 0.0290974561785893
326 0.0304647345576237
327 0.0316313130147915
328 0.032571042020478
329 0.0332500394029977
330 0.0336393775490545
331 0.0336997651445969
332 0.0333333784702141
333 0.0324435968565961
334 0.0309880175085195
335 0.029047724783125
336 0.0267438244816057
