1 0.00158589191175184
2 0.00147797333149844
3 0.00140065416170519
4 0.00135110292045222
5 0.00132834363219016
6 0.00133292314955781
7 0.0013670404171149
8 0.00143500343538656
9 0.00154395219959494
10 0.00170504683991929
11 0.00193387996853359
12 0.00224707583535479
13 0.00266601160543411
14 0.00321899619024695
15 0.00394247367056969
16 0.0048827432680713
17 0.0060964814486323
18 0.00765039453324131
19 0.00961068461690199
20 0.0119955351661637
21 0.0147518875320572
22 0.017727599275755
23 0.0206646783096683
24 0.0232687995380367
25 0.0252248938346182
26 0.0262379528639121
27 0.0261466941094294
28 0.0251158391736469
29 0.0234415798647323
30 0.0214102813624227
31 0.0192072448933197
32 0.0169732700746997
33 0.0148179651731286
34 0.0128133333234555
35 0.0109879774001434
36 0.0093527850837865
37 0.0079089969090935
38 0.00665115934242006
39 0.00557046097380368
40 0.00465342528985411
41 0.00388341219870573
42 0.00324426484000802
43 0.00272464236307877
44 0.00231128832159155
45 0.00198981017994833
46 0.00174557200725634
47 0.0015623033163299
48 0.00142731498674511
49 0.00133175680997747
50 0.00126939657584298
51 0.00123517766252544
52 0.00122576432143178
53 0.00123941001619506
54 0.00127624627768315
55 0.00134008352651643
56 0.00143737201939372
57 0.00157652726691283
58 0.00176506063845955
59 0.0020121835317065
60 0.00232995799280474
61 0.00273340623590591
62 0.00324014362718918
63 0.00387023437570771
64 0.00464548780270781
65 0.00558604594180307
66 0.00669911623828589
67 0.00797421644956348
68 0.00937657693487025
69 0.0108425442652206
70 0.0122862223768259
71 0.0135984601309918
72 0.0146533465595775
73 0.0153412094255248
74 0.015645115043471
75 0.0155993902520879
76 0.0152632961298252
77 0.0147008689278596
78 0.0139480923514441
79 0.0130385752306858
80 0.0120147248623564
81 0.0109353553735669
82 0.0098541471147489
83 0.00881270705459177
84 0.00783281359647027
85 0.00690154529180537
86 0.00600709608824509
87 0.00514680930934707
88 0.00433239406686453
89 0.00359908669235177
90 0.00296890876380821
91 0.00244689143530362
92 0.00202618703316752
93 0.00169141554398793
94 0.00142738566177777
95 0.00122114111742658
96 0.00106197291178748
97 0.000941199605341362
98 0.000852206310827665
99 0.000790270266778784
100 0.000752132096317945
101 0.000735204620055125
102 0.000738367414883624
103 0.00076215069985119
104 0.000808719640354286
105 0.000881768522309913
106 0.000987306373496083
107 0.0011341846175387
108 0.0013336975176876
109 0.00160114970917073
110 0.00195733146415832
111 0.0024289093130441
112 0.00304465429895896
113 0.00383452475656716
114 0.00482614114732887
115 0.00603999468541517
116 0.00749040393432943
117 0.00917611707374577
118 0.0110703587572949
119 0.0131054706426639
120 0.0151367781104537
121 0.0169509419915181
122 0.01829124719636
123 0.0189345441777941
124 0.0188506933555125
125 0.0181253178674937
126 0.0169016348213541
127 0.0153448504674587
128 0.0136071519323056
129 0.0118208377806671
130 0.0100907628796625
131 0.00848840684287666
132 0.00705011422765165
133 0.00579139141026399
134 0.00471382959791309
135 0.00380969090211527
136 0.00306398497271522
137 0.00245766332681268
138 0.0019711094550397
139 0.00158703723065941
140 0.00128837564319171
141 0.00105917421999556
142 0.000885263091581696
143 0.000753964146728861
144 0.000655564293766838
145 0.000583012502758332
146 0.000531226043081479
147 0.000496455568840266
148 0.000476289566491509
149 0.000469505840043622
150 0.000475886534539101
151 0.00049598385051366
152 0.00053145459903658
153 0.000585371419745041
154 0.000662608946197977
155 0.000770345375689952
156 0.000919218681699434
157 0.00112450986395422
158 0.00140618723124087
159 0.0017913682945521
160 0.00231691763575309
161 0.00303197052810465
162 0.00400016721172705
163 0.00530152558382834
164 0.00703260674364706
165 0.00929523327572832
166 0.0121436712025022
167 0.0155437689759654
168 0.0193245994987556
169 0.0231534746969475
170 0.0266023782064426
171 0.0291875511537771
172 0.0304517162185992
173 0.0301699653807977
174 0.0286849149569295
175 0.0265266619722711
176 0.0241833352650798
177 0.021983360043158
178 0.0199770412351755
179 0.0181543990802653
180 0.0165044467675136
181 0.0149922979513725
182 0.0135068756582215
183 0.011960146242316
184 0.0103379502560684
185 0.00874047216831645
186 0.00725949926233207
187 0.00594888207567233
188 0.00483409616126859
189 0.00392583546750645
190 0.00321348967445248
191 0.00267390667711473
192 0.00227826508573159
193 0.00199240799213977
194 0.00179042960384573
195 0.00165510794827825
196 0.00157488688694507
197 0.00154033122043871
198 0.00154556745684552
199 0.00158795023386269
200 0.00166751378976586
201 0.00178717809018229
202 0.00195234677071434
203 0.00217100371076856
204 0.00245542031116535
205 0.00282811300866237
206 0.00332305534981011
207 0.00398559723697716
208 0.00485907521367504
209 0.00598952163615246
210 0.00742475169224747
211 0.00919841791126124
212 0.011278444540192
213 0.0135426740906457
214 0.0157594767882088
215 0.0176312094342734
216 0.0189889472935329
217 0.0197587486621831
218 0.0199337491197253
219 0.0195704044346048
220 0.0187847547614083
221 0.0177140499099965
222 0.0164911351325819
223 0.0152196472121428
224 0.0139413545486842
225 0.0126811420029048
226 0.011459701901739
227 0.0102895642287631
228 0.0091669222873493
229 0.00808875779697306
230 0.0070566506448326
231 0.00608250966827507
232 0.00519972579827695
233 0.00443025997918572
234 0.00377937902785128
235 0.00323844785175273
236 0.00279517664775578
237 0.00243707131166151
238 0.00215142604444613
239 0.00192364215894389
240 0.00174173840252325
241 0.00159669565772199
242 0.0014819971153822
243 0.00139382955614837
244 0.00132967751770186
245 0.00128793569010191
246 0.00126813112892785
247 0.00127164160179317
248 0.0013013024895934
249 0.00136171551008535
250 0.00145928220852002
251 0.00160053256212474
252 0.001794559411044
253 0.00205453367321931
254 0.00239792458817609
255 0.00284366996130618
256 0.00341358086152391
257 0.00413231269253526
258 0.00503014336552777
259 0.00616132047524296
260 0.00760596167745463
261 0.0094545669755975
262 0.0117104190081725
263 0.0142683791851456
264 0.0168864047673021
265 0.0192061394770399
266 0.0209310551161244
267 0.0218326763348343
268 0.0217703256811012
269 0.0207532699695573
270 0.0190169040816571
271 0.0168645432787548
272 0.0145731378522512
273 0.0123527943266396
274 0.0103306386612201
275 0.00857195514438672
276 0.00709715106608536
277 0.00589026212067332
278 0.00490134275855727
279 0.00408531025802274
280 0.00340768494293996
281 0.00284312458560952
282 0.00237550071226996
283 0.00199087421999259
284 0.0016768161636882
285 0.00142355176022154
286 0.00122213110300376
287 0.00106445968228762
288 0.000943498140941007
289 0.000853064282703634
290 0.000788502318321078
291 0.000746716323237633
292 0.000725887702695368
293 0.000724921222831758
294 0.000744123286337053
295 0.000785517852130594
296 0.000852985267806422
297 0.000952121562976447
298 0.00109142062308364
299 0.00128357854362274
300 0.00154664986293972
301 0.00190381595863729
302 0.00238600561644468
303 0.00303443002480036
304 0.00390182101269368
305 0.00504897576959631
306 0.00654226818795049
307 0.0084466829209817
308 0.0107925602726466
309 0.0134559745274763
310 0.0161141544354982
311 0.0183235358503434
312 0.0198809480099299
313 0.0207649354349522
314 0.0210611145240952
315 0.0209014011923064
316 0.0203603860818212
317 0.0195076098635451
318 0.0184211452591312
319 0.0171693905334055
320 0.0157807206378577
321 0.0142817389676181
322 0.0127075716750764
323 0.0111112804150715
324 0.0095826470694499
325 0.00819014887162705
326 0.00697047126536044
327 0.00593227596026462
328 0.00505754161319783
329 0.00432435749485585
330 0.0037125473178507
331 0.00320382783797855
332 0.00278157729917099
333 0.00243158754479816
334 0.0021426007295366
335 0.00190730111955458
336 0.00171958070134023
