1 0.000859781326463803
2 0.000680983021141899
3 0.00055825146601791
4 0.000474548047246488
5 0.000418898755699857
6 0.000384494201396473
7 0.00036728497191548
8 0.000364807803391399
9 0.000376266558254806
10 0.000402457398230986
11 0.000445690450407652
12 0.000509601313633862
13 0.000599763609955015
14 0.000724351697461579
15 0.000894058029379509
16 0.0011186626116336
17 0.00140598804412987
18 0.00175892474210811
19 0.00217642521669634
20 0.00267644622584986
21 0.00329596565955656
22 0.00409540672225384
23 0.00515474035900294
24 0.00650385570345186
25 0.00811162488399807
26 0.00986218961430601
27 0.0115704155738069
28 0.0131568231999299
29 0.014616999979698
30 0.0159874504604909
31 0.0173223504818172
32 0.0187012501670783
33 0.0202342216195447
34 0.0219701453628133
35 0.0235511731410964
36 0.0244149504399474
37 0.0239774712545136
38 0.0219436171837584
39 0.0187274080337524
40 0.0149781573437227
41 0.0112830839138689
42 0.00806623336288875
43 0.00556779543264244
44 0.0037852948595063
45 0.00258589336795337
46 0.00180631676540367
47 0.00129933203836814
48 0.000966747985052897
49 0.000747276119368429
50 0.000602321099652065
51 0.000506732748413772
52 0.00044510336017569
53 0.000408317623659009
54 0.000391191910801891
55 0.000390967068759682
56 0.000407032149131596
57 0.000440556192109794
58 0.000493709205245687
59 0.000570187921708608
60 0.000675492367479467
61 0.000817125316522312
62 0.00100498770961381
63 0.00125142824163437
64 0.00157105911881877
65 0.00198044537371711
66 0.00249837915715705
67 0.00314409107420597
68 0.00393450669995495
69 0.00487713120294483
70 0.00594906876763078
71 0.00708910714753939
72 0.00819329365204936
73 0.00914621119433583
74 0.00993945939428631
75 0.0106300947773458
76 0.0113100090724406
77 0.0120724335260548
78 0.0129138755445654
79 0.0137957175926892
80 0.0146700855903048
81 0.0154879961308792
82 0.0161950633333138
83 0.0167319952650683
84 0.017043327894463
85 0.0170965096224022
86 0.016873988858606
87 0.0163715638786005
88 0.0155680497257241
89 0.0143479536723105
90 0.0126465487472232
91 0.0105182191950778
92 0.00818973240324772
93 0.00605872511777381
94 0.00434774679940424
95 0.00309021716843225
96 0.00221663137881796
97 0.00162040506037527
98 0.00121629460215321
99 0.000944468127766022
100 0.000763611545425556
101 0.000644384415532238
102 0.000568347628072492
103 0.000524668950048325
104 0.000507440001759744
105 0.000513836256173054
106 0.000544175377212141
107 0.000601829889574761
108 0.000692840187108069
109 0.000827243555770001
110 0.00102067818891649
111 0.00129520461491048
112 0.00167506152780175
113 0.00218545529700242
114 0.00284740736932637
115 0.00367072325951679
116 0.00465704600044769
117 0.00578911583007872
118 0.00702029902048478
119 0.00827570228348
120 0.00948060355101496
121 0.010560343654623
122 0.0114434985581099
123 0.0120784124418067
124 0.0124677616903208
125 0.0126459207857854
126 0.0126632265517201
127 0.0125642961373865
128 0.0123421174145644
129 0.0119805720191349
130 0.0114703698095722
131 0.0108170415735306
132 0.0100571977741574
133 0.0092328739052709
134 0.00838927639234917
135 0.00758931751617995
136 0.00688215095431335
137 0.00629868044548381
138 0.0058370865689178
139 0.00541731982045307
140 0.00496222183319451
141 0.00442100739040345
142 0.00379094273697114
143 0.00314732691522266
144 0.00255561705787994
145 0.00205028005500994
146 0.001640954736212
147 0.00132040112210787
148 0.00107594667208109
149 0.000894336873516124
150 0.000763335931875618
151 0.000671783359268578
152 0.000611736343683967
153 0.00057841825436372
154 0.000569525104332058
155 0.000584182453269499
156 0.000624093673796446
157 0.000694084252583732
158 0.000802441996339827
159 0.00096277704230306
160 0.00119678590829782
161 0.00153560173722842
162 0.00201011120410565
163 0.00264776327871915
164 0.00346178555246832
165 0.00443351637840858
166 0.00549966637257063
167 0.00653747540892149
168 0.00736783996928466
169 0.0078326103902485
170 0.00798853559560905
171 0.00799380843654869
172 0.00802581867536417
173 0.00823016141021393
174 0.0086157719854347
175 0.0091609604029003
176 0.00984335598493074
177 0.010614565997638
178 0.0113252205997261
179 0.0117659552956381
180 0.0117138746839383
181 0.0110234505243004
182 0.00976220079975622
183 0.00811775665191989
184 0.00634489896429221
185 0.00472769809747216
186 0.00341768495852314
187 0.0024397644174001
188 0.00174735247147384
189 0.00126598489747674
190 0.000933814865371853
191 0.000705730386987887
192 0.000549522959160898
193 0.000441967656137621
194 0.000367794522509565
195 0.000317234386394637
196 0.000284020256835315
197 0.000264050083046287
198 0.000254946822045827
199 0.000255680132352182
200 0.000266290395148689
201 0.000287627767555963
202 0.00032166055485528
203 0.000371818294965472
204 0.000443464997743891
205 0.000544549327477441
206 0.000686866965153182
207 0.000886921941429441
208 0.00116318590716117
209 0.00153550228915847
210 0.0020219796497103
211 0.00263495150365978
212 0.00338533739880499
213 0.00427648249630652
214 0.00529730567049951
215 0.00642118857976242
216 0.00762027859711257
217 0.00886337829965565
218 0.0101153405491912
219 0.0113420939174514
220 0.0125229816703359
221 0.0136486191292455
222 0.0147196149048222
223 0.0157190031773547
224 0.0165166686430848
225 0.016938788934618
226 0.0168188009007134
227 0.0160818645077856
228 0.014892988989071
229 0.013471298666537
230 0.0120036088825116
231 0.0106013088984323
232 0.00924818018132173
233 0.00792232768907506
234 0.00663346937414598
235 0.00543142924854971
236 0.00435638582260541
237 0.00342877790883681
238 0.00265740917815681
239 0.00204900201241693
240 0.00159073080553822
241 0.00125843766879857
242 0.00102511948959377
243 0.000863404270745355
244 0.000753792877104141
245 0.000683889787905042
246 0.00064606790974446
247 0.000635406108200472
248 0.00065011961576465
249 0.00069149651079023
250 0.000763503647200163
251 0.000871292376281763
252 0.00102244313054031
253 0.00122751365951187
254 0.00150201969063185
255 0.00187578272428321
256 0.00239716168204895
257 0.00314309689127714
258 0.00422353784541763
259 0.00572444219067194
260 0.00767400848502004
261 0.00999490618960504
262 0.0125044253443591
263 0.0148831368170736
264 0.0166932798790584
265 0.0175470878140352
266 0.0174624196207674
267 0.0166843012498866
268 0.0155187488542123
269 0.0142586034880147
270 0.0131652219251913
271 0.0124359168833872
272 0.0122351130107129
273 0.012669947722805
274 0.0135475936185525
275 0.0145663525303073
276 0.0153377037821418
277 0.0154540677243031
278 0.0147481833974404
279 0.0132351895677859
280 0.0110874204972497
281 0.00865320184781492
282 0.00641879366316574
283 0.00464351612826909
284 0.00334997826370054
285 0.00242860347262055
286 0.00177623247319258
287 0.00131573669990996
288 0.000991204870256772
289 0.000763343293476627
290 0.000604200945037558
291 0.000494182439196701
292 0.000419593178243592
293 0.000370347984782462
294 0.000340008430563934
295 0.000324880766157571
296 0.000323199042035156
297 0.000334572599542018
298 0.000360120831064955
299 0.000402722824815589
300 0.000467366766034601
301 0.000561335730999876
302 0.000695585842945703
303 0.000886521970228211
304 0.00115741179290355
305 0.00153606756436169
306 0.00205458260361826
307 0.00274595980765765
308 0.00362783723766904
309 0.00464677993751732
310 0.00564770430866563
311 0.00641647357387374
312 0.00688719905054077
313 0.0071035911525061
314 0.00716056350236373
315 0.00716065251565138
316 0.00715585799224627
317 0.00718470275049111
318 0.00728664686774094
319 0.00749722699165473
320 0.00782721354802031
321 0.00828465947870081
322 0.00888235989129647
323 0.00961456476339037
324 0.0103704544531912
325 0.0109750990319447
326 0.0112215140596959
327 0.0109341149371035
328 0.0100860079802661
329 0.00876401927537817
330 0.00713747035518867
331 0.00544836310449093
332 0.00397979970687346
333 0.00285521836330632
334 0.00205832501907325
335 0.00150522178277196
336 0.00112344639290498
