1 1.38362717357891e-06
2 1.51383355756911e-06
3 1.65627552387019e-06
4 1.81209944245018e-06
5 1.98255817628456e-06
6 2.16902113926512e-06
7 2.37298496879743e-06
8 2.59608459924564e-06
9 2.84010636141916e-06
10 3.10700203577184e-06
11 3.39890358086839e-06
12 3.71813805053387e-06
13 4.06724623112674e-06
14 4.44900239087488e-06
15 4.86643451778788e-06
16 5.32284402588549e-06
17 5.82183202662517e-06
18 6.36732676517301e-06
19 6.9636108894116e-06
20 7.61534643411464e-06
21 8.32761152822024e-06
22 9.10593794793271e-06
23 9.95634633036998e-06
24 1.08853739961062e-05
25 1.19001262636316e-05
26 1.30083268717007e-05
27 1.42183627781983e-05
28 1.55393163826769e-05
29 1.69810329093691e-05
30 1.8554173813514e-05
31 2.02702385389708e-05
32 2.21416487617476e-05
33 2.41818236994109e-05
34 2.64052234755504e-05
35 2.88273247528436e-05
36 3.14647361426665e-05
37 3.43352861664156e-05
38 3.74580393396342e-05
39 4.08531735433139e-05
40 4.45421262156606e-05
41 4.85476796123691e-05
42 5.28938945356967e-05
43 5.76057567055927e-05
44 6.27093624756432e-05
45 6.8231972980086e-05
46 7.42017658517033e-05
47 8.06470335832187e-05
48 8.75964117075342e-05
49 9.50788484114454e-05
50 0.000103122956256141
51 0.000111755217819355
52 0.000121000369526087
53 0.000130881250703437
54 0.000141417647015999
55 0.000152623502173063
56 0.000164507319516893
57 0.000177070771058514
58 0.00019030407684585
59 0.000204186987234398
60 0.000218688519283876
61 0.000233763773903855
62 0.000249345581244949
63 0.000265347789115862
64 0.000281666177117394
65 0.000298174496223518
66 0.000314712607531348
67 0.000331094501023074
68 0.000347112545358685
69 0.000362570048054165
70 0.000377385500982525
71 0.000391520923306847
72 0.000404954304629878
73 0.000417672044452235
74 0.000429644540680144
75 0.000440845198510931
76 0.000451257342876855
77 0.000460869056235909
78 0.000469657217492064
79 0.000477600803027567
80 0.000484671060961251
81 0.00049078634024805
82 0.000495853643843977
83 0.000499784223582577
84 0.000502528126858008
85 0.000504175497532593
86 0.000504858689322135
87 0.000504716939552788
88 0.000503896896552799
89 0.000502559493263241
90 0.000500868959880741
91 0.000498988388588287
92 0.00049706557316794
93 0.00049519319295848
94 0.000493449359713097
95 0.000491911145274591
96 0.000490646255789555
97 0.000489687777723601
98 0.00048906049323652
99 0.000488789685364745
100 0.00048889077082029
101 0.000489337766645346
102 0.000490094791165066
103 0.000491126373535275
104 0.000492391275973678
105 0.000493824277864231
106 0.000495353609612826
107 0.000496891585868899
108 0.00049828884270345
109 0.000499379238876431
110 0.000499995613308383
111 0.000500003623264171
112 0.000499400841062268
113 0.000498219505337765
114 0.000496493650901385
115 0.000494262746798461
116 0.000491583170915242
117 0.000488515491020634
118 0.000485119949479579
119 0.000481440309910474
120 0.000477457324953982
121 0.000473137687189175
122 0.00046845024666916
123 0.000463370532629329
124 0.000457893396514556
125 0.000452019721027125
126 0.00044575212732869
127 0.000439124601387131
128 0.000432287538427178
129 0.000425412093601082
130 0.000418659243055057
131 0.00041216845783365
132 0.000406025356149278
133 0.000400299380262923
134 0.000395052778963943
135 0.000390331023513407
136 0.00038617497330996
137 0.00038262526683461
138 0.000379716723535718
139 0.000377460396813691
140 0.000375863721182993
141 0.000374937203747804
142 0.000374689183325389
143 0.000375109570416392
144 0.000376186322457293
145 0.000377910729609864
146 0.00038027148733145
147 0.000383236983173926
148 0.000386771458527093
149 0.000390840019834405
150 0.000395401592757367
151 0.000400388389963695
152 0.000405723380807251
153 0.000411325771327106
154 0.000417104707458718
155 0.000422941243296677
156 0.00042870385101017
157 0.000434247118253335
158 0.000439391114857048
159 0.000443941863438666
160 0.000447700085041306
161 0.000450457279910365
162 0.00045197871452723
163 0.000452028942572897
164 0.000450385430184823
165 0.000446876432136033
166 0.00044147675692936
167 0.000434217188042563
168 0.000425154167627819
169 0.000414397770775764
170 0.00040218918148346
171 0.000388799434465198
172 0.00037449273470148
173 0.000359524808442798
174 0.000344149200242776
175 0.000328599381644473
176 0.000313082251719201
177 0.000297771465987011
178 0.000282792542300535
179 0.000268245178514166
180 0.000254210719992744
181 0.000240751850163075
182 0.000227909866371144
183 0.000215712459386273
184 0.000204175431297504
185 0.000193300060081258
186 0.00018308025369984
187 0.000173505316350842
188 0.000164559695244567
189 0.000156220763686647
190 0.000148463845815691
191 0.000141263966822403
192 0.000134595477793459
193 0.000128430394841464
194 0.000122741353478568
195 0.000117502525563282
196 0.000112689154507799
197 0.000108276181819385
198 0.000104240111138452
199 0.000100559509518354
200 9.72145356935751e-05
201 9.41857713290421e-05
202 9.1455511272906e-05
203 8.90080759429735e-05
204 8.68294429573241e-05
205 8.49064090395947e-05
206 8.32273834117903e-05
207 8.17823443496221e-05
208 8.0562105008593e-05
209 7.95589722665435e-05
210 7.87669095829567e-05
211 7.81812268710452e-05
212 7.77977877737296e-05
213 7.76137629626047e-05
214 7.76278560479681e-05
215 7.78400491702296e-05
216 7.82508792571188e-05
217 7.88621452221302e-05
218 7.96771522691339e-05
219 8.07004769633489e-05
220 8.19372006970058e-05
221 8.33936750644225e-05
222 8.50778132129408e-05
223 8.69988525439671e-05
224 8.91664917963078e-05
225 9.15917323489504e-05
226 9.42872116861978e-05
227 9.7266885607667e-05
228 0.000100544851404909
229 0.000104136377387381
230 0.000108058290198546
231 0.000112328604220726
232 0.000116965221972199
233 0.000121986895223427
234 0.000127412986757163
235 0.000133261545177215
236 0.000139550464208469
237 0.000146297761695712
238 0.000153520435150198
239 0.000161231155516179
240 0.000169439885152043
241 0.000178154125971079
242 0.00018737682147638
243 0.000197100608758327
244 0.00020731040231301
245 0.000217983776736944
246 0.000229088723413524
247 0.000240578373628208
248 0.000252392971338275
249 0.000264460125363413
250 0.000276687882657343
251 0.00028894341825172
252 0.000301067713461233
253 0.000312881776127367
254 0.000324202264758402
255 0.000334890198393807
256 0.000344817544286085
257 0.000353856116585132
258 0.000361898866871279
259 0.00036892230518622
260 0.000374935535088653
261 0.000379949549231706
262 0.000383940413578422
263 0.000386881559132974
264 0.00038875525675181
265 0.00038954849340766
266 0.000389240191612785
267 0.000387814312076654
268 0.000385264595795161
269 0.000381586222835097
270 0.000376750800438705
271 0.000370734739448701
272 0.000363529507154015
273 0.000355146970596501
274 0.000345631885153772
275 0.000335047973849629
276 0.000323472948710507
277 0.000311020235576989
278 0.000297898040896594
279 0.000284325141124812
280 0.000270502818661596
281 0.000256606430711623
282 0.00024276872146625
283 0.000229101333762593
284 0.000215700471768687
285 0.000202645374860506
286 0.000190001318763074
287 0.000177821002144047
288 0.000166143972532473
289 0.000154994150479053
290 0.00014438619343947
291 0.000134327870497179
292 0.000124820227339275
293 0.00011585684152887
294 0.000107427033662181
295 9.95171605250388e-05
296 9.21107672870438e-05
297 8.51881744465492e-05
298 7.87283946201268e-05
299 7.27098648857251e-05
300 6.71105151537993e-05
301 6.19075382758783e-05
302 5.70783497596465e-05
303 5.26009244465961e-05
304 4.84537828986797e-05
305 4.46158175601102e-05
306 4.10667611124712e-05
307 3.77873166655024e-05
308 3.4759110432378e-05
309 3.19645742187623e-05
310 2.93871151702452e-05
311 2.70111095037335e-05
312 2.48218046433675e-05
313 2.28053821550973e-05
314 2.09489391976777e-05
315 1.92404233126447e-05
316 1.76685452455264e-05
317 1.62228009510632e-05
318 1.48934411950572e-05
319 1.36714153563509e-05
320 1.25483069269498e-05
321 1.1516321757029e-05
322 1.05682534598432e-05
323 9.69743793854266e-06
324 8.89770496985741e-06
325 8.16335829818298e-06
326 7.48914503493691e-06
327 6.87022052554983e-06
328 6.30211272432533e-06
329 5.7807019309996e-06
330 5.30219594180381e-06
331 4.86310382137055e-06
332 4.46021033027517e-06
333 4.09055788264924e-06
334 3.75142673589115e-06
335 3.44031499549655e-06
336 3.15492319724684e-06
