1 0.00362135040893877
2 0.00290302220368942
3 0.00236157218258403
4 0.00195835830584307
5 0.00165938349582632
6 0.0014392924912333
7 0.0012799691508623
8 0.00116808653517131
9 0.00109463739463014
10 0.00105409183754836
11 0.00104348460837875
12 0.00106134565357364
13 0.00110827667621591
14 0.00118717963565489
15 0.00130327269641306
16 0.00146369692790681
17 0.0016785238753573
18 0.00196167109435791
19 0.00233171388423045
20 0.00281237880141386
21 0.00343389024719439
22 0.00423422713597237
23 0.00526060394906331
24 0.00657249357675217
25 0.00824238478119431
26 0.0103560136299446
27 0.0130061212922038
28 0.0162621982308306
29 0.0201547486387917
30 0.0246269710556593
31 0.0293909330962432
32 0.0339133450650243
33 0.0374596805182343
34 0.0393227222637714
35 0.039347446182189
36 0.0377314675899648
37 0.0348530614425903
38 0.0311694506198086
39 0.0271256849629357
40 0.0230911532237323
41 0.0193296202785546
42 0.0159927197651113
43 0.0131289105426161
44 0.0107327234260507
45 0.00876892406433153
46 0.00718309396177995
47 0.00590646125864811
48 0.00487862021817491
49 0.00405059271080492
50 0.00338419009823843
51 0.00285260084711731
52 0.00243321449368478
53 0.00210656352062221
54 0.00185655884372668
55 0.00167034790688125
56 0.00153842694869403
57 0.00145403547300703
58 0.00141174790820079
59 0.00140905485678216
60 0.0014467396416006
61 0.00152874213667953
62 0.00166149695288198
63 0.00185571987734631
64 0.00212812106288541
65 0.00250232525546594
66 0.0030063071552473
67 0.00367546667102263
68 0.00455433009416415
69 0.00569414912355007
70 0.00713944328650058
71 0.00891858418634443
72 0.0110281370043148
73 0.0134242720431906
74 0.0160589455287977
75 0.0188649804557552
76 0.0217468803970035
77 0.024593782060894
78 0.0273261377793936
79 0.0298864317200803
80 0.0322093887411544
81 0.0341355279398656
82 0.03547413227666
83 0.0360460855240671
84 0.0357234712526805
85 0.0344936665421619
86 0.0324257339732361
87 0.0296517705295012
88 0.0263825091914444
89 0.0229438098432459
90 0.0196148370765895
91 0.0165806892060259
92 0.013925011598017
93 0.0116223934869612
94 0.00963257888687363
95 0.00792088665660802
96 0.00646288866947894
97 0.00525230735758846
98 0.00427171983729418
99 0.00349339375850603
100 0.00288604047404256
101 0.00241879556390287
102 0.00206500534671417
103 0.00180322354255902
104 0.00161643622007662
105 0.00149005312273085
106 0.00141424833943976
107 0.00138353922310118
108 0.00139548360074461
109 0.00145132906220721
110 0.00155651583803739
111 0.00172105623135466
112 0.0019592009161489
113 0.00229224746113817
114 0.00275165763555891
115 0.00338090557682768
116 0.00423024320829261
117 0.00535900278057109
118 0.00683405036377385
119 0.00872171059099043
120 0.0110706749294761
121 0.0138898251221041
122 0.0171198831413053
123 0.020614337127511
124 0.0241639500478072
125 0.0274920224697948
126 0.0302705634127649
127 0.0321933696574695
128 0.0331317591246472
129 0.033084681694968
130 0.0321399280706718
131 0.0304542500006545
132 0.0282335229315009
133 0.02569053750684
134 0.0230086064660579
135 0.0203082570785782
136 0.0176814144442556
137 0.0151995118658644
138 0.0129140889929821
139 0.0108600461395835
140 0.00905298917005394
141 0.00749222033776185
142 0.00617009881242073
143 0.00508374561470964
144 0.00421671871057683
145 0.00354289045012388
146 0.00303132513729452
147 0.00264556178933706
148 0.00235685923016984
149 0.0021448444819542
150 0.00199553370288751
151 0.00190038340022981
152 0.00185481136628923
153 0.00185776401468823
154 0.00191134173449927
155 0.00201951813517229
156 0.00219024074740919
157 0.00243578763622406
158 0.00276980443618599
159 0.00320978157529453
160 0.00377807837815202
161 0.00450149348801739
162 0.00540922355731868
163 0.00653098446073643
164 0.00789335827829383
165 0.00951038639455935
166 0.0113593846040396
167 0.0133706916214717
168 0.0154185118169776
169 0.0173496872061345
170 0.0191149382702134
171 0.020727247739254
172 0.0222350183630652
173 0.0236920072055437
174 0.0250629859413086
175 0.0262812994259478
176 0.0272748860371852
177 0.0279536342432155
178 0.0281629853233222
179 0.027747273502931
180 0.0265937492653385
181 0.0247073774864307
182 0.022333295918887
183 0.0197488939994092
184 0.0171744627549919
185 0.0147502393188691
186 0.012560768827862
187 0.0106482735245829
188 0.0090194220986386
189 0.00764964273656291
190 0.00650768010762294
191 0.00556279624894867
192 0.00478560946847539
193 0.00414762764953705
194 0.00362457137734352
195 0.00319655345187604
196 0.00284788634906301
197 0.00256757244798936
198 0.00234692866537274
199 0.00217906994611808
200 0.00205869616994271
201 0.00198141834990518
202 0.00194479826311214
203 0.00194866871352913
204 0.00199532115610251
205 0.00208992545226363
206 0.00224139761331641
207 0.00246257377013108
208 0.00276758485661246
209 0.003175395941279
210 0.00371210987532882
211 0.00440999752115781
212 0.00529715972029966
213 0.00639676274304823
214 0.00772181631979209
215 0.00927213421100372
216 0.0110533030565365
217 0.0130657262374234
218 0.015296321141266
219 0.0177184882131972
220 0.0203034436477451
221 0.023015575290134
222 0.0258102922392829
223 0.0286070698283838
224 0.0311869671946921
225 0.0332509031631987
226 0.034473717978948
227 0.0346010526828723
228 0.0336381272846002
229 0.031728312884587
230 0.0290827197925557
231 0.0259549511069304
232 0.0226249568237035
233 0.0193323730482467
234 0.0162572211802944
235 0.0135289102963313
236 0.0112076817215149
237 0.00929845154215051
238 0.00776409060020226
239 0.00652821465864279
240 0.00552428313724067
241 0.00470198908824721
242 0.004025747245657
243 0.00347678949051569
244 0.00303933660612551
245 0.00269866351525236
246 0.00244107759617813
247 0.00225186562553847
248 0.0021197656162163
249 0.00203738195885906
250 0.00200070320140343
251 0.0020092575343692
252 0.00206576107466588
253 0.0021765235498161
254 0.00235150350815117
255 0.00260222273076949
256 0.00294503107398993
257 0.00340336692381456
258 0.00400693827183655
259 0.00478150061783621
260 0.00574930050837734
261 0.00693052366077919
262 0.00836000394911354
263 0.0100802332889089
264 0.0121364366562752
265 0.0145708858264415
266 0.0174027381982137
267 0.0206226716233015
268 0.0241848224465746
269 0.02799739779956
270 0.0319183779469536
271 0.0357535376253638
272 0.0392627829046464
273 0.0421646660473765
274 0.0441225158425302
275 0.0448146942618513
276 0.044004165145357
277 0.0416448877178138
278 0.0380341232926731
279 0.0335989646251369
280 0.0287749507051752
281 0.0239587684717101
282 0.0194879153178285
283 0.015569545659675
284 0.0122844272997052
285 0.00962001211773359
286 0.00751408167514646
287 0.0058830466018554
288 0.00463986641629254
289 0.00370463908699392
290 0.00300941318818352
291 0.00249957108074473
292 0.00213178002480901
293 0.00186959608184521
294 0.00168737051864596
295 0.00156839427294096
296 0.00150210245370341
297 0.00148163093839089
298 0.00150406585303081
299 0.0015702489660194
300 0.00168405068057661
301 0.00185024060254958
302 0.00207592186412542
303 0.00237096787297551
304 0.00274795577592165
305 0.00322229934934416
306 0.00381164437052037
307 0.00453489148660623
308 0.00541072823060121
309 0.00645565169954232
310 0.00768054743775796
311 0.0090904805835062
312 0.0106978511549285
313 0.0125167944910133
314 0.0145595882046681
315 0.0168367888087103
316 0.0193599557739876
317 0.0221404613954384
318 0.025188869398847
319 0.0284772184971345
320 0.0317903368359328
321 0.03477863631965
322 0.0370084411466345
323 0.0380656590216047
324 0.037782639870365
325 0.0361666755806701
326 0.0333617857845833
327 0.0296650773777711
328 0.0255554515920962
329 0.0214638787657013
330 0.0176898999523969
331 0.0143888170933758
332 0.0115779838438517
333 0.0092302262535855
334 0.00730551293230086
335 0.00576381635477581
336 0.00455382229647532
