1 0.00192594192681886
2 0.00195577583956235
3 0.00198594057126348
4 0.00201616025120202
5 0.00204607807026201
6 0.00207530068766827
7 0.00210344821598094
8 0.00213026042456716
9 0.002155503466877
10 0.00217893853029199
11 0.00220035180537889
12 0.00221964329949113
13 0.00223674659812934
14 0.00225160149029423
15 0.00226417412503021
16 0.00227451748026906
17 0.00228271292760128
18 0.00228884973252499
19 0.00229302051910514
20 0.00229530949874494
21 0.00229580242732558
22 0.00229458949046573
23 0.00229177854622954
24 0.00228753604851209
25 0.00228204402529613
26 0.00227548507983169
27 0.00226806336263573
28 0.00226006881253181
29 0.00225180972523781
30 0.00224356645375265
31 0.00223552075350591
32 0.00222782824459093
33 0.00222064250326646
34 0.00221409995604422
35 0.00220827438886132
36 0.002203224068451
37 0.00219900744888675
38 0.00219566782838869
39 0.00219318702872253
40 0.00219153241594876
41 0.00219067240030981
42 0.00219055713176453
43 0.00219106077891495
44 0.00219203879229951
45 0.00219334674385655
46 0.00219483862984009
47 0.00219636239666691
48 0.00219776415098963
49 0.00219888962157467
50 0.00219959787832553
51 0.00219980232642577
52 0.0021994302270835
53 0.00219840930722025
54 0.00219667094339612
55 0.00219415930633619
56 0.00219082257999999
57 0.00218661337052587
58 0.00218149845614322
59 0.00217544925060418
60 0.00216843872371303
61 0.00216045928469838
62 0.0021515755766982
63 0.00214187013202755
64 0.00213142519205747
65 0.00212033657995712
66 0.0021087552871418
67 0.00209684363786958
68 0.00208476068455321
69 0.00207264848602461
70 0.00206059206095698
71 0.00204866109380065
72 0.0020369236573076
73 0.00202545739726644
74 0.00201438251404141
75 0.00200382767974123
76 0.00199391907744537
77 0.001984780307727
78 0.00197653144569388
79 0.00196929101191365
80 0.00196316338796627
81 0.00195819879080337
82 0.0019544352228762
83 0.00195191247664555
84 0.00195065949990813
85 0.00195065596556035
86 0.00195187105380453
87 0.00195427618702884
88 0.00195783315111283
89 0.00196245861326258
90 0.0019680584879787
91 0.00197453908896636
92 0.00198178945553562
93 0.00198962875089617
94 0.00199785646201082
95 0.00200626899515715
96 0.00201466898995276
97 0.00202289437184709
98 0.00203079015728977
99 0.00203819911735975
100 0.00204499872461318
101 0.00205121236311864
102 0.00205690114297711
103 0.00206212734686403
104 0.00206693341042516
105 0.00207127883465657
106 0.0020751021502516
107 0.00207838095930707
108 0.00208124991198457
109 0.00208388395717899
110 0.0020864590690212
111 0.00208914154292345
112 0.00209205616136362
113 0.00209531784445405
114 0.00209904236143552
115 0.00210332878769768
116 0.0021082061641604
117 0.0021136863995026
118 0.00211978199511819
119 0.00212650161594588
120 0.00213383662305464
121 0.00214177422987719
122 0.00215030188826713
123 0.00215941963310311
124 0.00216917765053135
125 0.00217963994547893
126 0.00219087223819239
127 0.00220292408645578
128 0.00221577401869497
129 0.00222938235563217
130 0.00224370893849495
131 0.00225869462628501
132 0.0022742050963376
133 0.00229008387415289
134 0.00230619664261539
135 0.00232251207068168
136 0.00233902479459243
137 0.00235572926358831
138 0.00237262260912563
139 0.00238971342999863
140 0.00240701345596878
141 0.00242453472146779
142 0.00244226463471667
143 0.00246008970800948
144 0.00247786780372238
145 0.00249545270209284
146 0.00251268314176118
147 0.00252934930183151
148 0.00254522520729999
149 0.00256008019616359
150 0.00257371249070241
151 0.00258604977735544
152 0.0025970537266404
153 0.00260668772245872
154 0.00261493348431807
155 0.00262184098535829
156 0.00262747953410322
157 0.00263194602434306
158 0.00263543978928524
159 0.00263818753310149
160 0.0026404176996181
161 0.00264234048122878
162 0.00264408903313045
163 0.00264577745406444
164 0.00264752014834483
165 0.00264940895052163
166 0.00265144440559987
167 0.00265360417334783
168 0.00265586585965027
169 0.00265824294473711
170 0.00266089286118192
171 0.00266400974236516
172 0.00266778881582348
173 0.00267243258149311
174 0.00267816876746023
175 0.00268523397824959
176 0.00269386899633089
177 0.00270429011333019
178 0.00271659971978952
179 0.00273087529184763
180 0.00274719957333306
181 0.00276564102770173
182 0.00278619305735663
183 0.00280883218221736
184 0.00283351464148383
185 0.00286010583484202
186 0.00288844508343076
187 0.00291836689302805
188 0.00294966934191864
189 0.00298201885599385
190 0.00301503594190094
191 0.00304832394690376
192 0.00308147663854127
193 0.00311410342266252
194 0.00314580638881736
195 0.00317617319435337
196 0.00320479574217935
197 0.00323132503752529
198 0.00325542360010061
199 0.00327675070199268
200 0.00329500520750878
201 0.00331005087685784
202 0.00332179981136621
203 0.00333017323326155
204 0.00333512046938103
205 0.00333667470698997
206 0.00333489801077835
207 0.00332988676542644
208 0.00332184368415891
209 0.00331100252104431
210 0.00329760168419519
211 0.0032818603165724
212 0.00326391127193226
213 0.00324386796059542
214 0.00322184602457722
215 0.00319798721426919
216 0.00317253069281482
217 0.00314573601051331
218 0.00311785716093775
219 0.00308917889600117
220 0.00306012488818144
221 0.00303114055288432
222 0.00300265491262612
223 0.00297505303640503
224 0.00294859512583433
225 0.00292350497972589
226 0.00289999949002463
227 0.00287826076431634
228 0.00285835188812605
229 0.00284030782939357
230 0.00282416529912802
231 0.00280994072894808
232 0.00279756427926977
233 0.00278694833780102
234 0.00277798764348837
235 0.00277049326231439
236 0.00276425873422927
237 0.00275908125712129
238 0.00275473495810937
239 0.00275089279834111
240 0.00274720414415878
241 0.00274332033734062
242 0.00273886912780848
243 0.00273337876109823
244 0.00272635670783401
245 0.00271731765878371
246 0.00270584065104073
247 0.0026917326217635
248 0.00267486574311153
249 0.0026551245592166
250 0.00263247508463963
251 0.00260716387315143
252 0.00257950554951873
253 0.00254981145622912
254 0.00251839303739958
255 0.00248557638694766
256 0.00245168231366526
257 0.00241701901457797
258 0.00238185866702855
259 0.0023463723942025
260 0.00231070147268789
261 0.00227497092694609
262 0.00223926295177478
263 0.00220364656043905
264 0.00216818709406666
265 0.00213296705789534
266 0.00209814588342204
267 0.00206389290828202
268 0.00203036626993445
269 0.00199771240480748
270 0.00196606374287675
271 0.00193554272023078
272 0.00190626361597285
273 0.00187831995244647
274 0.00185174657592703
275 0.00182656333302568
276 0.00180278928531398
277 0.00178043291560955
278 0.0017594629854398
279 0.00173984080228478
280 0.00172153052039382
281 0.00170448795290524
282 0.00168862804653053
283 0.00167385928282993
284 0.00166009622501392
285 0.00164726417215596
286 0.00163529336497595
287 0.00162411689527212
288 0.00161366685758776
289 0.00160386358704686
290 0.00159462635827562
291 0.00158587670678104
292 0.00157753781940079
293 0.00156953324466822
294 0.00156178784711889
295 0.00155422804035671
296 0.00154680019944805
297 0.00153952543453195
298 0.0015324428106816
299 0.00152559069921763
300 0.00151901551603982
301 0.00151279755146943
302 0.00150702455387878
303 0.00150178320754898
304 0.00149715156009507
305 0.00149317594283953
306 0.00148989512909504
307 0.00148734843441234
308 0.00148556670496192
309 0.00148454494608114
310 0.00148427013346239
311 0.00148473902538772
312 0.00148598407051374
313 0.00148804766268702
314 0.00149097372747584
315 0.00149481393234302
316 0.00149964601218988
317 0.00150555650921922
318 0.00151263539088346
319 0.00152096675000348
320 0.00153059922180801
321 0.00154157538164833
322 0.00155394182693087
323 0.0015677420063453
324 0.00158299358565104
325 0.00159970994150833
326 0.00161790742040628
327 0.0016375960016194
328 0.00165875046076427
329 0.00168133624197449
330 0.0017053179738645
331 0.00173065027457895
332 0.00175725018262072
333 0.00178502058144565
334 0.00181384987605593
335 0.00184358653305639
336 0.00187406005734868
