1 0.00068429682436106
2 0.00069146422754892
3 0.000698553375845322
4 0.000705580778583307
5 0.000712588953018028
6 0.000719628570310966
7 0.000726745680333579
8 0.000733961214561502
9 0.000741290109351141
10 0.000748747865361166
11 0.00075634660084382
12 0.000764082843882221
13 0.000771948880058834
14 0.000779936626477342
15 0.000788030093188286
16 0.000796182175898357
17 0.000804336105465463
18 0.000812432796296177
19 0.000820415416314749
20 0.000828243445722801
21 0.000835879717346941
22 0.000843286030226893
23 0.000850428001212538
24 0.000857289763516237
25 0.000863860293185591
26 0.000870128754196524
27 0.000876074252423146
28 0.000881634521753786
29 0.00088673597285771
30 0.000891305926532703
31 0.000895278381888272
32 0.000898589231015623
33 0.000901174929351288
34 0.000902978401862469
35 0.00090396592268317
36 0.00090411124940547
37 0.000903390432400028
38 0.000901794601809082
39 0.000899367599142323
40 0.000896167697781543
41 0.000892254518301893
42 0.000887703734166488
43 0.000882651444388943
44 0.000877246860388333
45 0.000871636293689518
46 0.000865952582587682
47 0.000860285048813395
48 0.000854710730075458
49 0.000849304677470084
50 0.00084413463398626
51 0.000839245153266151
52 0.0008346745314728
53 0.000830460458180037
54 0.000826634872840746
55 0.000823208400476205
56 0.000820186699845287
57 0.000817570956224446
58 0.000815343313520305
59 0.000813481754266802
60 0.000811964944002252
61 0.000810766527040261
62 0.000809838245875653
63 0.000809126756401217
64 0.000808579104257495
65 0.000808135955248809
66 0.000807711595207944
67 0.000807213865767344
68 0.000806550849315491
69 0.000805631380661513
70 0.000804366409641661
71 0.000802668202389409
72 0.000800450393025065
73 0.000797652505062998
74 0.000794311738581766
75 0.000790489708183745
76 0.00078624791580104
77 0.000781662201017232
78 0.00077686606618036
79 0.000772004732075836
80 0.000767210759882621
81 0.000762576976617278
82 0.000758184936254161
83 0.000754114428168192
84 0.000750439626451002
85 0.000747217154825662
86 0.000744499188607428
87 0.000742338005026603
88 0.000740781432854533
89 0.00073985850633367
90 0.000739594731575309
91 0.000740017287219467
92 0.00074115055230558
93 0.000743002113540971
94 0.000745576929249583
95 0.000748882063900024
96 0.000752921955247257
97 0.000757683920154101
98 0.000763151954069161
99 0.000769311234509926
100 0.000776142278552203
101 0.00078360339963124
102 0.000791646547921359
103 0.000800222413202574
104 0.000809276857241931
105 0.000818740764283392
106 0.000828538622521107
107 0.000838581168400166
108 0.00084873388698761
109 0.000858845294550977
110 0.000868756715903765
111 0.00087832841661669
112 0.000887520000722698
113 0.000896316853723424
114 0.000904704847228549
115 0.000912673541500652
116 0.00092022592651899
117 0.000927369287154817
118 0.000934112039084195
119 0.000940453402406906
120 0.000946352017833732
121 0.000951755915655098
122 0.000956612878360644
123 0.000960883556364892
124 0.000964580706770297
125 0.000967731400874667
126 0.000970364116366284
127 0.000972521043864022
128 0.00097429553228812
129 0.000975794688233427
130 0.000977126595456829
131 0.000978389503475341
132 0.000979639894695191
133 0.000980923953536865
134 0.000982294663987728
135 0.000983831582877065
136 0.000985621402880255
137 0.000987751598656113
138 0.000990314093894838
139 0.000993415904625942
140 0.000997169549745815
141 0.0010016903196149
142 0.00100708577761562
143 0.00101342225097188
144 0.00102075847312712
145 0.00102915724023973
146 0.00103867754639887
147 0.00104934930514794
148 0.00106119767380356
149 0.00107425137889443
150 0.00108853192476294
151 0.00110401979782762
152 0.00112068476184204
153 0.00113849587566461
154 0.00115741251232466
155 0.0011773574462621
156 0.00119823923259258
157 0.00121994492662675
158 0.00124229375868415
159 0.00126507575953344
160 0.00128806473394829
161 0.00131101888241827
162 0.00133368442214892
163 0.00135579261047958
164 0.00137705942878472
165 0.00139718979614768
166 0.00141588830992502
167 0.00143285387024669
168 0.00144777998401092
169 0.00146035993769756
170 0.00147029574036925
171 0.00147729819342044
172 0.00148109031078547
173 0.00148146869091034
174 0.00147847631053521
175 0.00147223466300328
176 0.00146288536209547
177 0.0014506108921747
178 0.00143570007907035
179 0.00141847087196267
180 0.00139924184469701
181 0.00137833687712121
182 0.00135610709729458
183 0.00133289895755025
184 0.00130904777416859
185 0.00128489123844973
186 0.00126075069424527
187 0.00123692516528027
188 0.00121367646389979
189 0.00119118669792328
190 0.00116960924314986
191 0.00114908579776402
192 0.00112973709480524
193 0.0011116337877455
194 0.00109483218300615
195 0.0010793862700842
196 0.0010653387332786
197 0.00105269294524116
198 0.00104144531918297
199 0.00103159586499342
200 0.0010231390891999
201 0.00101603663552891
202 0.00101024640328583
203 0.00100573174742909
204 0.00100245382657453
205 0.00100034945877115
206 0.000999352831697441
207 0.000999394599369202
208 0.0010003784400796
209 0.00100220290684755
210 0.00100476809687675
211 0.00100796662549029
212 0.00101165802090105
213 0.00101569227648943
214 0.00101991739540802
215 0.00102418841363308
216 0.0010283958138554
217 0.00103243779326662
218 0.00103621102823909
219 0.00103961611076367
220 0.00104257364988783
221 0.00104500916365993
222 0.00104684823058108
223 0.00104801511514742
224 0.00104842791277599
225 0.00104800434885659
226 0.00104666415569381
227 0.00104434984118773
228 0.0010410871819297
229 0.00103692427978086
230 0.00103191101020893
231 0.00102610863371795
232 0.00101961888810843
233 0.00101255263002138
234 0.00100501971181793
235 0.000997130258328398
236 0.000988992326279433
237 0.000980710963077279
238 0.000972392482855063
239 0.00096415750497634
240 0.000956127013836117
241 0.000948417984505586
242 0.000941133346992993
243 0.000934331957219245
244 0.000928061153066776
245 0.000922367568246479
246 0.00091729081634338
247 0.000912844203247416
248 0.000909035282614853
249 0.000905872644078865
250 0.000903358765314532
251 0.000901468515124024
252 0.000900171035406272
253 0.000899436828417557
254 0.000899230552149303
255 0.0008994897635957
256 0.000900145708474369
257 0.000901130021789961
258 0.000902367653581854
259 0.00090375616727789
260 0.000905185794173432
261 0.00090654265648632
262 0.00090769842642729
263 0.000908520771764256
264 0.00090887717430925
265 0.000908619445698089
266 0.000907536449736703
267 0.000905403961636495
268 0.000902003058934433
269 0.000897155032617462
270 0.000890819055754273
271 0.00088299486488559
272 0.000873690667707356
273 0.000862965490444712
274 0.000851051046775069
275 0.00083821551633842
276 0.000824717376116689
277 0.000810788472787449
278 0.000796590544530766
279 0.000782261985975618
280 0.000767932669184806
281 0.000753721951824359
282 0.000739733416754468
283 0.000726061217233872
284 0.000712787883083415
285 0.000699971952810365
286 0.000687663049051333
287 0.000675906959670547
288 0.000664742185547077
289 0.000654189206031516
290 0.000644263442611917
291 0.000634979574732133
292 0.000626348380325553
293 0.000618367045919285
294 0.000611030294520551
295 0.000604333998967405
296 0.000598272154756546
297 0.000592827875180245
298 0.000587983094113887
299 0.000583721636066934
300 0.000580026111129225
301 0.00057686891860636
302 0.000574221379025876
303 0.000572056570448797
304 0.00057034662671831
305 0.000569055098644294
306 0.000568144311946847
307 0.000567577628744635
308 0.000567314705491009
309 0.000567297747708002
310 0.000567464827800627
311 0.000567763459454953
312 0.000568178345554246
313 0.000568703525469964
314 0.000569333082296924
315 0.000570059760093558
316 0.000570870823469154
317 0.000571752128826141
318 0.00057268947303276
319 0.000573675617057504
320 0.000574731493288848
321 0.000575885273778208
322 0.000577165395128286
323 0.000578601221224056
324 0.000580224949821346
325 0.000582069902314929
326 0.000584170033198086
327 0.000586556096086216
328 0.000589243747522669
329 0.000592245312399937
330 0.00059557377555689
331 0.000599240510899041
332 0.000603248233738991
333 0.000607597794968389
334 0.000612287615818279
335 0.000617304932194926
336 0.000622633967755694
