1 0.0017235453053347
2 0.00171226958433695
3 0.00169992013932201
4 0.0016865670033547
5 0.00167237611952661
6 0.00165753371861705
7 0.0016422127228223
8 0.0016265477168804
9 0.00161066076651821
10 0.001594669725698
11 0.00157867480445998
12 0.0015627196624297
13 0.001546833237013
14 0.00153104333625548
15 0.00151536253117616
16 0.00149974696782788
17 0.0014841407617203
18 0.00146849039788317
19 0.00145276270505741
20 0.00143699722230705
21 0.00142124956643993
22 0.00140557307000062
23 0.00139001953600622
24 0.00137464142568289
25 0.0013594895803724
26 0.00134461254222473
27 0.00133004344687296
28 0.00131576165727968
29 0.00130173438358015
30 0.00128795039306146
31 0.00127447908100658
32 0.00126140673955468
33 0.00124881609855286
34 0.00123678726846334
35 0.00122539995625977
36 0.00121473190196931
37 0.00120485871254666
38 0.00119584522920327
39 0.0011877191143594
40 0.0011804996328714
41 0.00117420717241705
42 0.00116885682361364
43 0.00116443888511414
44 0.00116093923815676
45 0.00115834598489264
46 0.00115664242051316
47 0.00115578612039954
48 0.00115572973058065
49 0.00115642762998258
50 0.00115784297214147
51 0.00115996955134268
52 0.00116280979669937
53 0.00116636744058652
54 0.00117064185714556
55 0.00117561087512328
56 0.00118124736801744
57 0.00118751755945252
58 0.00119435909158605
59 0.00120170162142488
60 0.00120947355502183
61 0.00121759752107714
62 0.00122597719051297
63 0.00123450934429271
64 0.00124308787552365
65 0.00125161182044021
66 0.00126001015039723
67 0.00126821824432358
68 0.00127616996212084
69 0.00128381572443823
70 0.00129117737661682
71 0.0012982957671581
72 0.0013052129109543
73 0.00131196579711802
74 0.00131856772972609
75 0.0013250262137052
76 0.00133134899863141
77 0.00133753512834979
78 0.00134354778591735
79 0.001349340573614
80 0.00135487668034572
81 0.00136016001173247
82 0.00136520505104158
83 0.00137002667232567
84 0.00137462661264103
85 0.00137895260174454
86 0.00138293830723503
87 0.00138651688719488
88 0.00138962646301477
89 0.00139222629565345
90 0.00139428121403611
91 0.00139575647152467
92 0.00139665121807675
93 0.001397098716778
94 0.00139726628218836
95 0.00139732156442897
96 0.00139741791597506
97 0.00139765113962624
98 0.00139810272476581
99 0.00139885434739239
100 0.00139997876935872
101 0.00140151219943794
102 0.00140348206419166
103 0.00140591632794866
104 0.00140883462193837
105 0.00141222129118876
106 0.00141605197771777
107 0.00142029356676067
108 0.00142487719672836
109 0.00142972440697845
110 0.00143475581087786
111 0.00143988058972753
112 0.00144496497631717
113 0.00144986286734019
114 0.00145442624497261
115 0.00145851042441365
116 0.00146198951521614
117 0.00146474213633502
118 0.00146664700384998
119 0.00146758391887892
120 0.00146743554742094
121 0.00146608719250457
122 0.00146342733909597
123 0.00145934691697566
124 0.0014537352719364
125 0.0014464865105002
126 0.00143750246129612
127 0.00142673036703075
128 0.00141427084027389
129 0.00140026424303329
130 0.00138485242347354
131 0.00136818867373905
132 0.00135046905843171
133 0.00133189550056003
134 0.00131265733331322
135 0.00129291391974445
136 0.00127281217757121
137 0.00125249196318344
138 0.00123209053575277
139 0.00121175607794597
140 0.00119163226320403
141 0.00117185348145984
142 0.00115254227700087
143 0.00113380154795214
144 0.00111572436463988
145 0.00109839751757907
146 0.00108189509488013
147 0.00106625880372406
148 0.00105152118686363
149 0.00103771332986959
150 0.00102485989699948
151 0.00101296388892146
152 0.00100202400490061
153 0.000992040320035908
154 0.00098301001052457
155 0.000974914529944459
156 0.000967733429702536
157 0.000961444926220197
158 0.000956014433948921
159 0.000951406282353457
160 0.000947587375702347
161 0.000944521589245273
162 0.000942153542515909
163 0.000940424607787667
164 0.000939277925527578
165 0.00093865589137736
166 0.000938493372276065
167 0.000938723865606112
168 0.000939281357181861
169 0.000940109100406799
170 0.000941186587920812
171 0.000942502481482092
172 0.000944045562112137
173 0.00094580891834717
174 0.000947802640848456
175 0.000950041294779096
176 0.000952539752015493
177 0.000955308060262983
178 0.000958335847045784
179 0.000961607595714403
180 0.000965107741091277
181 0.000968812752724878
182 0.000972667217542729
183 0.000976606959969992
184 0.000980582011173552
185 0.00098460275767994
186 0.000988695111965965
187 0.000992885420061019
188 0.000997206116551698
189 0.00100171285492974
190 0.00100646803289318
191 0.00101153533994768
192 0.00101697063734691
193 0.00102279386742936
194 0.00102901632670534
195 0.00103564989279521
196 0.00104271000771358
197 0.0010502247346313
198 0.00105822627415587
199 0.00106674817414377
200 0.00107582734514459
201 0.00108550998801319
202 0.00109584637064239
203 0.00110688921955148
204 0.0011186864285506
205 0.00113125799465685
206 0.00114461768227199
207 0.0011587758991008
208 0.00117372562896266
209 0.00118945514452183
210 0.00120595225729747
211 0.00122319390100921
212 0.0012411140362153
213 0.00125963193850672
214 0.00127866167164676
215 0.00129811407791935
216 0.00131790396329413
217 0.0013379430688822
218 0.00135813751800258
219 0.00137838399533622
220 0.00139855820871834
221 0.001418525189364
222 0.00143814300213797
223 0.00145729518901067
224 0.00147599097187341
225 0.00149427468933433
226 0.00151219432978044
227 0.00152980685641422
228 0.00154719497526569
229 0.00156445147711159
230 0.0015816737888685
231 0.00159894619340345
232 0.00161628511301673
233 0.00163368962913286
234 0.00165115546575292
235 0.00166866461129161
236 0.00168619491149969
237 0.00170372336005336
238 0.00172122650857692
239 0.00173868173309065
240 0.00175606606818909
241 0.00177335581408232
242 0.00179052670071428
243 0.00180755437138672
244 0.00182441396348257
245 0.00184107997943268
246 0.00185751889164685
247 0.00187366639750761
248 0.00188944883764511
249 0.00190479060535872
250 0.00191962928870561
251 0.00193396171391271
252 0.00194780061991338
253 0.00196115985572658
254 0.00197404651151393
255 0.00198643701395823
256 0.00199829990713775
257 0.00200960363904571
258 0.00202029363080526
259 0.00203022243264246
260 0.00203921746592642
261 0.00204709514630131
262 0.00205363350695234
263 0.002058600925038
264 0.0020617669615489
265 0.0020629284841277
266 0.00206198450049291
267 0.00205886467350323
268 0.00205350582800205
269 0.00204585881489481
270 0.00203590738385396
271 0.00202364984332238
272 0.00200909309559221
273 0.00199231164685413
274 0.0019736198100869
275 0.00195338589782549
276 0.00193196945549183
277 0.00190971734822325
278 0.0018869574913054
279 0.00186400267964601
280 0.00184115161425598
281 0.00181867150444158
282 0.00179674815299976
283 0.00177554140165484
284 0.00175519148632977
285 0.00173578485381361
286 0.00171739264026563
287 0.00170008343273894
288 0.00168390573792758
289 0.00166883566928549
290 0.00165483356774888
291 0.00164186224457115
292 0.0016298911129397
293 0.0016189086646258
294 0.00160890915442103
295 0.00159988827767448
296 0.00159185563925772
297 0.0015848716671873
298 0.00157900978340726
299 0.00157434438077777
300 0.00157093617902658
301 0.00156878731695804
302 0.00156788767937102
303 0.00156823015074096
304 0.00156980276639107
305 0.00157256516296649
306 0.00157647160319667
307 0.00158147840516873
308 0.00158755122828764
309 0.00159468790446476
310 0.00160289586378993
311 0.00161216984957819
312 0.00162244703416502
313 0.00163364960464365
314 0.00164569879890659
315 0.00165850054506251
316 0.00167190247531889
317 0.00168573349001455
318 0.00169981688773666
319 0.00171395505020011
320 0.001727883443814
321 0.00174131389085975
322 0.0017539498598901
323 0.00176551518073348
324 0.00177583982415195
325 0.00178478068592414
326 0.00179219530140923
327 0.00179795158682243
328 0.00180195516351621
329 0.0018041246246158
330 0.00180438367950432
331 0.00180268762871128
332 0.00179910085680934
333 0.00179371893392264
334 0.00178662735655716
335 0.00177785742358066
336 0.0017674305160781
