1 0.0073463311878185
2 0.00641973085723672
3 0.00566953611310553
4 0.00507210409947494
5 0.00460645449852696
6 0.00425584225480073
7 0.00400729048421433
8 0.00384939525181864
9 0.00377523875212343
10 0.00378301610552944
11 0.0038754615184533
12 0.00405815346187235
13 0.00434209420611295
14 0.00474546249717911
15 0.0052941141920154
16 0.0060189159735266
17 0.00696003795811648
18 0.00817007158585211
19 0.00971344828401088
20 0.0116553919343261
21 0.0140612364544275
22 0.0169903644851675
23 0.0204801701798399
24 0.0245127413846002
25 0.0289939821183223
26 0.0337330497820538
27 0.0384351478447423
28 0.0427307295053484
29 0.0461958551726909
30 0.0484515632059509
31 0.0493978294592826
32 0.0490994275261151
33 0.0477136055809804
34 0.045461862486568
35 0.0426078244890208
36 0.0394106196067713
37 0.0360976674766083
38 0.0328363945487407
39 0.029694514490827
40 0.0267097094498873
41 0.0239092957827183
42 0.0213073354237739
43 0.0188978086269434
44 0.0166721463001708
45 0.0146233334829618
46 0.012753798236495
47 0.0110913887121333
48 0.00965153987943931
49 0.00843315112012495
50 0.00742342244346728
51 0.00659997637629458
52 0.00594049145214478
53 0.00542576037093784
54 0.00503974858146177
55 0.00476831754929007
56 0.00460216460632171
57 0.0045371249624411
58 0.00457301196907285
59 0.00471580865710186
60 0.00497929742278125
61 0.00538580659327879
62 0.00596453559122018
63 0.00675776377596065
64 0.00782670142342763
65 0.00925445375611837
66 0.0111375791686576
67 0.013594650787325
68 0.0167702442563741
69 0.0208238190754018
70 0.0258778483929173
71 0.031987076650765
72 0.039091379266435
73 0.0469498922721051
74 0.0550606752230123
75 0.0626559988451993
76 0.0687646099105101
77 0.0724689186999844
78 0.0734751825351748
79 0.0718954666190665
80 0.0681310173736657
81 0.0628892804274099
82 0.0569084803016857
83 0.0508141859333684
84 0.0450282096517625
85 0.0396717760721513
86 0.0347828397801202
87 0.0303762636128157
88 0.0264438150705356
89 0.0229498832420563
90 0.0198552635287239
91 0.017123019516317
92 0.0147274651645832
93 0.0126710231289935
94 0.0109445386986881
95 0.00952483309255141
96 0.00837846779809683
97 0.00745907886609273
98 0.0067263467332978
99 0.00614897609196276
100 0.00570301809744485
101 0.00537051344563299
102 0.00513878548663301
103 0.00499989876984099
104 0.00495027137861334
105 0.00499039847491165
106 0.00512554019133336
107 0.00536670814030387
108 0.00573239984340254
109 0.00625065659348578
110 0.00696258015822045
111 0.00792500553828238
112 0.00920670619643758
113 0.0108994888830855
114 0.0131284003610233
115 0.0160518821186271
116 0.0198247404691815
117 0.0245940684543854
118 0.0304774820485347
119 0.0375171451792573
120 0.0456104505728134
121 0.0544524951037608
122 0.0634952901717102
123 0.0719825721533545
124 0.079144514727453
125 0.0842362204560567
126 0.0866149507013564
127 0.0859457248800576
128 0.082557687690414
129 0.0770811159857449
130 0.0702282548810476
131 0.0626972420461692
132 0.0551163238665
133 0.0479600506391812
134 0.0415170910901663
135 0.03588086903075
136 0.0310587924417326
137 0.0270151170605035
138 0.0236744371286311
139 0.0209049879981284
140 0.0185898174162055
141 0.0166379736077851
142 0.0149796074854612
143 0.0135643161536726
144 0.0123523609702921
145 0.0113112459712294
146 0.0104158448025239
147 0.00965098759022354
148 0.00900482050204349
149 0.00846713525825347
150 0.00803021074348089
151 0.00769085939975871
152 0.00744813713331191
153 0.0073031761966305
154 0.00726107586008107
155 0.00733536117388141
156 0.00754650051156725
157 0.00792103682965361
158 0.00848586471589323
159 0.0092787082008499
160 0.0103549523407505
161 0.0117878717527245
162 0.0136521502821798
163 0.0160348374400852
164 0.019038718594937
165 0.0227708540372788
166 0.0273000584710157
167 0.0326391108266281
168 0.0387158344901542
169 0.0453129759197609
170 0.0519402489062405
171 0.0578594456615784
172 0.0621669200573764
173 0.0640793885839962
174 0.0635479394705093
175 0.0609187882386574
176 0.056705817746496
177 0.0514898539839924
178 0.0458437752224501
179 0.04024053335192
180 0.0350184750859683
181 0.0303648194615573
182 0.0262980982561082
183 0.0227883558218611
184 0.0197868310841183
185 0.0172215297141895
186 0.0150255802865823
187 0.0131426078956364
188 0.0115267012183932
189 0.010144275519194
190 0.00896617914272281
191 0.00796600723649219
192 0.00712089686012719
193 0.00641293205792584
194 0.0058265515482672
195 0.00534815188151729
196 0.00496574208033412
197 0.00466760905739547
198 0.00444449938847179
199 0.0042899893696933
200 0.00420050603545812
201 0.00417589969961523
202 0.0042190300691156
203 0.00433609614075627
204 0.00453677628563167
205 0.00483300213957287
206 0.0052419734656803
207 0.00578690686611387
208 0.00649324241578926
209 0.00739278700030005
210 0.00852609756405514
211 0.00994132787503684
212 0.011685059270523
213 0.0138021468590552
214 0.0163316683787886
215 0.0192949166103588
216 0.0226682900135196
217 0.0263713413048647
218 0.030254412758133
219 0.0340962124207193
220 0.0376305893556448
221 0.04055526197293
222 0.0425582954528073
223 0.0434157887666343
224 0.0432016415853833
225 0.0421229058052871
226 0.0404259049452214
227 0.0383487758397562
228 0.0360670663253365
229 0.0337237283544281
230 0.0314365989543014
231 0.0292744181815406
232 0.0272019002369904
233 0.025172376191186
234 0.02316016420548
235 0.0211759353340806
236 0.0192374423779623
237 0.0173610784288223
238 0.0155671814013712
239 0.0138918468558358
240 0.012362421062638
241 0.0109931774404824
242 0.00978804990435646
243 0.00874304105781804
244 0.00784972159647281
245 0.00709748165632745
246 0.0064756688745887
247 0.00597616933823173
248 0.0055922320782681
249 0.00531908272920853
250 0.00515353702108725
251 0.00509064666606517
252 0.00512959052735316
253 0.00527564118574301
254 0.00553954733280867
255 0.00593395757077387
256 0.00647788198646079
257 0.00719918688692187
258 0.00813403828692295
259 0.00931954535990664
260 0.0107972004059225
261 0.0126138592388575
262 0.0148226558490345
263 0.0174782490835799
264 0.0206308794116962
265 0.0243030433859027
266 0.0284109930122998
267 0.0327578366982639
268 0.0370273405142989
269 0.0408206163658047
270 0.0438078832700582
271 0.0457129508463249
272 0.0463243429589836
273 0.0455715795267093
274 0.0436628974528606
275 0.0409131523910992
276 0.0376477579937458
277 0.0341567410017005
278 0.0306577935429756
279 0.0273117460314258
280 0.024229380905553
281 0.0214633809247309
282 0.0189879970203202
283 0.016767334694219
284 0.0147754055744905
285 0.0130027408986682
286 0.01143912957757
287 0.0100706525138994
288 0.00888348660382181
289 0.00786983465820311
290 0.00701957694137988
291 0.00632014901112217
292 0.00575789685360829
293 0.00531782009225229
294 0.00498757284369189
295 0.00475862714443258
296 0.00462547330430708
297 0.00458290016280069
298 0.00462973177202741
299 0.00477003628192128
300 0.00501309750669507
301 0.00537255252230487
302 0.00586901045909277
303 0.00653242323875354
304 0.00740206872472342
305 0.00851874747222574
306 0.00992993415051995
307 0.0116913668829088
308 0.0138611702410206
309 0.0164778173847102
310 0.019552144794397
311 0.0230593254370484
312 0.026946379704226
313 0.0311127774316392
314 0.0353974855889275
315 0.0395874416692538
316 0.0434646690999208
317 0.0468034064591092
318 0.049379785781725
319 0.0509966777507177
320 0.0515171701907523
321 0.0508718207179148
322 0.049065857018422
323 0.0462212702305068
324 0.0426641089450459
325 0.0387442453309216
326 0.0347589609726852
327 0.0309168176835706
328 0.0272951235921193
329 0.0239314881526874
330 0.0208491000017071
331 0.0180608624537288
332 0.0155759709297539
333 0.0133915789553197
334 0.0114959135161411
335 0.0098758054330912
336 0.00851100503146132
