1 0.0136729801485744
2 0.0174207001361034
3 0.0215575683742596
4 0.0256767937384787
5 0.0295565171196931
6 0.0331192703875347
7 0.0363634357307122
8 0.0392805360437549
9 0.0418898737503057
10 0.0442518814890051
11 0.0465038589778698
12 0.0489953415908341
13 0.0521978353104226
14 0.0567080070659551
15 0.0630822686626941
16 0.0709652223610269
17 0.0794389012954337
18 0.0871130114680597
19 0.0923977907369953
20 0.0944964735673679
21 0.0930875277936069
22 0.0881964664001992
23 0.0801787946127637
24 0.0696110384804729
25 0.0573980192300328
26 0.0446901301535726
27 0.0328054514139883
28 0.0230650662335093
29 0.0158633684071523
30 0.0108859024873874
31 0.00754382646761175
32 0.00533203844931946
33 0.0038816963462617
34 0.00293483169209548
35 0.00231083354697267
36 0.00189733021932367
37 0.0016264900667581
38 0.00145756143789214
39 0.00136707094396444
40 0.00134356793927371
41 0.00138530068850594
42 0.0014992946304283
43 0.00170007500723181
44 0.00201463606861515
45 0.00248870619828955
46 0.00319194920791222
47 0.00420880486386027
48 0.00564099438701097
49 0.00759829596087721
50 0.0101681475045894
51 0.013355506549229
52 0.0170094639814452
53 0.0207563443991177
54 0.0241105170158856
55 0.0270397937783417
56 0.0298424332706612
57 0.0329058892705956
58 0.0362536328640449
59 0.0397637019315034
60 0.0432635383559211
61 0.0466150490986678
62 0.0500236830946433
63 0.0538652293193134
64 0.0586283336131444
65 0.0647192157980669
66 0.0716072255931327
67 0.0782096306640962
68 0.0830826607606881
69 0.0847371439764586
70 0.0824190931897635
71 0.0760135039041173
72 0.0660474802883649
73 0.0538358942290524
74 0.0414626771580173
75 0.0305022931582436
76 0.0216880593983125
77 0.0150967189327525
78 0.0104376288666386
79 0.00727544040963007
80 0.00518387101716781
81 0.00381122607871538
82 0.00291506584602303
83 0.00233843147944717
84 0.00198071231829884
85 0.00177412808963517
86 0.00168066793431577
87 0.00168410545052355
88 0.00178439804104122
89 0.00199465081032014
90 0.0023458441791197
91 0.00289455534024379
92 0.00373006161211886
93 0.00496115043530716
94 0.00671852517889395
95 0.00913861439194809
96 0.012320546744679
97 0.0162662112187625
98 0.020788332642254
99 0.0254285434724105
100 0.0295429778646625
101 0.0327858837682611
102 0.0350638747147426
103 0.0364532772561627
104 0.0371679194863742
105 0.0375452598186323
106 0.0379688478252872
107 0.0388310447087667
108 0.0405206837914038
109 0.0435125144341553
110 0.0484828729865654
111 0.0561846929448525
112 0.0663796203414641
113 0.077988126597958
114 0.0889742147341244
115 0.0966705698565942
116 0.0993994629226002
117 0.0963597007374538
118 0.0876420693740122
119 0.0744887546625614
120 0.0593685617988763
121 0.0446386239580836
122 0.0318835398298326
123 0.021844894273685
124 0.0146150732622112
125 0.00974301993405484
126 0.00660486895602575
127 0.00463422565759636
128 0.0033891047564731
129 0.00259434180450356
130 0.00208734165515802
131 0.00177110719654805
132 0.00158571555230204
133 0.00149784647571116
134 0.00149125910915361
135 0.00155843959207415
136 0.00170113326070142
137 0.00192998867660477
138 0.00226512494518178
139 0.00273967922784084
140 0.0034026722233434
141 0.00432401155032415
142 0.00559659762436416
143 0.00731741294478337
144 0.00957671058999478
145 0.0124320632817087
146 0.0158717860567032
147 0.0197992898880096
148 0.02399227910725
149 0.0280811974454092
150 0.0316447943157468
151 0.0345544284465593
152 0.0368785448523639
153 0.0387984629541006
154 0.0405689240483068
155 0.042468335934234
156 0.0448190860056139
157 0.0479650394846921
158 0.0521320958025304
159 0.0575655678898087
160 0.0645968721402143
161 0.0733363394616734
162 0.0823587043226209
163 0.0891288634973695
164 0.0906054718499995
165 0.0848911524861452
166 0.0738955559668163
167 0.0606420878192621
168 0.0476408438906067
169 0.0363496720698223
170 0.0271296463198988
171 0.0199152905487737
172 0.0144602798776603
173 0.0104504062012425
174 0.00758152353503975
175 0.00557162142136469
176 0.00418524512561904
177 0.00324072504290454
178 0.00260323023972615
179 0.00218202533390306
180 0.00191953896867312
181 0.00178070628051412
182 0.0017432857358862
183 0.00180055648961675
184 0.00196077066643408
185 0.00224659424464596
186 0.00270167173101522
187 0.00340148824109464
188 0.00446271678375989
189 0.0060206265592636
190 0.00822380681245926
191 0.0111989764265569
192 0.0149848039389562
193 0.019486036280629
194 0.0243836064479947
195 0.0290805994325253
196 0.0328608855676261
197 0.0354627750103515
198 0.0369599324224191
199 0.0376111468858773
200 0.0377796820631142
201 0.0378729801123251
202 0.0383101548301761
203 0.039535175534385
204 0.0420443756223008
205 0.0463789477190673
206 0.0533514613387628
207 0.0639149338141069
208 0.0776981929085553
209 0.0929258493805855
210 0.106211853930037
211 0.113505417596021
212 0.113405418596791
213 0.106342714945879
214 0.0938272903866818
215 0.0780697635525533
216 0.0615238827089323
217 0.0461759231506956
218 0.0332211251446486
219 0.0231028373216399
220 0.0157340763596415
221 0.0106469070909897
222 0.0072632098044063
223 0.00506140403735258
224 0.00363108139501256
225 0.00269884491018762
226 0.0020912541684545
227 0.00169856342121447
228 0.00144961885578889
229 0.00130208305726956
230 0.00123294468308104
231 0.00123208500470205
232 0.00129801674050545
233 0.0014393914115048
234 0.00167688106771346
235 0.00204563401731139
236 0.00260362283186515
237 0.00344476059079204
238 0.00471053372696512
239 0.0065653140074296
240 0.00917846715547392
241 0.0126674850785559
242 0.0170018829488852
243 0.0219345824064828
244 0.0269156133404202
245 0.0310941203928231
246 0.0336576227714781
247 0.0346971636897561
248 0.0347972871366964
249 0.0346746230297554
250 0.0350132528413314
251 0.0363267869104984
252 0.0392039266828378
253 0.0445379341401111
254 0.0534805480704607
255 0.0661866955614934
256 0.0817842776449053
257 0.0979116188060322
258 0.110925739872407
259 0.118325074202807
260 0.118681688292261
261 0.111855784688606
262 0.0996630643407197
263 0.0845878512617783
264 0.068931955411598
265 0.0543231103526627
266 0.041470507400896
267 0.0306836239338764
268 0.0220201032299347
269 0.0153819093122594
270 0.0106067804693334
271 0.00734273126409343
272 0.00518998130714239
273 0.00380142928146672
274 0.00290491685322348
275 0.00232673659375219
276 0.00196235710014837
277 0.00174932851351281
278 0.00164950683620938
279 0.00164519481481814
280 0.00173558028981806
281 0.00193544847163913
282 0.00227530904084584
283 0.0028105478494375
284 0.00363099638984748
285 0.00485818087469891
286 0.00665704563235687
287 0.00923794870455845
288 0.0128189913557012
289 0.0174657632872162
290 0.0229175298353594
291 0.0284189593177895
292 0.0328806917071623
293 0.0358242381486017
294 0.0372868697194735
295 0.0375994829372892
296 0.0372526251129033
297 0.0367996748111262
298 0.0367859995738779
299 0.0377665671228509
300 0.0403270027876514
301 0.0449667090801625
302 0.0524405758564729
303 0.0640231645630833
304 0.0812260790501281
305 0.103219231259154
306 0.12607389645323
307 0.142626772141105
308 0.145840710006834
309 0.136788089847013
310 0.120308459765801
311 0.101002617965427
312 0.0811008284990632
313 0.0621737315749934
314 0.0454489446700475
315 0.0317542984891125
316 0.0215341026880848
317 0.014450577706203
318 0.00978617141298588
319 0.00680653102825695
320 0.00490608807062651
321 0.00368932242395775
322 0.00291337664657983
323 0.00242842139892815
324 0.00213656463597442
325 0.00198145595267111
326 0.00193432300795648
327 0.00198347865886107
328 0.0021256701552178
329 0.00236717929968489
330 0.00272349432016728
331 0.00322205230320179
332 0.00391777718514432
333 0.00489876324181117
334 0.00628753864425034
335 0.00819171975971364
336 0.0106885733282382
