1 0.00565680174898818
2 0.00570939985919638
3 0.00576229660787311
4 0.00581598686205252
5 0.00587084694292475
6 0.00592723261646911
7 0.00598547744356998
8 0.00604578378030037
9 0.00610832572542847
10 0.00617328465450845
11 0.00624079958369075
12 0.00631081271687682
13 0.00638321225542472
14 0.00645788094905469
15 0.00653465713880441
16 0.00661321535807604
17 0.00669317431025909
18 0.00677413341216967
19 0.0068556464549805
20 0.00693714189122671
21 0.00701799524127624
22 0.00709755441106967
23 0.00717510737032167
24 0.0072497812595221
25 0.00732063986109312
26 0.00738672019204603
27 0.00744709582737961
28 0.00750106084431109
29 0.0075479677281331
30 0.00758722799845874
31 0.00761847712145684
32 0.00764142420906447
33 0.00765580262121641
34 0.00766149937340134
35 0.00765893787796144
36 0.00764869511434263
37 0.00763136914287459
38 0.00760760882217519
39 0.00757821341639217
40 0.00754401941074573
41 0.00750585952904659
42 0.00746462388807314
43 0.00742145054517098
44 0.00737751971923621
45 0.00733398520993694
46 0.0072919223626967
47 0.00725217652686467
48 0.007215524683488
49 0.00718273073737564
50 0.00715448367772836
51 0.00713120701490808
52 0.00711326250872457
53 0.00710101910086773
54 0.00709480596183813
55 0.00709476587385867
56 0.00710100735182607
57 0.00711360127122626
58 0.00713241755176245
59 0.00715728616579073
60 0.0071880497306509
61 0.0072245096079649
62 0.00726626500788663
63 0.00731286335623209
64 0.00736384869762992
65 0.00741871839285772
66 0.00747679729290862
67 0.00753735091439368
68 0.00759962213544844
69 0.00766280232883027
70 0.00772594810380621
71 0.00778805791097805
72 0.00784809902408292
73 0.00790499403500709
74 0.00795757684595807
75 0.00800464298561806
76 0.00804497202946119
77 0.00807743273215464
78 0.00810128463969854
79 0.00811590247576654
80 0.00812078818301136
81 0.00811588015735541
82 0.00810125270910204
83 0.00807701450005067
84 0.00804336886263868
85 0.00800079393191847
86 0.00794985113404421
87 0.00789111819545011
88 0.00782527443291532
89 0.00775336033187108
90 0.00767648889642955
91 0.00759574661414118
92 0.00751220800840002
93 0.00742699052732558
94 0.00734118717769894
95 0.00725584406245257
96 0.00717193130271456
97 0.00709026008946538
98 0.00701157636339443
99 0.00693659329360539
100 0.00686593658811166
101 0.00679997836086377
102 0.00673902348359453
103 0.00668337173850453
104 0.00663329485319263
105 0.00658896354948223
106 0.00655052967740912
107 0.006518106678101
108 0.00649163041777808
109 0.00647100531601749
110 0.00645615186538195
111 0.00644695704319583
112 0.00644312675927161
113 0.00644433222017775
114 0.00645025664062171
115 0.00646053604858563
116 0.00647458567920576
117 0.00649176578327496
118 0.00651143483678925
119 0.00653295940051484
120 0.00655575030818637
121 0.00657922378115329
122 0.00660278796964667
123 0.00662583276357335
124 0.00664770019317983
125 0.00666771432058388
126 0.00668519253299689
127 0.00669944297102388
128 0.00670975303855114
129 0.0067154073018312
130 0.00671569673416858
131 0.00670996547756612
132 0.00669774078348832
133 0.00667861261452166
134 0.00665235681154602
135 0.00661941455719951
136 0.0065803995223908
137 0.00653593087031499
138 0.00648672633902057
139 0.00643388546043353
140 0.00637857922176619
141 0.00632194531460897
142 0.0062650391963483
143 0.00620869906383634
144 0.00615368866008806
145 0.00610074489763253
146 0.00605053606292131
147 0.00600353585994083
148 0.00596016266143014
149 0.00592082668622423
150 0.00588588964675704
151 0.00585554000173059
152 0.00582992821118797
153 0.0058092119803246
154 0.0057935232197679
155 0.00578286641021372
156 0.00577722416799358
157 0.00577655868576148
158 0.00578071154467168
159 0.00578950271898595
160 0.00580276244451201
161 0.00582028555957191
162 0.00584169613023404
163 0.00586657590133519
164 0.00589450556220754
165 0.00592503180933458
166 0.00595757237936931
167 0.00599150318590125
168 0.00602618670936754
169 0.00606098322042385
170 0.00609528799185198
171 0.00612849535396553
172 0.00615998724694356
173 0.00618914270277297
174 0.00621536440726724
175 0.00623805743527374
176 0.00625662421377973
177 0.00627055782246962
178 0.0062797163942182
179 0.00628405806251639
180 0.00628355188351106
181 0.00627821144321688
182 0.00626819481345068
183 0.00625370302070826
184 0.0062350116350243
185 0.00621266673103454
186 0.00618728003915607
187 0.00615945901455645
188 0.00612983278638625
189 0.00609913463026826
190 0.00606811283558166
191 0.00603750104906714
192 0.00600798489048636
193 0.00598010379919489
194 0.00595435487639584
195 0.00593122824023158
196 0.00591116921404067
197 0.00589446218205712
198 0.00588135369264118
199 0.00587209408899975
200 0.00586689572731271
201 0.00586580451300921
202 0.0058688313590621
203 0.00587599581108944
204 0.0058872917117824
205 0.00590258327936583
206 0.00592170674449095
207 0.00594446558488616
208 0.0059705143037192
209 0.00599946828898321
210 0.00603093938145084
211 0.00606449725577054
212 0.00609955579524238
213 0.00613547898230911
214 0.00617161604641722
215 0.00620730754018843
216 0.00624190570220164
217 0.00627475584935712
218 0.00630519127068721
219 0.00633257231103949
220 0.0063564011205412
221 0.00637621569315645
222 0.00639155588183563
223 0.00640202936436606
224 0.00640750441119849
225 0.00640792349905129
226 0.00640324091161628
227 0.00639348779535861
228 0.00637896538390783
229 0.00636004778815291
230 0.00633711459669638
231 0.00631053087728365
232 0.00628059277781844
233 0.00624757984990817
234 0.00621181037742861
235 0.00617375486657503
236 0.00613391471848644
237 0.00609278136123581
238 0.0060508561991176
239 0.00600871204337732
240 0.0059669272275505
241 0.00592606424257437
242 0.00588663979065262
243 0.00584903580938513
244 0.00581359509252385
245 0.00578065346814915
246 0.00575049883905553
247 0.00572324725263162
248 0.00569897397673877
249 0.0056777568293532
250 0.00565963894446132
251 0.00564451686641059
252 0.00563225517838356
253 0.00562272387072958
254 0.00561575866058743
255 0.00561104343350705
256 0.00560822701883143
257 0.00560696110738124
258 0.00560688181452301
259 0.00560755668913348
260 0.00560853614353004
261 0.00560934612431896
262 0.00560941518244966
263 0.00560814775875172
264 0.00560494955970529
265 0.00559925154773066
266 0.00559057880965081
267 0.00557848583791735
268 0.00556253680088601
269 0.00554238612091178
270 0.00551801196274202
271 0.00548948011797771
272 0.00545686553721328
273 0.00542029415093849
274 0.00538006644063081
275 0.00533652552958441
276 0.00529001255571139
277 0.0052409064029619
278 0.00518974338732788
279 0.00513708533723406
280 0.0050834755160478
281 0.00502946589072347
282 0.00497569954885616
283 0.00492282081770728
284 0.00487142573994929
285 0.00482200193508293
286 0.00477499689323741
287 0.0047308417013175
288 0.0046899254135621
289 0.00465251521292194
290 0.00461884677389592
291 0.00458915511340951
292 0.00456365209979608
293 0.00454245545301312
294 0.00452566664841139
295 0.00451339725941758
296 0.00450574561582476
297 0.00450272432403597
298 0.0045043353641988
299 0.00451059494655566
300 0.00452150952077758
301 0.00453700293437524
302 0.00455698729330414
303 0.0045813858927191
304 0.00461010530205454
305 0.0046429522252324
306 0.00467970990781234
307 0.00472016246401019
308 0.00476407333580164
309 0.00481112349410644
310 0.00486096482962218
311 0.00491323020365762
312 0.00496751085397743
313 0.0050233733158217
314 0.0050803642422206
315 0.00513801601126434
316 0.0051958671325352
317 0.00525344229635665
318 0.00531024569740313
319 0.00536580820474027
320 0.00541983208121263
321 0.00547205849673822
322 0.00552222255444745
323 0.00557008777722378
324 0.00561555018344945
325 0.00565854180216051
326 0.00569899778176813
327 0.00573687213363156
328 0.00577218539772471
329 0.00580497918044888
330 0.00583530049687304
331 0.00586330152752485
332 0.00588954298285993
333 0.00591469902420214
334 0.00593945900149647
335 0.00596453399970222
336 0.00599064960865499
