1 0.0123452044098267
2 0.0103067099556981
3 0.00865808263160286
4 0.00732499938372129
5 0.00622865325440831
6 0.00530844549977871
7 0.00452711507711552
8 0.00387537295124351
9 0.00334440270292051
10 0.00292222306658475
11 0.00259578557695518
12 0.00235142648956598
13 0.00217841273966779
14 0.00206981944246186
15 0.00202190852635751
16 0.00203211827932002
17 0.00210199676141306
18 0.00223844019470437
19 0.00245402043509373
20 0.00276594081298654
21 0.0031996708096671
22 0.00379250283988367
23 0.0045941849085892
24 0.00565524295336731
25 0.00702749618272984
26 0.00875799485843828
27 0.0108851258915099
28 0.0134685395611762
29 0.0165772715030305
30 0.0202703990081931
31 0.0245496572647529
32 0.0293474558357075
33 0.0345130166481834
34 0.039806460991975
35 0.0449280591256279
36 0.0495246591963071
37 0.0532141991680159
38 0.0556303576664151
39 0.0564797570018956
40 0.0555842982470597
41 0.0529172882253511
42 0.0486700377706929
43 0.0433459358651752
44 0.0375032304176424
45 0.0316279764324629
46 0.0260831239795262
47 0.021085360779946
48 0.016746552000976
49 0.0130983912948144
50 0.0101203550897898
51 0.00776895326908115
52 0.00596384938241559
53 0.00460790249685331
54 0.00360504933252556
55 0.00286803465941765
56 0.00232891131223272
57 0.00193676509511226
58 0.00165257506454539
59 0.00144891498098627
60 0.001307240226205
61 0.00121515730736014
62 0.00116417679800191
63 0.00114963755726301
64 0.00117031628094477
65 0.00122797143868389
66 0.00132664078597702
67 0.00147378224542685
68 0.00168136135556499
69 0.00196696543928071
70 0.00235459739897581
71 0.00287754988731625
72 0.00358188571701893
73 0.00452942337343124
74 0.00579629726383762
75 0.00747535431453271
76 0.00967554933846042
77 0.0125129177913119
78 0.0160816041256708
79 0.0204243890356011
80 0.0254973557367829
81 0.0311465062112144
82 0.0370747121530642
83 0.0428311133162617
84 0.0478343641222244
85 0.0514275943601761
86 0.0529968429408757
87 0.0521118238813161
88 0.0487604791513238
89 0.0436546430345978
90 0.0376798700555711
91 0.0315976061281597
92 0.0259344282319456
93 0.0209465185157803
94 0.0167307810847378
95 0.0132828350970443
96 0.0105276407963935
97 0.00834085560195774
98 0.00660939079994928
99 0.00524089942167481
100 0.00416283174880134
101 0.00332256969706316
102 0.00267456857358227
103 0.00217930105572253
104 0.00180363247815319
105 0.00151989889150115
106 0.00130701228075032
107 0.00114924977537183
108 0.00103450882075955
109 0.00095425397850004
110 0.000902874726680402
111 0.000876947433305188
112 0.000874489331324985
113 0.000895257530055494
114 0.000940872500758405
115 0.00101490597263442
116 0.00112290479747407
117 0.00127332041938443
118 0.00147864488988945
119 0.00175630424103776
120 0.00212778786566572
121 0.00262093652634494
122 0.00327180596174022
123 0.00412728138281467
124 0.00525287659678641
125 0.00673646655668392
126 0.00869364092391425
127 0.0112685362258953
128 0.0146068988628645
129 0.0188428841156797
130 0.0240726841547867
131 0.0302759904156641
132 0.0370944856634002
133 0.0437773935903243
134 0.0493235306625966
135 0.053016108491017
136 0.0544233533577133
137 0.0533979874830799
138 0.0501249790207774
139 0.0451471259281061
140 0.0391467894600933
141 0.0327876171599644
142 0.0266297141398127
143 0.0210943371863374
144 0.0164015380959636
145 0.0126001414403383
146 0.00962557669214846
147 0.00735188513564661
148 0.00564340137631255
149 0.00437619891211436
150 0.00344481085047997
151 0.00276241647751596
152 0.00226394196660761
153 0.00190231637272828
154 0.00164342249321332
155 0.00146139145585419
156 0.00133862031649003
157 0.00126378033660439
158 0.0012296365582196
159 0.00123273250417414
160 0.00127304061614722
161 0.00135364724343408
162 0.00148022478965573
163 0.00166223202774522
164 0.00191415940629982
165 0.0022560994425794
166 0.00271127605428356
167 0.00330793549327033
168 0.00407979283278758
169 0.00506533597505601
170 0.0063082685314521
171 0.00785324996163078
172 0.00973943462167838
173 0.0119992093267734
174 0.0146826218573051
175 0.0178508090677937
176 0.0215716348865291
177 0.0258951429234721
178 0.030741054959346
179 0.0358974558364738
180 0.041019850311533
181 0.0455973711919046
182 0.0488534780355681
183 0.0499457761659572
184 0.048367680703642
185 0.0445387546290494
186 0.0392528103230496
187 0.0333250628969596
188 0.0274313214904297
189 0.0220238685259785
190 0.0173508949902757
191 0.0134963261230947
192 0.0104259738799323
193 0.00803200796904679
194 0.00619367000820399
195 0.00479837280331622
196 0.00374882415289107
197 0.00296562192610438
198 0.00238532905374478
199 0.00195874748019056
200 0.00164801148522971
201 0.0014227773913772
202 0.00126159856736686
203 0.00115006511221979
204 0.00107868793338253
205 0.0010413247339629
206 0.00103486763844234
207 0.001058794177034
208 0.00111456185506372
209 0.00120622699205475
210 0.00134106887562466
211 0.00153011281808874
212 0.00178795732924345
213 0.00213476751688616
214 0.00259835701374635
215 0.0032153925741416
216 0.00402855683046122
217 0.00508717444049439
218 0.00644532036140208
219 0.0081559802161922
220 0.01026063273432
221 0.0127745573480344
222 0.0156681682887135
223 0.0188660142909544
224 0.0223140495606958
225 0.0259656004636393
226 0.0297732398595049
227 0.0336601085141223
228 0.0373945779406084
229 0.0406487411397696
230 0.0430520364101742
231 0.0441962065119338
232 0.043573712465248
233 0.0408316907280851
234 0.0361028711067242
235 0.030314771198607
236 0.0244178996755755
237 0.0190642220708601
238 0.0145743363977869
239 0.0109971355265253
240 0.00825171779223696
241 0.00620380264825864
242 0.00470518181035661
243 0.00361374575885888
244 0.0028191709859721
245 0.00224065302443938
246 0.00181929354216243
247 0.0015116073814014
248 0.00128706137217745
249 0.00112459296517286
250 0.00100957406520244
251 0.000931417095798001
252 0.000883141257249008
253 0.000860620333546985
254 0.000861869398161449
255 0.000886391602564143
256 0.000935422133628634
257 0.00101211572894924
258 0.00112166290242207
259 0.00127110612378596
260 0.00147025369602493
261 0.00173234308163138
262 0.00207394373486585
263 0.00251598320262168
264 0.00308453854928837
265 0.00381178651386642
266 0.00473865193231847
267 0.00591506825333008
268 0.00739997310260886
269 0.00925938914973487
270 0.0115575368669279
271 0.014350402910492
272 0.0176754888362922
273 0.021524165933644
274 0.0257648861242882
275 0.0301276841912716
276 0.0342051423508373
277 0.0374872534241451
278 0.0394577889115362
279 0.0396886151560713
280 0.0379504715709716
281 0.0343730772065816
282 0.029602443582853
283 0.0243797007822499
284 0.0193279191535157
285 0.0148947246010504
286 0.0112782025417002
287 0.00848324087139242
288 0.00640105274171167
289 0.00486837911842248
290 0.0037452027316456
291 0.00292431367054463
292 0.00232426702189785
293 0.00188182584038738
294 0.00155232075960838
295 0.00130485839278718
296 0.0011180983967781
297 0.000977764436043684
298 0.000873805540883971
299 0.000799114827205795
300 0.000748763271011222
301 0.000719299194178821
302 0.000708815093497347
303 0.000716873766183485
304 0.000744401189171357
305 0.000793519045868417
306 0.000868090465403029
307 0.000974317138122199
308 0.0011214716471202
309 0.00132274253790656
310 0.0015972067120208
311 0.00197193827485857
312 0.00248268251816076
313 0.00317789698656321
314 0.00412322176446005
315 0.00540428978693747
316 0.00712128953750889
317 0.00938539699090835
318 0.012307668692735
319 0.0159794913448071
320 0.020452841282462
321 0.0257034967693149
322 0.0315917750391297
323 0.0378120853470492
324 0.0437982795390716
325 0.0487764289563975
326 0.0518907742108587
327 0.052500990785938
328 0.0507031409721699
329 0.0469959003991685
330 0.0420281072289115
331 0.0364721676907925
332 0.0309480225878738
333 0.0258909412321272
334 0.021517482370809
335 0.0178362122676124
336 0.0147923673138606
