1 0.0190597483138203
2 0.0156038728952874
3 0.0121676078956272
4 0.0090598405040128
5 0.006534591702131
6 0.00464632028663408
7 0.00331261523755827
8 0.00240236160093469
9 0.00179658896454133
10 0.00140451679491606
11 0.00116151488689276
12 0.00102103280875084
13 0.000956970618031598
14 0.000959227117968558
15 0.00103040577311999
16 0.00118412323648296
17 0.00145178728160745
18 0.0018937802262303
19 0.0026158883287295
20 0.0037785716494427
21 0.00562514064332701
22 0.00850485857040752
23 0.0128366566196247
24 0.0188279477267667
25 0.0260752227544021
26 0.0331658146693231
27 0.0379942817692651
28 0.0395626053291538
29 0.0380249690822741
30 0.0343020491614488
31 0.029771471856395
32 0.025546296015333
33 0.0222809322958099
34 0.0201884851004931
35 0.0189493308962893
36 0.0182561555872364
37 0.0178861654394333
38 0.0176550248015357
39 0.0173944125928553
40 0.0169466881336749
41 0.0161743846158946
42 0.0150102216644916
43 0.0135463777105782
44 0.0119131125951303
45 0.0102302781332703
46 0.00859950896475708
47 0.00710398176940064
48 0.00579250728099207
49 0.00468248372628275
50 0.00377042132908283
51 0.00304254415667862
52 0.0024762362671591
53 0.00204565119372183
54 0.00172470582693359
55 0.00148640169800445
56 0.00131029599279452
57 0.00118201608780107
58 0.00109107132606644
59 0.00103026577448429
60 0.000994950018825872
61 0.000983209575470693
62 0.000997960613799149
63 0.00104515369450474
64 0.00113454495410125
65 0.00128243629234648
66 0.00151675766635197
67 0.00188613561176596
68 0.0024779869781217
69 0.00343996845057032
70 0.00495401027344646
71 0.00723274315394313
72 0.0104616449080897
73 0.0146683690021583
74 0.0195950403373968
75 0.024549621904562
76 0.0284072417194081
77 0.0301338875765559
78 0.0299817699420478
79 0.0288350350519972
80 0.0274816456721761
81 0.0260612202671797
82 0.0245632020336972
83 0.0229836460679756
84 0.0213214753109186
85 0.0195690356880616
86 0.0177287010492343
87 0.0158173883963897
88 0.0138945651940943
89 0.0121162853867632
90 0.0105977676669599
91 0.00939532357812632
92 0.00851834169004789
93 0.00792182216304517
94 0.00756729133866101
95 0.00743551818431959
96 0.00750433482420735
97 0.00768073694066273
98 0.00784903461881602
99 0.00788477074090028
100 0.00768590608907676
101 0.00725187567553737
102 0.00662368188112698
103 0.00585707163930113
104 0.00502154612756731
105 0.00420391227150948
106 0.00346605336989833
107 0.00284252273504756
108 0.0023550563037733
109 0.0020048474597682
110 0.00178361949124448
111 0.00168266581329574
112 0.00169201960438524
113 0.00181857047696201
114 0.00209491434660084
115 0.00258627482100203
116 0.00338320973013804
117 0.00462341385533359
118 0.00650702030075416
119 0.00927839228764472
120 0.0130786895602762
121 0.0177507312216709
122 0.0226060445321201
123 0.0265305354977871
124 0.0289964072734602
125 0.0300263059759241
126 0.0299610243920825
127 0.0292425714965212
128 0.0281403898343515
129 0.0268655042435212
130 0.0256044946052729
131 0.024454039760939
132 0.0232651725108976
133 0.0218631540011642
134 0.020178257005993
135 0.0183884731120161
136 0.0166821701022645
137 0.0151909023380552
138 0.013982012301259
139 0.0130309028574374
140 0.0123023834637087
141 0.0117706621086193
142 0.0113996405212679
143 0.0110899835410713
144 0.0107370160643087
145 0.0102495955352684
146 0.00956832001355301
147 0.00870249024613843
148 0.00769099128584409
149 0.00658715324750686
150 0.00546343229656502
151 0.0044187834888618
152 0.00351625416335955
153 0.00277771197019901
154 0.00220069593648681
155 0.00177535736012303
156 0.00148249197118948
157 0.00129989374474989
158 0.00120408374135319
159 0.00118292511025031
160 0.00123743440676323
161 0.00138236947791775
162 0.00164737731420457
163 0.00208983917497466
164 0.00281608616241998
165 0.00400677190895944
166 0.00589424313069364
167 0.00874523501603972
168 0.012766568011263
169 0.0179248562793444
170 0.0238373928050574
171 0.0296356032246145
172 0.0340139112326144
173 0.0358417577819337
174 0.035440752115394
175 0.0338301454059223
176 0.032068614883916
177 0.0308572293643517
178 0.0300158322870155
179 0.0292026671656726
180 0.0281136878530653
181 0.0265353243019814
182 0.0244775849916884
183 0.0220305551188593
184 0.0193546851512848
185 0.0167482457220578
186 0.0144369068969301
187 0.0125385677595025
188 0.0110667008323884
189 0.00989712592049942
190 0.0089160824855435
191 0.00804361751562764
192 0.00723204283945198
193 0.00647867815247988
194 0.00578767477181627
195 0.00516049975743216
196 0.00459512623371913
197 0.00408364211515065
198 0.00361857602216731
199 0.00319419933629788
200 0.00280891119520182
201 0.0024704600806049
202 0.0021838337872665
203 0.00194985856625342
204 0.00176825382307884
205 0.00164195821857905
206 0.00157488564314588
207 0.00157132906874593
208 0.00163137622330664
209 0.00176000548871602
210 0.00197036784139592
211 0.00228634487764543
212 0.0027488144056509
213 0.00342363494686157
214 0.00441651224521371
215 0.00588070444561459
216 0.00795282748168574
217 0.0107147238956851
218 0.0141088924388559
219 0.0178418032422134
220 0.0214122069424228
221 0.0241368213089294
222 0.0252949139889118
223 0.0245839180061421
224 0.0228180674834693
225 0.020997048873597
226 0.0198900562650683
227 0.0199363014654411
228 0.0208539659815056
229 0.0222214592310422
230 0.0235468328220453
231 0.0242741037649039
232 0.024012769706549
233 0.0225271479156781
234 0.0198934303118805
235 0.0167165619288789
236 0.0135757860337994
237 0.0108246262914619
238 0.00859173675154128
239 0.00682343539484014
240 0.00543833290400101
241 0.00436266468471155
242 0.00353650025790825
243 0.00291997457175441
244 0.00247770523356659
245 0.00218004024232104
246 0.00200011162447103
247 0.00189873985404937
248 0.00184456574803721
249 0.00181356442871552
250 0.0017890500366098
251 0.00177255175941619
252 0.00176989564882472
253 0.00178712100450448
254 0.00183008935351201
255 0.00190210634325125
256 0.00200697748101602
257 0.00215028328698433
258 0.00234130592903756
259 0.00259926266983042
260 0.00295360635073545
261 0.00344572692492401
262 0.00412577054937737
263 0.00506437733592456
264 0.00636546121306381
265 0.00815879948842834
266 0.0104978232959119
267 0.0133113633660374
268 0.0163326310470753
269 0.0191323145669591
270 0.0215061517615199
271 0.0234210580780471
272 0.0249469628059527
273 0.0261966211254677
274 0.0271759675758426
275 0.0278671744400252
276 0.0282631272080083
277 0.0283578767080592
278 0.0281188377097603
279 0.0275162977274497
280 0.0265364684848145
281 0.0251987630272997
282 0.0235924723143008
283 0.0218193381198906
284 0.019970622402395
285 0.0181212640786221
286 0.0163302131310636
287 0.0146409184831665
288 0.0130820818784915
289 0.0116687781005395
290 0.0104066668113571
291 0.00929472094122626
292 0.00830947084138943
293 0.00736844541186544
294 0.00640843332074272
295 0.00540495836138984
296 0.00439121101335447
297 0.0034774907273498
298 0.00272908205128033
299 0.002157936366142
300 0.0017456093885082
301 0.00145868142029922
302 0.00126967914642015
303 0.00116080334502616
304 0.00112224363993501
305 0.00114791954621958
306 0.00124103685834238
307 0.00141662475565107
308 0.00170415865091659
309 0.00214939907323845
310 0.00282538227475525
311 0.00384355031097717
312 0.00535106153369433
313 0.00753177128690868
314 0.0105874845118811
315 0.0146620126535249
316 0.0196202707602998
317 0.0248596543850789
318 0.0292400245372529
319 0.0315354507660578
320 0.0316829678222486
321 0.0303241489497429
322 0.028270863122242
323 0.0261973424116787
324 0.0244200273467736
325 0.0231276689255324
326 0.0224778355007867
327 0.0225617880744575
328 0.023196924242847
329 0.0241425088374299
330 0.0251360270581855
331 0.0259121017117862
332 0.026333929741435
333 0.0263082658650453
334 0.0257301169576203
335 0.0244119235693174
336 0.0222344913975017
