1 0.00612196706990201
2 0.00501207779914956
3 0.00413027666558054
4 0.00343331100643841
5 0.00287537157241716
6 0.00242116783025568
7 0.00204733839558893
8 0.00174264691254419
9 0.00149792547790946
10 0.00130448124013923
11 0.00115465696508572
12 0.00104211865901713
13 0.000962069927939971
14 0.000911374524010673
15 0.000888310211322546
16 0.000891649021514946
17 0.000922082434342521
18 0.000982824574507652
19 0.00107983033213751
20 0.00122149132046183
21 0.00142043356137776
22 0.00169544919563478
23 0.00207246677282985
24 0.0025805837300745
25 0.00325337159240093
26 0.00412753760126016
27 0.00523251065757315
28 0.00655499298335367
29 0.00801765472990791
30 0.0094802392846039
31 0.0108170838360778
32 0.0119130754143908
33 0.0126665542295602
34 0.0130208370140611
35 0.0130235803997413
36 0.0127709528352026
37 0.0123709396778397
38 0.0119216864814409
39 0.0114876495599923
40 0.0111191594089274
41 0.0108605424228322
42 0.0107346251296794
43 0.010690348639276
44 0.0106611284880866
45 0.0105817356988274
46 0.0103926428410541
47 0.0100538450931175
48 0.00953960188694247
49 0.00884031686407883
50 0.00797696786301589
51 0.00702335956364051
52 0.00605413467418613
53 0.00512660809646775
54 0.00428090491875431
55 0.00354440614274365
56 0.00292694597473392
57 0.00242489065305141
58 0.00202687372793175
59 0.00171888349546183
60 0.00148723424172713
61 0.0013193152608494
62 0.00120242939423018
63 0.00112748794373917
64 0.0010891894808977
65 0.00108501207551192
66 0.00111357653157651
67 0.00117591887577039
68 0.00127591763247531
69 0.00142030727580264
70 0.0016181829045085
71 0.00188208708718119
72 0.00222893755116253
73 0.0026803593980085
74 0.00326113826187305
75 0.00399928875546434
76 0.00492480533848565
77 0.00606687324905323
78 0.00745029493567115
79 0.00908874103654537
80 0.0109619862395843
81 0.0129428415805922
82 0.014794589720199
83 0.0161929726145312
84 0.0168484348908562
85 0.0167935747111091
86 0.0162182765303232
87 0.0153481329341893
88 0.0143784056916365
89 0.0134087517590849
90 0.0125029539223104
91 0.0117088676792402
92 0.0110428007373883
93 0.0104442874742601
94 0.00984754383856418
95 0.00920098951141192
96 0.00847970876689534
97 0.00771381892988335
98 0.00694041411540119
99 0.00618895738176419
100 0.0054803747691248
101 0.00482636597173284
102 0.00423309937237825
103 0.00370286251356948
104 0.00323584272620698
105 0.0028327106950218
106 0.00249168758447005
107 0.00220970109450863
108 0.00198533151830943
109 0.0018166164705421
110 0.00170174792193384
111 0.00163942771646879
112 0.00162700188163233
113 0.00166497349161392
114 0.00175862298086683
115 0.00191774617877307
116 0.00215334291285468
117 0.00248126794198226
118 0.00292418108218777
119 0.00350970653286129
120 0.00425782200400181
121 0.00517737535071308
122 0.00625750362547212
123 0.0074658256539483
124 0.0087845659178869
125 0.0101988315173192
126 0.011689394784921
127 0.0132225876766116
128 0.0147090283473184
129 0.0160218533091869
130 0.0170149110838394
131 0.0175769308378237
132 0.0177653101486121
133 0.0177053790134474
134 0.0175088658244458
135 0.0171829172637621
136 0.01671179809968
137 0.0160855373467624
138 0.0152885933680083
139 0.014269137261074
140 0.0129935834483453
141 0.0114695337020573
142 0.00977382589750186
143 0.00808549178346547
144 0.00654593265383349
145 0.00522865669725962
146 0.00415321050242355
147 0.00330264457682283
148 0.00264610120033093
149 0.0021498174732358
150 0.00178041275331528
151 0.00150382372305507
152 0.00129464149607308
153 0.0011352572697335
154 0.0010133508861888
155 0.000920308866475703
156 0.000849996191129144
157 0.000798342792076175
158 0.000763738886639338
159 0.000745685852777875
160 0.000744551032273149
161 0.000761505496977284
162 0.0007979338306373
163 0.000856429142152657
164 0.000941372263991655
165 0.0010590803807674
166 0.00121702347208771
167 0.00142499632235816
168 0.00169595435697236
169 0.00204559683114352
170 0.00248812708613259
171 0.00303524757703702
172 0.00369325649453808
173 0.00446179820743562
174 0.00534490093195343
175 0.00634609751505275
176 0.00746484837730189
177 0.00869395773969977
178 0.0100121469516129
179 0.0113843806826209
180 0.0127623129399867
181 0.0140810030968844
182 0.0152467133342416
183 0.0161507257013295
184 0.016698175042898
185 0.0168655567010645
186 0.0166694773548583
187 0.0161494433605698
188 0.015356803854867
189 0.0143365465083381
190 0.0131387279525263
191 0.0118192326387633
192 0.0104334739846759
193 0.0090283612453067
194 0.00764858408508288
195 0.00633575734498097
196 0.00513315789917168
197 0.00409393330021144
198 0.00324005714679344
199 0.00256518318545071
200 0.00204677104225195
201 0.00165403802762014
202 0.00135960277753086
203 0.00114164598971131
204 0.000983026242097892
205 0.000869714370681286
206 0.000791824236019856
207 0.000742816945551192
208 0.000718275341574325
209 0.000715994279248212
210 0.000735851160704504
211 0.00077959731838614
212 0.000850421408812668
213 0.000953785282090067
214 0.00109821504822847
215 0.00129559866038672
216 0.00155942310757325
217 0.00190585729078349
218 0.00235380825025263
219 0.00292289895721313
220 0.00362723335431724
221 0.00446996956197656
222 0.0054357250364938
223 0.00649003999830221
224 0.00760810494348082
225 0.00876787288558871
226 0.00994604946667567
227 0.0111249125607216
228 0.0123136014415398
229 0.0135413970414198
230 0.0148549576018148
231 0.0162819033079085
232 0.0176898753241679
233 0.0188572510404238
234 0.0195454216229107
235 0.0196133768516105
236 0.018994057901156
237 0.0176939739549963
238 0.0158290047559159
239 0.0136673962843204
240 0.0114671015047524
241 0.00941286932400717
242 0.0076079568293306
243 0.00608142751946824
244 0.0048265849750997
245 0.00381842802278881
246 0.00302325178143703
247 0.00240555907116204
248 0.00193167322906401
249 0.00157198833460884
250 0.00130161414322715
251 0.00109988401513325
252 0.000951162398171746
253 0.000844141356277055
254 0.000770661062851893
255 0.000724337370106255
256 0.000701156375103618
257 0.000699281019334695
258 0.000718660806258339
259 0.00076055614251787
260 0.000828093853721191
261 0.000926542479927599
262 0.00106304261718737
263 0.00124763624263931
264 0.00149426613133065
265 0.00182061083823342
266 0.00224332580170284
267 0.0027770826597226
268 0.00343118371277608
269 0.00420754028757937
270 0.00511245241705721
271 0.00615126790253189
272 0.00732410077562713
273 0.00861714717936219
274 0.00997090027277786
275 0.0112840945625473
276 0.0124215420769977
277 0.0132385057949525
278 0.0136410611339516
279 0.0135810284006517
280 0.0130557480330818
281 0.0121338841177992
282 0.0110023688783022
283 0.0098421452025736
284 0.00875785868210626
285 0.00772597135427613
286 0.00671468871228948
287 0.00571317759771134
288 0.00473952491922472
289 0.00385225824645209
290 0.00308975467868356
291 0.00246307184895184
292 0.00196489394252542
293 0.00157702804419839
294 0.0012798172182158
295 0.00105544073006355
296 0.000888437547836768
297 0.000765073016766832
298 0.000675146013767217
299 0.000611569661092489
300 0.000569507792084037
301 0.000545612745631673
302 0.000538076331112626
303 0.000546538339406348
304 0.000571937224859199
305 0.000616205769560918
306 0.000682876515788767
307 0.000777653311443221
308 0.000909039557878553
309 0.00108895411924375
310 0.00133438034466659
311 0.00166834614361904
312 0.00211666305447756
313 0.0027081966180794
314 0.00347276129874283
315 0.00443452770942122
316 0.00559809132325377
317 0.00693450509452944
318 0.00836676634206819
319 0.00978659153443507
320 0.0111644357438805
321 0.0125289649783392
322 0.0139505040995325
323 0.0155074678720814
324 0.0171532101698305
325 0.0187746049136131
326 0.0202209435973086
327 0.0213156441932909
328 0.0218867599546887
329 0.0217883015753575
330 0.0209301223485864
331 0.0193469502938674
332 0.0172985300985786
333 0.0150698608848777
334 0.012881663642683
335 0.0108698887235285
336 0.00910766438910483
