1 0.000621149879670096
2 0.000584718363949991
3 0.00055538658491762
4 0.000532642069960886
5 0.000515996974572543
6 0.000505105787935275
7 0.000499759907403319
8 0.000499780040098761
9 0.000505123841256986
10 0.000515918682010607
11 0.000532418094827843
12 0.000554855108874192
13 0.000583565286658878
14 0.000619027832587563
15 0.000661808145873483
16 0.000712354227460308
17 0.00077109028253856
18 0.000838422934129361
19 0.000914514233224999
20 0.000998567050051578
21 0.00108900794088228
22 0.00118347712136885
23 0.00127878016494801
24 0.00137109368459363
25 0.00145588070029833
26 0.0015280034457991
27 0.00158190467600823
28 0.00161165102234888
29 0.00161190096926771
30 0.0015801278742513
31 0.00152095412849837
32 0.00144132407907443
33 0.0013482809865592
34 0.00124829535636439
35 0.00114680666804975
36 0.00104811826375287
37 0.000955409152475934
38 0.000870662132447069
39 0.000794425166599616
40 0.000726727107463988
41 0.000667385546204689
42 0.000616027469654762
43 0.000572014048757065
44 0.000534713050967942
45 0.000503577648270773
46 0.000478113077290624
47 0.000457774660652055
48 0.00044211076034887
49 0.000430794188042766
50 0.000423582786709417
51 0.000420226399112806
52 0.000420553125625054
53 0.000424489355217849
54 0.000432026153379154
55 0.000443130389285343
56 0.000457809981886209
57 0.00047610431829314
58 0.000497990326717253
59 0.000523428502789774
60 0.000552366410809343
61 0.000584641744732262
62 0.000619695261114606
63 0.000656702988016054
64 0.000694606825094767
65 0.000732146759250674
66 0.000768047161395676
67 0.000800908459875185
68 0.000829197116896175
69 0.000851695246297039
70 0.000868803459065716
71 0.000881507330365135
72 0.000890950355153717
73 0.00089829575149474
74 0.000904429004766481
75 0.000910183435871018
76 0.000916416053097186
77 0.000923878541062076
78 0.00093282698357046
79 0.000943400418462328
80 0.000955625737137291
81 0.000969031527056899
82 0.000982994586685399
83 0.000996855858575298
84 0.00101016128499896
85 0.00102341581415759
86 0.0010374011011372
87 0.00105294229849204
88 0.00107068763452414
89 0.00109040112104652
90 0.00111159607166722
91 0.00113374887472019
92 0.00115632293522082
93 0.00117886009229001
94 0.00120089768367858
95 0.0012219407203683
96 0.00124164373593664
97 0.00126037325011834
98 0.00127870918233824
99 0.0012972686578184
100 0.00131682578046228
101 0.00133869050269049
102 0.00136438932596357
103 0.00139558231287959
104 0.00143370446169013
105 0.00147870061520212
106 0.00153010793292741
107 0.00158763170371291
108 0.00165183876090738
109 0.00172361358789996
110 0.00180397554435942
111 0.00189393457000577
112 0.00199394053803938
113 0.00210427609448627
114 0.00222518909332087
115 0.00235671888384806
116 0.00249815026798992
117 0.00264828798467243
118 0.00280552326762461
119 0.00296777686896906
120 0.0031324607401787
121 0.00329644586793089
122 0.00345606036282308
123 0.00360641354943394
124 0.00373912768192329
125 0.00384434281814291
126 0.00391189851311233
127 0.00393394251194706
128 0.00391132305012739
129 0.00384821339021176
130 0.0037498892065362
131 0.00362345336287587
132 0.00348050681550213
133 0.00333262445820321
134 0.00318797467728105
135 0.0030464509925635
136 0.00290630956152594
137 0.00276614684938381
138 0.00262524440919482
139 0.00248447041739705
140 0.00234495345079671
141 0.00220768811572247
142 0.00207340642333258
143 0.00194226133495229
144 0.00181432019983102
145 0.00168970065449675
146 0.00156917806912481
147 0.00145566260927359
148 0.00135177879299758
149 0.00125932452720247
150 0.00117937533010809
151 0.00111224636797287
152 0.00105803744027296
153 0.00101687752473355
154 0.00098887844572506
155 0.000973763272581411
156 0.000971520834810905
157 0.000982508612266412
158 0.00100712870589247
159 0.00104621754102434
160 0.00110121273134524
161 0.00117403223295444
162 0.00126645847156766
163 0.00138060749633107
164 0.00151909113803006
165 0.00168450279529795
166 0.00187745998795165
167 0.00209696951377505
168 0.00234017453919665
169 0.00260155219816974
170 0.00287184050017976
171 0.00313782462070347
172 0.00338248873684434
173 0.00358781674537819
174 0.00374321335831252
175 0.00384201909741176
176 0.0038801997950524
177 0.00385699457042118
178 0.00377603261748287
179 0.00364374133402903
180 0.00346830266016957
181 0.00325898938775919
182 0.00302559758869834
183 0.00277762947394478
184 0.00252406652999934
185 0.0022737419203099
186 0.0020337718734522
187 0.00180922137403184
188 0.00160355934007714
189 0.00141946988007354
190 0.00125813375037255
191 0.0011194357123881
192 0.00100215598604784
193 0.000903744365741185
194 0.000821712043887586
195 0.00075395767458449
196 0.00069867506560856
197 0.000654162266141296
198 0.000619037417768118
199 0.000592254723047863
200 0.000572995898925652
201 0.000560461336847156
202 0.000554042235278355
203 0.000553343699753193
204 0.000558122009300292
205 0.000568164914542368
206 0.000583358013392718
207 0.000603610237221032
208 0.000628560526397244
209 0.000657742520709913
210 0.000690609112697203
211 0.000726650388218316
212 0.000765921978487981
213 0.000808645725992877
214 0.000855058283308886
215 0.000905400743887326
216 0.000959882908253072
217 0.00101870318964929
218 0.00108205362431761
219 0.00114978900158071
220 0.00122028043551739
221 0.00129108309282509
222 0.00135919867519229
223 0.00142130551537622
224 0.00147451789896966
225 0.00151604932237925
226 0.00154319148664121
227 0.00155397093565244
228 0.00154874380246393
229 0.00152882462356979
230 0.00149590760441505
231 0.00145170400633177
232 0.00139718344115938
233 0.00133332571893795
234 0.00126146746422286
235 0.00118358367681253
236 0.00110173041232413
237 0.00101783074645281
238 0.000933745439471977
239 0.000851523322365315
240 0.000772859807946787
241 0.000698975932184576
242 0.000630673925402337
243 0.000568410969670078
244 0.000512355360774818
245 0.000462453224710077
246 0.000418448927800415
247 0.000379840592098737
248 0.000346102406284973
249 0.000316746801582942
250 0.000291316766836532
251 0.000269358361892288
252 0.000250469292634575
253 0.000234306774172431
254 0.00022057221592164
255 0.000208982393510212
256 0.000199297037816881
257 0.000191321396312285
258 0.000184895189089973
259 0.000179874247799967
260 0.000176142493438804
261 0.000173608568362446
262 0.000172190318587271
263 0.000171824541390391
264 0.000172468136442964
265 0.000174090328990942
266 0.000176654079919437
267 0.000180129011467397
268 0.000184494039122729
269 0.000189730579248987
270 0.000195806006543613
271 0.000202682226468185
272 0.000210316622365137
273 0.000218645920830634
274 0.000227539960700768
275 0.000236829310471082
276 0.000246313186238068
277 0.000255771777131318
278 0.000265014690159245
279 0.000273844863547346
280 0.000282047034684169
281 0.000289488182762953
282 0.000296430577494283
283 0.00030327289831746
284 0.000310420767793997
285 0.000318179973645972
286 0.000326851668131497
287 0.000336771423238681
288 0.000348303783142757
289 0.000361805368939931
290 0.00037767826738253
291 0.000396401635646299
292 0.000418526142347253
293 0.000444605387669221
294 0.000475284948912079
295 0.000511355321951283
296 0.000553739440488
297 0.000603360048612969
298 0.000661261032293517
299 0.000728670843337202
300 0.000806943153578824
301 0.000897254688189396
302 0.00100071919821778
303 0.00111839419855478
304 0.00125090598459139
305 0.00139719221676498
306 0.00155468676168546
307 0.0017192503301465
308 0.00188496497636386
309 0.00204413047438107
310 0.00218742162804472
311 0.00230577858828001
312 0.00239588245370885
313 0.00245720819203819
314 0.00249064634454624
315 0.00249815254361213
316 0.00248210069156182
317 0.00244539147517023
318 0.00239133694519466
319 0.00232290021616732
320 0.00224103584869166
321 0.00214647448202559
322 0.00204028760975713
323 0.00192431172980091
324 0.00180221380643288
325 0.00167769272775078
326 0.00155389750681835
327 0.00143330415973775
328 0.0013175168339197
329 0.00120766112855967
330 0.00110452242272626
331 0.0010087831371105
332 0.000921516920032641
333 0.000843457873109745
334 0.000774833624010094
335 0.000715320057457479
336 0.00066444495969901
