1 0.000373933292694954
2 0.00038606901642559
3 0.000398915486629569
4 0.000412508027120435
5 0.000426878134928778
6 0.00044205708744459
7 0.000458075387448361
8 0.000474956677645602
9 0.000492722094815158
10 0.000511391652714297
11 0.000530981026489158
12 0.00055149168269113
13 0.000572917395435401
14 0.000595246173153324
15 0.000618455592822977
16 0.000642499093411793
17 0.000667314638219507
18 0.000692827264861482
19 0.000718943347454939
20 0.000745534078150958
21 0.000772446405922208
22 0.000799506769751503
23 0.000826512034523846
24 0.000853201085843027
25 0.000879277878817619
26 0.00090442130313696
27 0.000928314091365601
28 0.000950730292054647
29 0.000971468944988046
30 0.000990336673272331
31 0.00100716586805171
32 0.0010218034291929
33 0.00103410811510229
34 0.00104396915431885
35 0.00105135880102595
36 0.00105628502848642
37 0.00105877452434641
38 0.00105891818085838
39 0.00105700868628461
40 0.0010533960209663
41 0.00104843495283038
42 0.00104246339655369
43 0.00103574951354618
44 0.00102854057161137
45 0.00102107831325052
46 0.00101358880925903
47 0.00100625483314989
48 0.000999244765733676
49 0.000992722418507556
50 0.00098683684988132
51 0.000981691170085333
52 0.000977376844365781
53 0.000973985469710497
54 0.000971601394905053
55 0.000970278023872809
56 0.000970063533269506
57 0.000971001399180827
58 0.000973105851641488
59 0.000976387008579525
60 0.00098085928204908
61 0.000986531146741203
62 0.000993373692303033
63 0.00100135043675657
64 0.00101042699072739
65 0.00102055974011759
66 0.00103166204678404
67 0.00104363419235117
68 0.00105637293322277
69 0.00106975946208822
70 0.00108362409018147
71 0.0010977767741143
72 0.00111201726469093
73 0.00112611924369571
74 0.00113978229780983
75 0.00115267653825339
76 0.00116445943539256
77 0.00117484536072119
78 0.00118381383517593
79 0.00119141790874374
80 0.0011977256516216
81 0.00120284330873784
82 0.00120689105300872
83 0.00120999397833843
84 0.00121228797218157
85 0.00121393970459993
86 0.00121512497563077
87 0.00121602098019646
88 0.00121679557115468
89 0.00121757635695258
90 0.00121848108681306
91 0.00121962788452166
92 0.00122114790932613
93 0.00122322326562729
94 0.00122605043702848
95 0.00122982887081321
96 0.00123474265558031
97 0.00124090236912382
98 0.00124840419152229
99 0.00125735035842531
100 0.00126783411015075
101 0.00127989142018946
102 0.00129354767390931
103 0.001308833512274
104 0.00132576960079063
105 0.00134431912297017
106 0.00136443026047758
107 0.00138603268612961
108 0.00140898199670978
109 0.00143310655112591
110 0.00145822255952026
111 0.00148411198112406
112 0.00151045673674806
113 0.0015368939953811
114 0.0015630353316137
115 0.00158847095902787
116 0.00161278338417964
117 0.00163553876156146
118 0.00165628645984787
119 0.00167458264528121
120 0.00169005453437083
121 0.00170235159045223
122 0.00171113242286433
123 0.00171614302697843
124 0.00171744025509523
125 0.0017151778673975
126 0.00170953153779462
127 0.00170069038461441
128 0.00168883865411059
129 0.00167416828452022
130 0.00165688124494478
131 0.00163717032853921
132 0.00161516878857915
133 0.00159100115732012
134 0.00156480678157917
135 0.00153676079079816
136 0.00150704763627151
137 0.00147585154943966
138 0.0014433745055619
139 0.00140988953733176
140 0.00137567467092106
141 0.0013409910834813
142 0.00130610177194835
143 0.0012713259861448
144 0.00123697235411377
145 0.00120331859153801
146 0.00117059247396295
147 0.00113891725222933
148 0.00110838166005789
149 0.00107906245828436
150 0.0010510149837245
151 0.00102424458349847
152 0.000998743253855814
153 0.000974501310138019
154 0.000951498843256529
155 0.000929680881012741
156 0.000908987207824057
157 0.00088935545546081
158 0.000870703767422417
159 0.000852950235954057
160 0.000836018625250585
161 0.000819827667104272
162 0.000804261576236975
163 0.000789202724696881
164 0.000774541523668337
165 0.000760187388673346
166 0.000746101186650752
167 0.00073225743575726
168 0.000718632266668251
169 0.000705200618876801
170 0.000691928377411865
171 0.000678781246018857
172 0.000665727519504451
173 0.000652742149000299
174 0.000639818410692872
175 0.000626954373267518
176 0.000614148599613756
177 0.000601406159062266
178 0.000588755674346627
179 0.000576229481260343
180 0.000563857397049162
181 0.000551659500454944
182 0.000539625623006841
183 0.000527739449781508
184 0.000515992945663666
185 0.00050440567181432
186 0.000493002039461125
187 0.000481804213130157
188 0.000470836579327483
189 0.000460138178200317
190 0.000449748366291533
191 0.000439702522898004
192 0.00043002910846639
193 0.000420740792324649
194 0.000411845481430576
195 0.000403349903339864
196 0.000395258454604012
197 0.000387569601965849
198 0.000380280350219393
199 0.000373387706607652
200 0.000366887214920325
201 0.000360768599967697
202 0.000355020801896289
203 0.000349633560239058
204 0.000344596350175614
205 0.000339895341650725
206 0.000335516699115026
207 0.000331446608261283
208 0.000327668354038058
209 0.000324165344835433
210 0.000320922019077796
211 0.000317922657755944
212 0.000315148091290886
213 0.000312579020173269
214 0.000310197019254547
215 0.000307983447555453
216 0.000305916442073762
217 0.00030397388976414
218 0.0003021343406096
219 0.000300383571530241
220 0.000298734149222023
221 0.000297204994257507
222 0.000295814735144421
223 0.000294580889617119
224 0.000293517275836795
225 0.000292636863425676
226 0.000291952769206339
227 0.000291477436100149
228 0.000291220002509762
229 0.000291189134059472
230 0.000291394007126741
231 0.000291843630603702
232 0.000292544655810751
233 0.00029350367165705
234 0.000294727241716434
235 0.00029621964106001
236 0.000297985127903442
237 0.000300028720255918
238 0.000302355243369673
239 0.000304966360734607
240 0.000307863390779508
241 0.000311048246980048
242 0.000314522420354517
243 0.000318283873363399
244 0.000322329823632321
245 0.000326657649557783
246 0.000331263652120029
247 0.000336139343049786
248 0.00034127461369334
249 0.000346658747001614
250 0.000352279190442052
251 0.000358117975232914
252 0.000364154641610376
253 0.000370367162201692
254 0.000376729707370417
255 0.000383205936448269
256 0.000389754672687616
257 0.000396331829902324
258 0.000402892618433034
259 0.000409398618709956
260 0.000415811548134489
261 0.000422097685276173
262 0.000428248362772485
263 0.000434261738691604
264 0.000440136448746343
265 0.000445868441938902
266 0.000451441176535176
267 0.000456834572943619
268 0.000462028156973348
269 0.000466999387865261
270 0.000471718364620739
271 0.000476152925142924
272 0.000480270513249782
273 0.000484035102960645
274 0.000487397448618833
275 0.000490304829548763
276 0.000492704678465729
277 0.000494545615633529
278 0.00049577965861763
279 0.000496361106591481
280 0.000496246536609884
281 0.000495404941506886
282 0.000493846765881872
283 0.000491594986368618
284 0.000488683400112942
285 0.000485180317402134
286 0.000481162735565082
287 0.000476707295572621
288 0.000471887538933164
289 0.000466767360767455
290 0.000461407012410819
291 0.000455864865916794
292 0.000450194971226474
293 0.000444440520140649
294 0.000438640707585835
295 0.000432832923181408
296 0.000427050773957335
297 0.000421318439315342
298 0.000415656923058479
299 0.00041008609044588
300 0.00040462316402949
301 0.000399278302622029
302 0.000394059562953186
303 0.000388974516977312
304 0.000384028081226299
305 0.000379216162036646
306 0.000374532662436408
307 0.00036997172936457
308 0.000365529855734578
309 0.000361212012021396
310 0.000357024960434243
311 0.000352980786731052
312 0.000349113434871049
313 0.000345460944136027
314 0.000342059879361039
315 0.000338943582647502
316 0.000336136560800159
317 0.000333661061414971
318 0.000331539378410787
319 0.000329793192759942
320 0.000328441110814081
321 0.000327501772434133
322 0.000326995046994432
323 0.000326941155756647
324 0.000327357492112855
325 0.000328262356885999
326 0.000329676372338711
327 0.000331621604356369
328 0.00033411832616996
329 0.000337188674014879
330 0.000340858062969605
331 0.000345154453777343
332 0.000350105468268496
333 0.00035574162724872
334 0.000362096534762686
335 0.000369203630869393
336 0.000377099646008611
