1 0.0391526750366037
2 0.0548727816440249
3 0.0720484412623315
4 0.0865783909143053
5 0.0968196456571639
6 0.10330467956425
7 0.107398842398621
8 0.109869767695804
9 0.111377292167084
10 0.112656064704726
11 0.114520714536838
12 0.118005548908768
13 0.124335616525645
14 0.135068399259498
15 0.151500555895732
16 0.171554641510477
17 0.19096617233566
18 0.203958498908136
19 0.204892258585731
20 0.191992957868878
21 0.166382185270248
22 0.13175652420603
23 0.0946517585602189
24 0.0630749515286653
25 0.0404062660861739
26 0.0258975653914138
27 0.0171997284459348
28 0.0119568109491604
29 0.00872532151226504
30 0.00670138634580823
31 0.00543939247449218
32 0.00468639148308876
33 0.0043040594031769
34 0.00421538835151667
35 0.00433781818876288
36 0.00460334983366209
37 0.00494469650293585
38 0.00529788947599607
39 0.00566937234762954
40 0.00609168701311135
41 0.00660705792755738
42 0.00728016301334054
43 0.00824006567588808
44 0.00969710227734124
45 0.0120081186160132
46 0.015755465513016
47 0.0216307306987012
48 0.030531878490186
49 0.0435245978994632
50 0.0613760017215447
51 0.0829677079026191
52 0.104213140234862
53 0.118306555207267
54 0.119945677829258
55 0.11361303325615
56 0.106628590919983
57 0.104006358582873
58 0.105298922092452
59 0.109106249033935
60 0.114075878585586
61 0.1191655825085
62 0.125154326200864
63 0.13348716699095
64 0.145972882492501
65 0.163743175197869
66 0.182530671117961
67 0.194863632314713
68 0.192308405862443
69 0.170170874241941
70 0.134466534267845
71 0.0950864127585306
72 0.0605050081893983
73 0.0352248966195602
74 0.0196041501751856
75 0.0109900740455701
76 0.00653836762950875
77 0.00430456841466885
78 0.0031481572622181
79 0.00254225711031264
80 0.00225231996237465
81 0.00217431795332805
82 0.00227129746524869
83 0.00254941078745525
84 0.00303984969563358
85 0.00374024577326884
86 0.004592858087945
87 0.00544429564044761
88 0.00608592206355855
89 0.00651832158648653
90 0.00686278951864708
91 0.00728671195502476
92 0.00800084852206411
93 0.00929927348974136
94 0.0117036306163672
95 0.0163059334947878
96 0.025234109492161
97 0.0405564903278473
98 0.0623090155833528
99 0.0847471275733065
100 0.0974278612364744
101 0.0988482463722027
102 0.0940113443804324
103 0.0889166326053882
104 0.0876556106937019
105 0.0896096652340161
106 0.0932592745692401
107 0.0974464467788869
108 0.102662126848979
109 0.10998344037153
110 0.120793945774584
111 0.13627090831166
112 0.154758455379946
113 0.172719389198366
114 0.185293706309621
115 0.187457081631832
116 0.176625561616967
117 0.152854323478952
118 0.119322158440034
119 0.0829523869705754
120 0.0525508816931451
121 0.0315372157685362
122 0.0187262639322268
123 0.0114506274668568
124 0.00736151044666094
125 0.00505117077420382
126 0.00375266835143708
127 0.00304940415456315
128 0.00269552627306873
129 0.0025675806964096
130 0.00261050694593017
131 0.00280481919367821
132 0.00314732323360113
133 0.00364345997805815
134 0.0042956768794099
135 0.00507955579069199
136 0.00592889837839654
137 0.00672322831736272
138 0.00734244094966328
139 0.00787554236537583
140 0.00852060436892205
141 0.00954883636498866
142 0.0113316097845052
143 0.0143000782683411
144 0.0191812107725333
145 0.0273152620948457
146 0.0408116084365574
147 0.0608361351759088
148 0.0854643541955453
149 0.107522477840183
150 0.117766929590637
151 0.116807249992894
152 0.110581844362982
153 0.105285400509657
154 0.105082099630544
155 0.109284803748821
156 0.116288892913661
157 0.124697212649189
158 0.134276022757778
159 0.145110809078468
160 0.157286478638848
161 0.170412401673696
162 0.181976239655596
163 0.188482228340278
164 0.186367271931074
165 0.173187473835424
166 0.149428132115658
167 0.118103224157175
168 0.0842058428023538
169 0.0538485418240283
170 0.0320187246690081
171 0.018636139129664
172 0.0112020480313339
173 0.00726424677277401
174 0.00510391649672522
175 0.00386129470666318
176 0.00312446936191752
177 0.00269079742687801
178 0.00247293642764491
179 0.00243644711006581
180 0.00258512344835899
181 0.00294848983295038
182 0.0035185970526652
183 0.00424934453822273
184 0.00505895007947707
185 0.00594812889291015
186 0.00696806608782053
187 0.00820485767791385
188 0.0097961341189997
189 0.0119631975043303
190 0.0150720909004476
191 0.0197532291059979
192 0.0269628859157109
193 0.0373672354072682
194 0.0509455668149401
195 0.0663025882283148
196 0.0806473678494642
197 0.0923636907262741
198 0.100968153117344
199 0.106709157394807
200 0.110246392203167
201 0.112053092785852
202 0.112612050443877
203 0.112465475472312
204 0.11241232473094
205 0.114221708001649
206 0.120069679198686
207 0.131914069657119
208 0.148956460019201
209 0.169014214119777
210 0.188703974949672
211 0.203197452922528
212 0.206215156284213
213 0.192246542213358
214 0.15951780706439
215 0.114516015543196
216 0.0725442215344519
217 0.0423648736906818
218 0.0240575469422223
219 0.0139976011877957
220 0.00863937477872962
221 0.00582190173755739
222 0.00440410201774002
223 0.00380585607025759
224 0.00367700110637873
225 0.00384887864298447
226 0.00422953671830821
227 0.00474419458233042
228 0.00535360738536488
229 0.0060108089360364
230 0.00664082521415859
231 0.00716096346090815
232 0.00756174066842031
233 0.00786778464330416
234 0.00813268196370788
235 0.00849014371161544
236 0.00911862463767811
237 0.0102631416726393
238 0.012267094868914
239 0.0154648483423798
240 0.0203178839895992
241 0.0274810211045781
242 0.0377091122117965
243 0.0512822397308578
244 0.0674385941892156
245 0.0838204716212961
246 0.097015425503301
247 0.105587537240012
248 0.109655522068615
249 0.110160263120072
250 0.108621610251168
251 0.107266340449364
252 0.10841328499975
253 0.11457304297868
254 0.128080851217627
255 0.147804984588499
256 0.170543940579581
257 0.191102666527353
258 0.203580540188931
259 0.206066595656399
260 0.198751894675905
261 0.182225439042502
262 0.155907416300041
263 0.12133016442366
264 0.0834146654291064
265 0.0498731667614609
266 0.0272251255333626
267 0.0145816944622437
268 0.0082542286058764
269 0.00524000514179503
270 0.00373693669944417
271 0.0029539766978733
272 0.00255261098236674
273 0.00237898702924897
274 0.00236438617953618
275 0.00247902739660236
276 0.00271262641168163
277 0.0030666287240049
278 0.00355596056729204
279 0.00420193289184446
280 0.00502700233944396
281 0.00605387990441571
282 0.00731842111757808
283 0.00886291951337007
284 0.010767684352366
285 0.0133233138475276
286 0.0170997605678255
287 0.0231722911035262
288 0.0333051661188095
289 0.0485467211813831
290 0.0679071180811927
291 0.086612887395005
292 0.0977138009290063
293 0.100885378383021
294 0.0999275372405955
295 0.0994445582730359
296 0.103021288441085
297 0.110280275336479
298 0.119794246382678
299 0.129746035448411
300 0.13832371805682
301 0.145695141378849
302 0.152756462974812
303 0.160586826101867
304 0.169991413092951
305 0.179988306486747
306 0.188899231053733
307 0.194812392427575
308 0.194787091892018
309 0.182536928739811
310 0.153567642892239
311 0.111820669550199
312 0.0720573854603201
313 0.0431424093645069
314 0.0254373622161658
315 0.0155499044139376
316 0.00996234602329232
317 0.00668243910645912
318 0.00468342018073419
319 0.00342872378880615
320 0.00264473533919267
321 0.00217266575249785
322 0.00192138983593104
323 0.00184166644249984
324 0.00189691942184248
325 0.00207356282059593
326 0.002375725024474
327 0.00281896868843635
328 0.00343017025611493
329 0.00424048906432846
330 0.00527638558573178
331 0.00657220432854346
332 0.00827731790534854
333 0.0106868444895262
334 0.0142743557388879
335 0.0195537689802186
336 0.0271094385773988
