1 0.0016229797414985
2 0.00138234247788051
3 0.00121156349081219
4 0.0010941757724573
5 0.00101845105601697
6 0.000976979864409223
7 0.000965344317431742
8 0.000979959179458912
9 0.00101887270068188
10 0.0010816195034894
11 0.00116849812632441
12 0.00127919778760034
13 0.00141273678631183
14 0.00156695635873985
15 0.00174031979189216
16 0.00194117071349962
17 0.0021841910606317
18 0.00249021455855384
19 0.00288464514200575
20 0.00338153234241437
21 0.00398863405435137
22 0.00470707570165885
23 0.00552719068297247
24 0.00642706712555214
25 0.00736701224030878
26 0.00828637149073768
27 0.00912265908344008
28 0.0098827854118233
29 0.0106121283525212
30 0.0113614714954309
31 0.0121302377498303
32 0.0129000105897669
33 0.0136484080738803
34 0.0143311160591697
35 0.0148222874227649
36 0.0149682549100142
37 0.0146293523191603
38 0.0137451750757258
39 0.0124355561937629
40 0.0108741675721143
41 0.00922514775404835
42 0.00762913280235101
43 0.00620491994575992
44 0.00501249083115883
45 0.00406206064294798
46 0.00332859561203417
47 0.00275743433342818
48 0.00230406176914339
49 0.00193747987632505
50 0.00163719746852146
51 0.00139282166886995
52 0.00119616552598452
53 0.00103982139955874
54 0.00091753337693313
55 0.000824556094427283
56 0.000757263278534662
57 0.000712878812548966
58 0.000688849357537919
59 0.000683896853284526
60 0.000698284074286568
61 0.000733720307916238
62 0.000792915268796451
63 0.000880493036141003
64 0.00100376458291859
65 0.0011731477034959
66 0.00140125674389621
67 0.00170435551241914
68 0.0021033490042143
69 0.00262162248449502
70 0.00327201764360107
71 0.00405044754395644
72 0.00492605398998353
73 0.00584069404302679
74 0.00674807962146125
75 0.00760688977717622
76 0.00837732489190236
77 0.00903442669282047
78 0.00960470620302761
79 0.0101439292756834
80 0.0107005053547274
81 0.0112302955588433
82 0.0116541059960601
83 0.0118845659071219
84 0.011849523294755
85 0.0115438092870819
86 0.0109930852060839
87 0.0102375788063075
88 0.00932982801001086
89 0.00833455621610942
90 0.00731258987360711
91 0.00631381953612298
92 0.0053743392861323
93 0.00451483425594464
94 0.0037466199591023
95 0.00307410622219719
96 0.00249914535611147
97 0.00202679894309552
98 0.00165289034574807
99 0.00136635117412599
100 0.00115288224025742
101 0.00099568428595888
102 0.000881714313763219
103 0.000801968567994409
104 0.000750368871145309
105 0.000722759395894716
106 0.000717032952766212
107 0.000732834122803911
108 0.000770850316134246
109 0.000833448322651805
110 0.000925075311166593
111 0.00105220199540681
112 0.00122189811161607
113 0.0014426582871742
114 0.00172449787477924
115 0.0020781014777139
116 0.00251267393519236
117 0.00303381545559239
118 0.00364038315062682
119 0.00432341297817809
120 0.00507472951913756
121 0.00588279976216424
122 0.00673009650885019
123 0.00759757256274068
124 0.00848323858522968
125 0.00939641636630358
126 0.0103550749313199
127 0.0113709271384151
128 0.0123910203712843
129 0.013326057151227
130 0.0140670597701357
131 0.0144961683843661
132 0.0145058087572962
133 0.0140203649239844
134 0.0130406196853599
135 0.0117068001092363
136 0.0101901905004862
137 0.00864058973752753
138 0.00717097954069251
139 0.00585427519941334
140 0.00472560246496711
141 0.003791168752376
142 0.0030390211342009
143 0.0024485290159294
144 0.00199488641997792
145 0.00165349464729278
146 0.00140191454430587
147 0.00121946236391922
148 0.00109085764092758
149 0.00100587281700303
150 0.000957825862011809
151 0.000941629179606054
152 0.000954938745230213
153 0.000998216061125326
154 0.00107437554186279
155 0.00118799464502048
156 0.00134623787896871
157 0.00155829360922202
158 0.00183049763188329
159 0.00216623174912627
160 0.00256378852679192
161 0.00301627967005055
162 0.00352380057071689
163 0.00408866205923561
164 0.00471260895316606
165 0.00539381907882841
166 0.00611489113825727
167 0.00684556872761478
168 0.00754457393207365
169 0.00816860545636536
170 0.00870257077389531
171 0.00914602604979323
172 0.00950600472329312
173 0.00980317613374989
174 0.0100943240750149
175 0.0104518671804676
176 0.0109591386684574
177 0.0116785499346517
178 0.0125211133237616
179 0.0133253107688127
180 0.0138883097210183
181 0.0140171805988994
182 0.0136629138267828
183 0.0128541559501606
184 0.0116776520089146
185 0.0102928678279233
186 0.00885359918355272
187 0.00747578051780336
188 0.00623133311004418
189 0.00514995829210125
190 0.00423750430289046
191 0.00348571428848496
192 0.00287779326343646
193 0.00239215770402699
194 0.00200804796132046
195 0.00170727277601321
196 0.00147377710930198
197 0.00129205140223609
198 0.00115008601190585
199 0.00103911934306981
200 0.00095320189745604
201 0.000889739658870752
202 0.000847407346779316
203 0.000825781171191375
204 0.000825253370233439
205 0.000846295668221634
206 0.000890729699093046
207 0.000961910772816159
208 0.00106356805365604
209 0.00120091854436276
210 0.00138119450878921
211 0.00161388154877855
212 0.00191107732040004
213 0.00228768336274424
214 0.00276149720479141
215 0.00335116210483155
216 0.00406657967241643
217 0.00490550602734357
218 0.00584796023302608
219 0.00685561541289996
220 0.00789353666048507
221 0.00892370133954678
222 0.00990225999519488
223 0.0107801909588564
224 0.0114995254954732
225 0.0120024554794396
226 0.0122396404230252
227 0.0121775667370793
228 0.0118059643872239
229 0.0111392670096766
230 0.0102159883628881
231 0.00910477474993762
232 0.00791629582974331
233 0.00674836892544594
234 0.00566659074382816
235 0.00470240715044928
236 0.00386793805996561
237 0.00316293762108187
238 0.00257912337573228
239 0.00210397636534795
240 0.00172281546506824
241 0.00142071783039275
242 0.00118393841489057
243 0.0010007856182851
244 0.000861431742596023
245 0.000757957635259682
246 0.000684019877736267
247 0.0006339669372446
248 0.000603937470934396
249 0.000591830634971454
250 0.000596945557063341
251 0.000619518051000714
252 0.000661156721077876
253 0.000725161265243842
254 0.000816676236744222
255 0.000942292961726417
256 0.00111105326324572
257 0.00133532647347021
258 0.00163053868705713
259 0.00201069365619782
260 0.00248720205789375
261 0.00306645257621144
262 0.00374840970178777
263 0.00452066924377762
264 0.00535267021213779
265 0.0061979218563691
266 0.00701791771647484
267 0.00777778218390133
268 0.00844474413389221
269 0.00900001894895982
270 0.00947225982700407
271 0.00991481046090233
272 0.010394350392256
273 0.0109642635800886
274 0.0115755568887321
275 0.0121376299825689
276 0.0125433086006411
277 0.0126893371133414
278 0.0125280082018736
279 0.0120448592357406
280 0.0112524312441317
281 0.0101986109192292
282 0.00897759335458334
283 0.00768895784306091
284 0.00642260091497344
285 0.0052584268165921
286 0.00424385418788469
287 0.00339544409954817
288 0.00270912383776585
289 0.00217001147713584
290 0.00175706312812918
291 0.00144809341765717
292 0.0012220677693195
293 0.00105863562537236
294 0.000942812458241298
295 0.000864578910953926
296 0.000817382080235816
297 0.00079671564590052
298 0.000800431442673099
299 0.000828650334373702
300 0.000883282628131765
301 0.000966609687964083
302 0.00108227778224579
303 0.00123559127799859
304 0.00143397623362581
305 0.0016892937299757
306 0.00201789565636378
307 0.00244148710693004
308 0.00298668837779422
309 0.00367684609155364
310 0.00453076088735571
311 0.00555424469052984
312 0.00671323332177537
313 0.00792301661969889
314 0.0090432649669203
315 0.00991953077686705
316 0.0105265808522071
317 0.010914527653418
318 0.0111665859479935
319 0.0113706698189706
320 0.0115687484868814
321 0.011792032303832
322 0.0120742187755733
323 0.0124230090730079
324 0.0127256822837237
325 0.0128286439789806
326 0.0125800951163713
327 0.0118836369979917
328 0.0107887823422674
329 0.00940904304355147
330 0.00787865137480038
331 0.00634876985159315
332 0.00499038736325409
333 0.00388973902695117
334 0.00305060519628299
335 0.00242415518951325
336 0.00196173468188989
