1 7.99732788799353e-05
2 7.6109228244885e-05
3 7.4114163899088e-05
4 7.38704597774502e-05
5 7.53710676455575e-05
6 7.87303974461129e-05
7 8.41976399690953e-05
8 9.21717115593557e-05
9 0.000103260048471079
10 0.000118358782923066
11 0.000138761768606159
12 0.000166300269043629
13 0.00020360734082807
14 0.000254503826304901
15 0.000324493517235095
16 0.000421202042321382
17 0.000555387749857323
18 0.000742284188391464
19 0.00100310791225378
20 0.00136592392948066
21 0.00186720640195786
22 0.00255285699128997
23 0.00346788287920263
24 0.00459708660801622
25 0.00582445891286509
26 0.00690895450536641
27 0.00754918205748158
28 0.0076060305449407
29 0.00710306852804917
30 0.00619466978981041
31 0.00513213377726901
32 0.00411891601129214
33 0.00326596279569056
34 0.00260134021197587
35 0.00208997959715
36 0.001695460483517
37 0.00139018279876814
38 0.00115236156186235
39 0.000962865831171358
40 0.000807954335152176
41 0.000678318749165989
42 0.000568341369102506
43 0.000476324053580081
44 0.00040070521433497
45 0.000339537946863599
46 0.00029073978729134
47 0.000252166110786173
48 0.000221997725539324
49 0.000198793952572976
50 0.000181425718891986
51 0.000168975556423234
52 0.000160805723962338
53 0.000156550632534853
54 0.000156086387527332
55 0.00015949454786403
56 0.000167135626604045
57 0.000179706530148833
58 0.000198285026786611
59 0.000224524739737834
60 0.000260917567738346
61 0.00031112257572258
62 0.000380281286348409
63 0.000475868401071114
64 0.000608890205748277
65 0.000795362611180389
66 0.001057411085886
67 0.00142591613093283
68 0.001943700034716
69 0.00266466791852663
70 0.00363138567091118
71 0.00485458733699784
72 0.00628268493915161
73 0.00776947487715196
74 0.00906616195405485
75 0.00985912196874026
76 0.00986777444640983
77 0.00904085982257943
78 0.0077608149246302
79 0.00643517187704979
80 0.00529170534458748
81 0.00435442005907012
82 0.00360246782543028
83 0.00301052921003927
84 0.00254764531675614
85 0.00216937991881468
86 0.00184295634513194
87 0.00154865190720948
88 0.00127927523151196
89 0.00104235404264821
90 0.000842596197339621
91 0.000679658570606527
92 0.000549956999735324
93 0.000447888646271867
94 0.000368159020830655
95 0.000306298762811635
96 0.000258598146028667
97 0.000221934852316413
98 0.000193910250350742
99 0.000172745257365696
100 0.000157123468687636
101 0.000146043983218066
102 0.00013882147650037
103 0.000135046272107247
104 0.000134538692368428
105 0.000137305850808668
106 0.000143585253475066
107 0.000153877826563814
108 0.000168971477172834
109 0.0001900694544875
110 0.000218959095102697
111 0.000258210574505352
112 0.000311335701483815
113 0.000383291663436326
114 0.000481145172730168
115 0.000614840063852138
116 0.000797724081383878
117 0.00104786274768126
118 0.00138954038933455
119 0.00185230935169519
120 0.00245827632153781
121 0.00321246393808881
122 0.00408851324594776
123 0.00501726639478412
124 0.00589983823887265
125 0.00661300330101248
126 0.00702845577521318
127 0.00705770552173356
128 0.0067168466572396
129 0.00608741829572911
130 0.00527864030364501
131 0.00440210651097758
132 0.00355450478260777
133 0.00279896139032086
134 0.00216469652343941
135 0.00165527404236433
136 0.00125968340083882
137 0.000960329359207092
138 0.000737701050801509
139 0.000572683058080782
140 0.000450274297344605
141 0.000359353870098625
142 0.000291671857964094
143 0.000240994691716461
144 0.000202846070346632
145 0.000174051093084522
146 0.000152330691894581
147 0.000135996514907548
148 0.000123843106603802
149 0.000115025312875982
150 0.000108950458975328
151 0.000105188058785049
152 0.000103456069106582
153 0.000103597202680856
154 0.000105552470097749
155 0.00010933135475411
156 0.000115021781524879
157 0.000122783059440181
158 0.00013280898696457
159 0.000145350216136803
160 0.000160720631024877
161 0.000179282976426615
162 0.00020140149322397
163 0.000227437725129249
164 0.000257726153364358
165 0.000292410769771913
166 0.000330903002908815
167 0.000371909318213919
168 0.000413389344390483
169 0.000452846274880848
170 0.000488652581948339
171 0.000519543919973776
172 0.000544417065802377
173 0.000562764963413095
174 0.000575893123327655
175 0.000585859650732179
176 0.000594975882509672
177 0.000605339738015206
178 0.000617624146149963
179 0.00063216234137835
180 0.000649331155920132
181 0.000669237978728331
182 0.000690673850002283
183 0.000711925393005833
184 0.000731113261495269
185 0.000746376318615212
186 0.000755817657560355
187 0.00075757419701621
188 0.000750687153371766
189 0.000737310425682108
190 0.00072035250466947
191 0.000702568800963295
192 0.000686028302607551
193 0.000670845537998755
194 0.0006566934827016
195 0.000643272332717424
196 0.000629917651640963
197 0.000614502751799406
198 0.00059476001148518
199 0.000568805944201331
200 0.000535909746070688
201 0.00049810688817916
202 0.000457856608565331
203 0.000417239409796199
204 0.000377987200488778
205 0.000341702423184502
206 0.00030949648942811
207 0.000281909237092558
208 0.000258835637993847
209 0.00024003071021471
210 0.000225270485736471
211 0.000214359869137367
212 0.000207086650101393
213 0.000203347121236096
214 0.00020319315171471
215 0.000206825335728178
216 0.000214527830771873
217 0.000226798961428304
218 0.000244437679568231
219 0.000268592328445119
220 0.000300741053033675
221 0.000342907700534814
222 0.000397885932977852
223 0.000469329920177628
224 0.00056130548333787
225 0.000678601662692187
226 0.000826833358304561
227 0.00101210116077906
228 0.00123976579506081
229 0.00151354594411043
230 0.00183410232840664
231 0.00219805899825544
232 0.00260009315038323
233 0.00303111321725388
234 0.0034723332390046
235 0.00387644839736223
236 0.00417680306356469
237 0.00430187249065537
238 0.00420760505383254
239 0.00393156792730851
240 0.00354154247103043
241 0.0031035464059625
242 0.00266983915316862
243 0.00227453955838123
244 0.00193590252290151
245 0.00166058143468888
246 0.00144551999022976
247 0.00127627876258182
248 0.00114021093416916
249 0.00102825827843129
250 0.000934206696894114
251 0.000854882728908558
252 0.000788097664514658
253 0.000732066303963336
254 0.000685662816549333
255 0.000649199136134447
256 0.000623269552283774
257 0.000608594421685758
258 0.000605912163483217
259 0.000615184667688473
260 0.000636725048236974
261 0.000671262556619992
262 0.000718951067357155
263 0.000779923858754801
264 0.000854339668805153
265 0.000941963253406429
266 0.00104121833220954
267 0.00114908986767705
268 0.00126087244213822
269 0.00137086638383618
270 0.00147580803504561
271 0.00157318501750115
272 0.00166053989685768
273 0.00173580728748237
274 0.00179818522264763
275 0.00184758604430918
276 0.00188438076090596
277 0.00190869622400562
278 0.00191838685186048
279 0.00191094379100519
280 0.00188431243275267
281 0.00183718666198156
282 0.00176944292642007
283 0.00168194323877885
284 0.0015767889493913
285 0.00145804171477524
286 0.0013302548748653
287 0.00119785081594754
288 0.00106564012743033
289 0.000940168083938148
290 0.000826300759333931
291 0.000726708213313346
292 0.000642389367823737
293 0.000573165177210284
294 0.000518329917751522
295 0.000477067336374211
296 0.000448539858566717
297 0.000431586652961756
298 0.000425575986822524
299 0.000430650122355765
300 0.000447702970277009
301 0.00047817571573305
302 0.000524583518752851
303 0.000590973666923601
304 0.000683188069580952
305 0.000808365907249803
306 0.000975985727997336
307 0.00119871932366625
308 0.00149211947464943
309 0.00187021572061091
310 0.0023435662085483
311 0.00291110781808683
312 0.00353459686586214
313 0.00413089635140105
314 0.00457626955944571
315 0.00474923287408737
316 0.00462794400776076
317 0.00425918154602011
318 0.00372343297718341
319 0.00311185820265678
320 0.00250871065298196
321 0.0019698004393178
322 0.00152101744616769
323 0.00116521025476126
324 0.000890205687027336
325 0.000681176612772202
326 0.000524299298985174
327 0.000407503914625622
328 0.000320527927685407
329 0.000255591113401398
330 0.000206983014496997
331 0.000170506993896486
332 0.0001430422810492
333 0.000122333114824044
334 0.000106755913047603
335 9.51246577409782e-05
336 8.65966138335282e-05
