1 2.1738933233647e-05
2 1.97516982831268e-05
3 1.85319719423942e-05
4 1.79678549742675e-05
5 1.80132594151075e-05
6 1.86837175656883e-05
7 2.00606053834307e-05
8 2.23046268882661e-05
9 2.56896314116975e-05
10 3.06601650164911e-05
11 3.79273809070636e-05
12 4.86257812903963e-05
13 6.46034124047337e-05
14 8.89321256757167e-05
15 0.000126801676057346
16 0.00018704384485372
17 0.000285043119583777
18 0.000448144246205554
19 0.000725041078028796
20 0.00119863945223303
21 0.00200830626498406
22 0.00338206573934403
23 0.00564699013461353
24 0.00903092684403654
25 0.0132998524745097
26 0.0173564769839286
27 0.0195039362189718
28 0.0190037574310218
29 0.0162954680073309
30 0.0125276327331754
31 0.0089532772037754
32 0.00619942116742411
33 0.00433677335373437
34 0.00317699246059251
35 0.00246408071365607
36 0.00203274603606203
37 0.00179171298898715
38 0.00168515944527424
39 0.00165023489249539
40 0.00163230790595965
41 0.00158207466155298
42 0.00146612449852325
43 0.00129755307028749
44 0.00110183397003559
45 0.000901926984464186
46 0.000715932485642517
47 0.00055719651007563
48 0.000430453210054131
49 0.000334174336170183
50 0.000263525638899415
51 0.000212051918651798
52 0.00017463074585585
53 0.000147620733653537
54 0.000128459426004003
55 0.000115356293295085
56 0.00010715022177722
57 0.00010316312059376
58 0.00010305589559187
59 0.000106895386288679
60 0.000115213507876006
61 0.000129087421911542
62 0.000150213091692929
63 0.00018131728211731
64 0.0002267470775015
65 0.00029330723253893
66 0.000391262806166733
67 0.000536423563740958
68 0.000753295894228026
69 0.00107711269441884
70 0.00154315589072127
71 0.00217435889680585
72 0.00295774462655754
73 0.00382131619446998
74 0.00465409878929268
75 0.00531548607236728
76 0.00566305149458645
77 0.00562181934052988
78 0.00528201625556672
79 0.00479076168930421
80 0.00426106148807278
81 0.00371457875591849
82 0.00315923529809936
83 0.00260936193395997
84 0.00208634538575524
85 0.00161900174692789
86 0.00122420991752616
87 0.000905640669237598
88 0.000658674758765066
89 0.000474931172684591
90 0.000342643002784784
91 0.000249638606748464
92 0.000185145516287833
93 0.00014021149703744
94 0.000108623948319202
95 8.62463500976594e-05
96 7.0309353106181e-05
97 5.89465473214528e-05
98 5.09066973538134e-05
99 4.53587374490272e-05
100 4.17584274879578e-05
101 3.97530400277247e-05
102 3.91575022633386e-05
103 3.99349709271672e-05
104 4.21928247978763e-05
105 4.61992527419105e-05
106 5.24426247996318e-05
107 6.17245327235165e-05
108 7.52907235729066e-05
109 9.51152968750219e-05
110 0.000124365222299553
111 0.000168165057531449
112 0.000234826834369103
113 0.00033810714070905
114 0.000501153810258104
115 0.000762141924460667
116 0.00117678160582704
117 0.00182229181050487
118 0.00279550422296236
119 0.00418845236830637
120 0.00599728885331097
121 0.00801641606715327
122 0.0097737867059233
123 0.0107152664314908
124 0.0107820420719551
125 0.0102503524255599
126 0.00947681622744073
127 0.00871315108279982
128 0.00793496388452854
129 0.0070821612309504
130 0.00612938299070221
131 0.00509256011021693
132 0.00403137584152756
133 0.0030197347796984
134 0.00213526214066852
135 0.00144793714560473
136 0.000960974680189578
137 0.000637093346467396
138 0.000429267316373698
139 0.000295345532436372
140 0.000207818420784368
141 0.000149781210168813
142 0.000110750607862777
143 8.41714015838287e-05
144 6.58803347504319e-05
145 5.32062102465898e-05
146 4.44141258523428e-05
147 3.83485055516044e-05
148 3.42653584331161e-05
149 3.16995049618585e-05
150 3.0375664374578e-05
151 3.01550973617467e-05
152 3.10182849306978e-05
153 3.30641471325171e-05
154 3.65281657799856e-05
155 4.18244704014256e-05
156 4.96311309260227e-05
157 6.10210823120144e-05
158 7.76347436648347e-05
159 0.000102052310484483
160 0.000138394684797705
161 0.000193350071420935
162 0.000278057925116319
163 0.000411326631457961
164 0.000625442979406155
165 0.000973643674309999
166 0.00152548759571045
167 0.00235710004631601
168 0.0035195179422599
169 0.00497557825140653
170 0.00652042276023246
171 0.00775510755175027
172 0.00819644452789375
173 0.00759909090465047
174 0.00630430095819473
175 0.00481341750406196
176 0.00347919995568973
177 0.00244037241436395
178 0.00167769424865463
179 0.00113755686389261
180 0.000765527571401416
181 0.000514617054268285
182 0.000348094797968522
183 0.000238692549257139
184 0.00016699849759045
185 0.000119508821091166
186 8.76092840371739e-05
187 6.58886716965896e-05
188 5.0908977303306e-05
189 4.04553440801247e-05
190 3.30975327885939e-05
191 2.79057442519366e-05
192 2.42700847878431e-05
193 2.17859245020513e-05
194 2.01937263288825e-05
195 1.93375486331792e-05
196 1.91390540050165e-05
197 1.95833488837546e-05
198 2.07202579782637e-05
199 2.26745818486934e-05
200 2.56680864934272e-05
201 3.00574212826933e-05
202 3.64072411314275e-05
203 4.56116010179168e-05
204 5.90903100513056e-05
205 7.90908176009466e-05
206 0.000109256682622277
207 0.000155607184292116
208 0.000228264200009682
209 0.00034454144228571
210 0.00053456933032838
211 0.000849846489259086
212 0.00136803691920141
213 0.0021987199299158
214 0.00347887194439402
215 0.00532449956227564
216 0.00764009111659002
217 0.00993037747514308
218 0.0113012291832262
219 0.0110225849419707
220 0.009479263917282
221 0.00748644075573435
222 0.00565656211795427
223 0.00423776420854822
224 0.00319224517021528
225 0.00243848981916707
226 0.00190500598337627
227 0.00152923201258531
228 0.00124847882340335
229 0.00102213619650925
230 0.000827441673134766
231 0.000655533897681367
232 0.00051075906251484
233 0.000394810104041507
234 0.000305232576072331
235 0.0002373456852297
236 0.000186554742442142
237 0.000148960834169442
238 0.000121382897279506
239 0.000101225945767581
240 8.65997959181524e-05
241 7.6185806464287e-05
242 6.90775988008142e-05
243 6.4656161266044e-05
244 6.25645084490084e-05
245 6.26797721653644e-05
246 6.50964625541832e-05
247 7.01167504404385e-05
248 7.83497995554757e-05
249 9.08495602051651e-05
250 0.000109336704553347
251 0.000136567231116375
252 0.000177017162510058
253 0.000238079662026388
254 0.000331828020120111
255 0.00047645646772418
256 0.000699813469438933
257 0.00104403131944823
258 0.00157197971107091
259 0.00238046041809085
260 0.00361516680828523
261 0.00546652247735884
262 0.00803062281613142
263 0.0111380059850078
264 0.0141789814461451
265 0.0162131381568038
266 0.0166990481846965
267 0.0156242188877828
268 0.0133869664805757
269 0.0105920734392509
270 0.00782130796050884
271 0.00545114954386663
272 0.00362760269177467
273 0.00233291156484767
274 0.00146940734351972
275 0.00091900608713655
276 0.000578611300780363
277 0.000371050180713278
278 0.000243262225470291
279 0.000163327402229948
280 0.000112493159539421
281 7.96119398214566e-05
282 5.79664970697009e-05
283 4.34758994065529e-05
284 3.36248562081099e-05
285 2.68317926234758e-05
286 2.21001680247514e-05
287 1.8796508281171e-05
288 1.65141385039011e-05
289 1.49907339323948e-05
290 1.40621454383577e-05
291 1.3633753744131e-05
292 1.36638480041572e-05
293 1.41554375988381e-05
294 1.51582950045422e-05
295 1.67779247182618e-05
296 1.91934539610826e-05
297 2.26876642526695e-05
298 2.77028870074885e-05
299 3.4932976664735e-05
300 4.54739276452286e-05
301 6.1066652663285e-05
302 8.45323564414147e-05
303 0.000120525984508478
304 0.000176809805270746
305 0.000266257619492685
306 0.000410520517925658
307 0.000646346393944632
308 0.00103492509060173
309 0.00166851460386816
310 0.00267757611425578
311 0.00420996467498217
312 0.00627551019029023
313 0.00854749045772629
314 0.0102571659786795
315 0.0105835353759784
316 0.00960527384372352
317 0.00793414437137498
318 0.00617223470998987
319 0.00465472939009288
320 0.00342717763302593
321 0.0024676171991599
322 0.0017403340938212
323 0.00120543581091977
324 0.000825392242989734
325 0.000562932263957221
326 0.000385304418667047
327 0.000266471358316593
328 0.000186916314563885
329 0.000133388881456714
330 9.71385156393118e-05
331 7.23876947282878e-05
332 5.52916259762386e-05
333 4.33485201211548e-05
334 3.49287263579085e-05
335 2.89571954390486e-05
336 2.47253100063028e-05
