1 0.000993304353810984
2 0.000887546840592652
3 0.000800874594908561
4 0.000731559678294128
5 0.000677238643569135
6 0.000635911492350857
7 0.000606070972980926
8 0.000586465432826968
9 0.00057627053607198
10 0.000575106421366011
11 0.000582905229192092
12 0.000599564400830216
13 0.000625229569998987
14 0.00066036866110656
15 0.000705652518459104
16 0.000761578026360603
17 0.000828619945817201
18 0.0009072192263018
19 0.00099725435130951
20 0.00109634577749241
21 0.00120024872069953
22 0.00130290281318633
23 0.0013974500454533
24 0.00148024484495239
25 0.00154890177795908
26 0.00160150062989093
27 0.00163760785209742
28 0.00166121842571565
29 0.00167794914116649
30 0.00169328822903783
31 0.00171081453046436
32 0.00173371836830505
33 0.0017653925790933
34 0.0018087440751389
35 0.001863725907217
36 0.00192954359984027
37 0.00200536456881704
38 0.00208841094160252
39 0.00216778828746867
40 0.00222900128358889
41 0.00225637406218524
42 0.00223698088560975
43 0.00216930133385607
44 0.00205715553350221
45 0.00190715499922151
46 0.00172994252444264
47 0.00154332066870448
48 0.00136266002722863
49 0.00119827346292543
50 0.00105537128552161
51 0.000933742601680912
52 0.000831812158497786
53 0.00074783061753788
54 0.000680022588767646
55 0.000626587740112269
56 0.000586048588698865
57 0.000557264432214334
58 0.000539213312976175
59 0.000531318704356561
60 0.000533541522101691
61 0.000546327002488652
62 0.000570399409418431
63 0.000607081938238092
64 0.000658501755425027
65 0.000727678134068489
66 0.000818378991389908
67 0.000935608309946232
68 0.00108604815286697
69 0.00127797526961291
70 0.00151938544576336
71 0.00181824370163091
72 0.0021819337416265
73 0.0026155863872731
74 0.00311910263684981
75 0.00368456999191499
76 0.00429347156528882
77 0.00491797688347907
78 0.00553461377509748
79 0.0061206415593182
80 0.00664878147765667
81 0.00707476752627445
82 0.00734916389300037
83 0.00742758734635093
84 0.00728340425892352
85 0.00692727883154659
86 0.0063923354277094
87 0.00572461713273915
88 0.00498185454054662
89 0.00423604468696769
90 0.00354226443840795
91 0.00293216706978556
92 0.00241744643493068
93 0.00199424103942425
94 0.0016530037865499
95 0.001382512092124
96 0.00117111285465301
97 0.00100681095705121
98 0.000879857499023659
99 0.000782864829414579
100 0.000710183016739327
101 0.000657175363237514
102 0.000620501150762893
103 0.000597966108988859
104 0.000588219175063339
105 0.000590367140469738
106 0.000604158722155585
107 0.000629928124569419
108 0.000668293140376804
109 0.000720350412260914
110 0.00078774548509184
111 0.000872457377715479
112 0.000975923698261136
113 0.00109922017663099
114 0.00124289592729581
115 0.00140620762606116
116 0.00158528891938048
117 0.00177292990905761
118 0.0019583049777891
119 0.00212819903344056
120 0.0022721855128459
121 0.00238114538407961
122 0.00244708514436631
123 0.0024651803577728
124 0.00243793598515718
125 0.00237144018645505
126 0.00227331678154851
127 0.00215161266783638
128 0.00201349901917139
129 0.0018655464065367
130 0.00171361169473383
131 0.00156287468760357
132 0.00141830869286075
133 0.00128366351143353
134 0.00116079742326119
135 0.0010486813166781
136 0.000945934110894237
137 0.000851445372760745
138 0.000764613604551514
139 0.000685926773573142
140 0.0006157266415321
141 0.000553983344226812
142 0.000500425981303274
143 0.000454673428758667
144 0.000416264820222489
145 0.000384719399780657
146 0.000359541282500908
147 0.00034012511598318
148 0.000325987562953296
149 0.000316827444850405
150 0.000312503675182482
151 0.00031297219883662
152 0.000318380523512546
153 0.000329116019043935
154 0.000345821300203805
155 0.000369368759168596
156 0.000401001911082496
157 0.000442417442058592
158 0.000495721564138567
159 0.000563680251341499
160 0.000649959861462772
161 0.000759292323194945
162 0.000897376716495916
163 0.00107127040457657
164 0.001289722881474
165 0.00156255058511172
166 0.00189668142129936
167 0.00229516881811836
168 0.00275508330922045
169 0.00326547059100301
170 0.00380918660682868
171 0.00436043788282008
172 0.00488404231128611
173 0.00533902199988603
174 0.00568868903710668
175 0.00590204465814489
176 0.00595662805874445
177 0.00584740813037256
178 0.00560301466333739
179 0.00526378213264806
180 0.00486983575147769
181 0.0044562272343151
182 0.00404989192241768
183 0.00367032075996634
184 0.00332700186561121
185 0.00301269058709535
186 0.00271901236981215
187 0.00244019520590361
188 0.00217385999163544
189 0.00192315298896262
190 0.00169117996847202
191 0.00147971673981005
192 0.00128991001152345
193 0.00112344363812643
194 0.000980694514500834
195 0.000860769494653202
196 0.000761858140101404
197 0.000681226057736795
198 0.000616335168952913
199 0.000565105676151392
200 0.000525822057131082
201 0.00049691030732692
202 0.000477212546798709
203 0.000466020173090837
204 0.000462986362913269
205 0.000467954230832507
206 0.000481125708948442
207 0.000503081794890304
208 0.000534656710760777
209 0.000577106375915098
210 0.000632221071759242
211 0.000702256011919859
212 0.000789388436556449
213 0.00089599111647427
214 0.00102466770528307
215 0.00117801460854231
216 0.00135806706576105
217 0.00156596776057071
218 0.00180145835619005
219 0.00206208859112307
220 0.00234198503914176
221 0.00263136147559101
222 0.0029162464840576
223 0.00317863586749339
224 0.00339735701406103
225 0.00355003823821741
226 0.00361595629145284
227 0.00358194870740881
228 0.00345253743834263
229 0.00324188085615213
230 0.00296899848257712
231 0.00265659699084876
232 0.00233148531778453
233 0.00201584443477385
234 0.00172462751446933
235 0.00146594310262694
236 0.00124297269469867
237 0.00105552703070723
238 0.000900999288486305
239 0.000774784836618192
240 0.000672412680186217
241 0.000590044897870239
242 0.000524394920487155
243 0.000472521143407657
244 0.000432087847170187
245 0.000401337114144996
246 0.000378947342162781
247 0.000363845176021885
248 0.000355308784216202
249 0.000352963695424038
250 0.00035672276870258
251 0.000366678613756079
252 0.000383204216252682
253 0.000407005959427035
254 0.000439110275647707
255 0.000480716063505696
256 0.000533367350986123
257 0.000599055887043325
258 0.000680234740430803
259 0.000779681491249851
260 0.000900587838972546
261 0.00104613576834972
262 0.0012175405838736
263 0.00141388043719706
264 0.0016314636257323
265 0.00186382453053182
266 0.00210485080239553
267 0.00234734601616018
268 0.00258240285061819
269 0.00280007360820363
270 0.00299117928437051
271 0.00314722000629914
272 0.00326067206465969
273 0.00332588955218545
274 0.00334058727172153
275 0.00330511843865838
276 0.00322206553826867
277 0.00309679894425091
278 0.00293921201518275
279 0.00276001307276969
280 0.00256907691691551
281 0.0023738997899574
282 0.0021769033691378
283 0.00197965303225491
284 0.00178468538001359
285 0.0015969025539998
286 0.0014204613339011
287 0.00125807168303616
288 0.00111147403562679
289 0.00098222663272211
290 0.000870853950796835
291 0.000776968421514301
292 0.000699450936585252
293 0.000636283268036772
294 0.000585591120289846
295 0.000545884045419581
296 0.000515966085013953
297 0.000494739828121961
298 0.000481425802158495
299 0.000475598281075396
300 0.000477099057605051
301 0.000485828239055564
302 0.000501936418157819
303 0.000525886621506797
304 0.000558389255023402
305 0.000600152142420538
306 0.000652050586564131
307 0.000715176093854867
308 0.000790614691006789
309 0.000878647789469082
310 0.000978888508421427
311 0.00109048752115559
312 0.00121310247684746
313 0.00134621338965469
314 0.00148874562485475
315 0.00163925501188326
316 0.00179694637991705
317 0.00196113700035533
318 0.00213101576995156
319 0.0023049576338233
320 0.00247803940267598
321 0.00264340858814477
322 0.00279301706032986
323 0.00291694453605364
324 0.00300066647674774
325 0.00302887376394218
326 0.00298852190180656
327 0.00287515059493209
328 0.00270478826781445
329 0.00249858861194871
330 0.00227596766686495
331 0.00205201675139602
332 0.00183492634153259
333 0.00162993660140123
334 0.00144095899771309
335 0.00127164509867149
336 0.00112393551109275
