1 0.00639157687584009
2 0.0059979694876498
3 0.00562590712701613
4 0.00527935744956867
5 0.00496450164510735
6 0.00468659360751014
7 0.0044489798885674
8 0.00425237328322646
9 0.00409703106347915
10 0.00398357551805444
11 0.00391298358976792
12 0.00388602160702652
13 0.00390446584457133
14 0.00397167410564418
15 0.00409206360784798
16 0.00426865698619061
17 0.00450555675089334
18 0.00480885115883922
19 0.00518607337727233
20 0.00564388209358217
21 0.0061892581065114
22 0.00682967198630731
23 0.0075714080311458
24 0.00841448885438728
25 0.00935297344026474
26 0.0103739034873144
27 0.0114565420853234
28 0.0125752062895593
29 0.0136964163094939
30 0.0147805900862247
31 0.0157924733881438
32 0.0166971549393992
33 0.0174594000695971
34 0.0180461029879283
35 0.0184300861310791
36 0.0185906201084002
37 0.0185145146758928
38 0.0182029346921832
39 0.0176876098115404
40 0.0170104110018788
41 0.0162142621056691
42 0.0153403724953791
43 0.0144262121319961
44 0.0135042369826292
45 0.0126012976139523
46 0.0117361477376645
47 0.0109137999574734
48 0.0101356362639132
49 0.00940232902244142
50 0.00871525991835243
51 0.00807981441924794
52 0.00750034578633687
53 0.006979167985674
54 0.00651683560877848
55 0.00611202835631489
56 0.00576286328811379
57 0.00546757358097646
58 0.00522508925950909
59 0.00503483105335455
60 0.0048968553192396
61 0.00481157468737263
62 0.0047783900416949
63 0.00479771267397266
64 0.00487167446436031
65 0.00500384798283738
66 0.00519797231459635
67 0.00545942925247194
68 0.00579591951002171
69 0.00621627280214095
70 0.00672534431194966
71 0.00732678179172008
72 0.00802350464636798
73 0.00881634864020159
74 0.0097015836247629
75 0.0106700507431383
76 0.0117058787223034
77 0.0127865551435078
78 0.0138874043446218
79 0.0149784419560895
80 0.0160225541411812
81 0.0169736401075569
82 0.017780160989475
83 0.0183888257037436
84 0.0187510268830351
85 0.0188349618793553
86 0.0186225785772754
87 0.0181096796860384
88 0.0173162554105327
89 0.0163091682737496
90 0.0151645409319034
91 0.013951932361146
92 0.0127299288779408
93 0.0115433734527626
94 0.0104249654032551
95 0.00939672036015108
96 0.00846999549606541
97 0.0076438126320888
98 0.00691336203577872
99 0.00627269107397191
100 0.00571544613950938
101 0.00523572747637294
102 0.0048277722008817
103 0.00448612510794101
104 0.00420538635150701
105 0.00397903697567007
106 0.00380152501630164
107 0.00366898117244557
108 0.00357982308668127
109 0.00353391905559364
110 0.00353248635851716
111 0.00357764469964638
112 0.00367053096180787
113 0.00381339373697353
114 0.0040103360976394
115 0.00426683019810071
116 0.00458767293285313
117 0.00497832429063206
118 0.00544525548196419
119 0.00599498166156568
120 0.0066310377348335
121 0.00735426681170374
122 0.00816212382492936
123 0.00904744637232804
124 0.00999772354088505
125 0.0109934560111179
126 0.0120070060852993
127 0.0130031814026941
128 0.0139432748931357
129 0.0147843536774007
130 0.0154805272991889
131 0.0159886093859156
132 0.0162802035475967
133 0.0163374585778556
134 0.0161556833325715
135 0.0157540796456431
136 0.0151631165431036
137 0.014418175708948
138 0.0135576938709697
139 0.0126229469504315
140 0.011652312608793
141 0.0106787249301842
142 0.00972950514059083
143 0.0088275688524812
144 0.00798940536494282
145 0.00722532647523564
146 0.00654041215141725
147 0.00593523791982328
148 0.00540784621731782
149 0.00495486850198239
150 0.00457203365082713
151 0.00425422814544713
152 0.00399677484800252
153 0.00379593876013476
154 0.00364891794756303
155 0.0035534276183507
156 0.00350868105627198
157 0.00351532214242967
158 0.00357416199029114
159 0.00368783331285109
160 0.00386149309292317
161 0.00410236953241823
162 0.00441733906424946
163 0.00481497270525597
164 0.00530632266601242
165 0.00590375217936981
166 0.00661610298444254
167 0.00744956885034692
168 0.00840681232331277
169 0.00948365568387677
170 0.0106624368435183
171 0.0119103760023985
172 0.0131777821420169
173 0.014404807611538
174 0.0155509931649892
175 0.016583064165253
176 0.0174701586404441
177 0.018184272385547
178 0.0186980757610502
179 0.0189891663781057
180 0.0190425730824909
181 0.0188579181600111
182 0.0184671210625182
183 0.0179129660759898
184 0.0172359073381001
185 0.0164617808824866
186 0.0156129037787817
187 0.0147110341413052
188 0.0137767107496354
189 0.0128288046773868
190 0.0118840041288371
191 0.0109565563319053
192 0.0100597115442432
193 0.00920930192334112
194 0.00841773031924876
195 0.00769289462942174
196 0.00703999709283851
197 0.00646469296366155
198 0.00597011713110976
199 0.00555706071226908
200 0.00522446086637218
201 0.00496857787461105
202 0.0047864659219738
203 0.00467721315855835
204 0.00464139852115613
205 0.00467859824040718
206 0.00479078028947777
207 0.00498244888543957
208 0.00525737701018094
209 0.00562125109827738
210 0.00608248657920188
211 0.00665048093418255
212 0.00732930754228775
213 0.00811932384961267
214 0.00901643323181455
215 0.0100091167567703
216 0.0110736753238112
217 0.0121728344846909
218 0.0132547302126788
219 0.0142615674506826
220 0.0151616656042862
221 0.0159342296641458
222 0.0165629984995631
223 0.0170402853603345
224 0.0173782347295534
225 0.017598388174015
226 0.0177265489483201
227 0.0177842881579558
228 0.0177670773836076
229 0.0176644851936786
230 0.0174674343412998
231 0.0171688787815351
232 0.0167648150314527
233 0.0162540828286308
234 0.0156402629189169
235 0.0149365845352953
236 0.0141592732498894
237 0.0133250718936932
238 0.012452849348344
239 0.0115683453107931
240 0.0106951495695386
241 0.00985207018996037
242 0.00905324187819828
243 0.00830840453800485
244 0.00762372962935175
245 0.00700252056335193
246 0.00644680054329866
247 0.00596019694403651
248 0.00554488269811035
249 0.00520150467662663
250 0.00492969272067654
251 0.00472772818649497
252 0.00459487271748871
253 0.00453240243804764
254 0.00454302840932909
255 0.00462791210039414
256 0.00479060105950849
257 0.00503849775740016
258 0.0053823702636782
259 0.00583345688701937
260 0.00640606457851992
261 0.00711648145574156
262 0.00797446372669985
263 0.00898501952631398
264 0.0101470498692928
265 0.0114487260652617
266 0.012859966462327
267 0.0143295550975632
268 0.0157830540769769
269 0.0171334943466083
270 0.0183229855309407
271 0.019306574232212
272 0.020046249760175
273 0.0205144519083046
274 0.0206993061364213
275 0.02060200112857
276 0.0202350512223647
277 0.0196278798767324
278 0.0188435368367141
279 0.0179503050155531
280 0.0170100266189532
281 0.016068510247456
282 0.0151365054370529
283 0.0142168575021982
284 0.0133126521836481
285 0.0124276579581727
286 0.011565516844215
287 0.0107294962323155
288 0.00992364050721584
289 0.00915554788655004
290 0.00843171101250692
291 0.00775644188986543
292 0.00713302519675413
293 0.00656601787439753
294 0.00605831654816125
295 0.00561085219188293
296 0.00522282371387889
297 0.00489126929574599
298 0.00461300707970654
299 0.00438530173129143
300 0.00420568122498446
301 0.00407111211706335
302 0.00397932994404234
303 0.00392922449456066
304 0.00392054464924875
305 0.00395297586399163
306 0.00402715586851577
307 0.00414502338032847
308 0.00430910107066086
309 0.00451994151721553
310 0.00477793386000791
311 0.00508310939947728
312 0.0054325855638663
313 0.00582135562289373
314 0.0062421722097936
315 0.0066855555277553
316 0.00714153562423779
317 0.0075980592549207
318 0.00804037875638568
319 0.00845300228404831
320 0.00882609353552402
321 0.00915171442346987
322 0.00942249413634212
323 0.00963197831592343
324 0.00977515278684271
325 0.00984840052565978
326 0.00984956269640026
327 0.00977827409931074
328 0.00963669414641263
329 0.0094286844215434
330 0.00915940480992375
331 0.00883601254972445
332 0.00846983691935192
333 0.00807280754575059
334 0.00765629495906883
335 0.00723136141107495
336 0.00680776435395726
