1 0.021829814842042
2 0.0227739872738289
3 0.0236905781286006
4 0.0245624920953532
5 0.0253841667715726
6 0.0261538399472011
7 0.0268691818967883
8 0.0275226110895503
9 0.0281052313811094
10 0.0286083675343161
11 0.0290213240388526
12 0.0293241378200148
13 0.0294948780294635
14 0.0295127841052597
15 0.0293624853396065
16 0.0290446148076638
17 0.0285658631443124
18 0.0279354447696374
19 0.0271672256733793
20 0.0262859923789578
21 0.0253185802485443
22 0.0242905475206439
23 0.023228825481663
24 0.0221699086123005
25 0.0211478204480327
26 0.020190792695852
27 0.0193205994262232
28 0.0185499572333692
29 0.0178882135781721
30 0.0173426268044377
31 0.016916427201519
32 0.0166128744377173
33 0.0164368679586392
34 0.0163939364924917
35 0.0164860175683544
36 0.0167167000667748
37 0.0170930674986148
38 0.0176233264359483
39 0.0183083312090301
40 0.0191482625654666
41 0.0201444732501995
42 0.0212955142836478
43 0.0225850856799043
44 0.0239877162329654
45 0.0254697945604671
46 0.0269912919143146
47 0.0285159909937088
48 0.0300040560813569
49 0.0314095105867352
50 0.0326833312673445
51 0.0337820734782645
52 0.0346641847036979
53 0.035289823189406
54 0.0356329518244508
55 0.0357137733584504
56 0.0355687682144184
57 0.0352357806436975
58 0.0347441384029613
59 0.0341215739680783
60 0.0333959392951795
61 0.0325890466471023
62 0.0317010995835577
63 0.0307284740759838
64 0.0296694908665927
65 0.0285268912762742
66 0.0273141439916093
67 0.0260470438414482
68 0.0247409358487438
69 0.0234140282417081
70 0.0220962818763079
71 0.0208158665632701
72 0.0195953818965321
73 0.0184533584681428
74 0.0174075727177254
75 0.0164720414016194
76 0.0156570517481963
77 0.0149693215858702
78 0.014410303686849
79 0.0139810630218803
80 0.013682551344012
81 0.0135115694980794
82 0.0134664835478473
83 0.0135490443350257
84 0.0137629167260739
85 0.014108652917739
86 0.0145883065390623
87 0.0152068125320154
88 0.0159697808966622
89 0.0168763992147271
90 0.0179233208836934
91 0.0191052903429973
92 0.0204139824544263
93 0.0218371012901336
94 0.0233568660709291
95 0.0249487446377184
96 0.0265832046620654
97 0.0282345357449212
98 0.029874822720988
99 0.0314716971507429
100 0.0329900292817491
101 0.0343969132084471
102 0.0356594410330949
103 0.0367444793144602
104 0.0376249714069338
105 0.0382974749112532
106 0.0387681830968786
107 0.0390394830065846
108 0.0390855267755217
109 0.0388760342932194
110 0.0383857835838569
111 0.0375985955427574
112 0.0365151083462941
113 0.0351464597260185
114 0.0335122040667535
115 0.0316505981999283
116 0.0296442369459508
117 0.0275771091602611
118 0.0255202015086712
119 0.023532458010747
120 0.0216658943148891
121 0.0199588325241254
122 0.0184362202636999
123 0.0171096282459212
124 0.015972672434952
125 0.0150154893623857
126 0.0142292605771498
127 0.0136051559094574
128 0.0131300979259157
129 0.012793251864957
130 0.0125876893689753
131 0.0125094714534469
132 0.0125553730488701
133 0.0127250688342576
134 0.0130205583244045
135 0.0134421824997909
136 0.0139916779835697
137 0.0146729617527757
138 0.0154899150959074
139 0.0164395732845935
140 0.0175153188461837
141 0.0187071994448245
142 0.0200030169178359
143 0.0213957230633881
144 0.0228774103537833
145 0.0244365831180444
146 0.02605696430094
147 0.0277147190120277
148 0.0293795787064236
149 0.0310153658683266
150 0.0325852906011994
151 0.0340694162478121
152 0.0354533802624946
153 0.0367241173871672
154 0.0378633053574536
155 0.0388258928302416
156 0.0395590132187056
157 0.0400117617752204
158 0.0401413953649953
159 0.0399128990571664
160 0.039300596831564
161 0.0383000329762645
162 0.0369555322771504
163 0.0353271775194986
164 0.0334776768885667
165 0.0314747660561481
166 0.0294022627125739
167 0.0273364585195974
168 0.0253388038709414
169 0.0234558562205284
170 0.0217197744600966
171 0.0201517892424636
172 0.0187648596058818
173 0.0175642571073009
174 0.0165454291381391
175 0.01570213215597
176 0.0150293271138208
177 0.0145218192986426
178 0.0141688581641286
179 0.0139618840011805
180 0.0138966345098205
181 0.0139717038992118
182 0.0141844659254713
183 0.0145347316953137
184 0.0150235152516332
185 0.0156453754730132
186 0.0163932286726267
187 0.0172592371558276
188 0.018233736720256
189 0.0193045010952268
190 0.0204553529657774
191 0.0216650556725434
192 0.0229105112158871
193 0.0241799920195104
194 0.0254639138404407
195 0.0267512261060338
196 0.0280245608515753
197 0.0292440096430827
198 0.0303592775749719
199 0.0313154010815365
200 0.0320614622636688
201 0.0325741768126607
202 0.0328414371547412
203 0.0328564605609873
204 0.0326227634667953
205 0.0321678355643332
206 0.0315271702324861
207 0.0307320605195946
208 0.0297925441913455
209 0.0287156352943893
210 0.0275111426771765
211 0.0261953241332742
212 0.0248003870012504
213 0.0233598878016755
214 0.0219038468515715
215 0.0204627018959424
216 0.019078012072306
217 0.0177854198100275
218 0.0166109173765316
219 0.0155706686114488
220 0.0146680010442558
221 0.0139025907474329
222 0.0132737285892132
223 0.012779728547262
224 0.0124145972201792
225 0.0121737274841519
226 0.0120556513417147
227 0.0120608447670102
228 0.0121877381120755
229 0.0124369158428469
230 0.0128124090619631
231 0.0133204205687074
232 0.0139651059150061
233 0.0147515127101512
234 0.0156843983155559
235 0.0167609398197522
236 0.0179736513588759
237 0.0193104315729911
238 0.0207501456168968
239 0.0222512629830253
240 0.023755940756202
241 0.0251918555499085
242 0.0264797088851121
243 0.0275574644756277
244 0.0283693014484323
245 0.0288635562139491
246 0.0290065931195044
247 0.0288160383954284
248 0.0283303252740126
249 0.0275952459375044
250 0.0266598017346779
251 0.025571482197694
252 0.024375799231314
253 0.0231150557050713
254 0.0218258703281924
255 0.0205353991135957
256 0.0192655817994927
257 0.0180344435468579
258 0.0168552855270529
259 0.0157345885297813
260 0.0146760680525628
261 0.013683121399005
262 0.0127618574544985
263 0.0119169574540356
264 0.0111509068039054
265 0.0104646126500846
266 0.00985812387823206
267 0.00933076997967637
268 0.00888151190567443
269 0.00850868080019511
270 0.00820853000305436
271 0.00797780469271835
272 0.00781452738461872
273 0.0077175168109185
274 0.00768484529595916
275 0.00771560825785
276 0.00781046394798527
277 0.007971067723332
278 0.00819825995153292
279 0.00849360921165542
280 0.00885987565990741
281 0.00930020422800436
282 0.00981555386270882
283 0.0104061111037648
284 0.0110720705729597
285 0.0118150896426083
286 0.0126367567833471
287 0.0135377870270395
288 0.0145179937873965
289 0.0155770784710617
290 0.0167135999867034
291 0.0179243530992895
292 0.0192037500615573
293 0.020542504740836
294 0.021927870246271
295 0.0233435934895694
296 0.0247699350717384
297 0.0261843235071211
298 0.027561045331389
299 0.0288713942186455
300 0.0300804327386936
301 0.0311353828821013
302 0.031976765770164
303 0.0325448007195724
304 0.0327905511974195
305 0.0327023273088144
306 0.0322855390645229
307 0.0315550637050538
308 0.0305401989699652
309 0.0292989315331996
310 0.0278949874793236
311 0.0263904370892501
312 0.0248483577963411
313 0.023323902540614
314 0.0218616890551052
315 0.0204953551593162
316 0.0192462951926397
317 0.0181288969596245
318 0.0171531038891996
319 0.016324095655696
320 0.0156389452044568
321 0.0150940618195705
322 0.0146876639504578
323 0.0144183076107886
324 0.0142796754708861
325 0.0142669560748623
326 0.0143786531917316
327 0.0146143473138248
328 0.014967930380005
329 0.0154329197911057
330 0.0160037203501558
331 0.0166737696889752
332 0.0174310986626565
333 0.0182601412532831
334 0.0191435657981539
335 0.02006733454595
336 0.0210161867525183
