1 0.00418185854315861
2 0.00312994550633815
3 0.0023907579505457
4 0.00187134862566665
5 0.00150037958436574
6 0.00123020810743145
7 0.00103049580711584
8 0.00088310121439285
9 0.000775779507224626
10 0.00069999515720498
11 0.000650000096991331
12 0.000622156642318746
13 0.000614791759771954
14 0.000628161782200574
15 0.000664449128993224
16 0.000727555959602509
17 0.000824349004504681
18 0.00096609442761646
19 0.0011699672047695
20 0.00145947192486232
21 0.00186837627301738
22 0.00244540911043197
23 0.00325790672022603
24 0.00438703258204901
25 0.00592523555575101
26 0.0079652572334434
27 0.0105757607322019
28 0.0137623265718297
29 0.0174193276089301
30 0.0213253906665226
31 0.0253008619046232
32 0.0292013363832924
33 0.0329111992168514
34 0.0363151403315538
35 0.0391532400067575
36 0.0411172338555739
37 0.0419261001084117
38 0.0414035323296597
39 0.0396003473309938
40 0.0367053662841991
41 0.0329877341534658
42 0.0287565472038713
43 0.0243167715504904
44 0.0199462245989218
45 0.0158718099538393
46 0.0122745181666956
47 0.00930734737594287
48 0.00699412032916699
49 0.00526512364288629
50 0.00400878195235369
51 0.00310133944995913
52 0.00244608522126202
53 0.00197342060773257
54 0.00163391771575193
55 0.00139300895835144
56 0.00122699276408493
57 0.00111965791903233
58 0.00105887606460884
59 0.00103758405783101
60 0.00105322178960038
61 0.00110676808394872
62 0.00120129095214038
63 0.00134317026811386
64 0.00154290759841479
65 0.00181411131661444
66 0.0021662941918903
67 0.00260418994049461
68 0.0031239606121836
69 0.0037121423851131
70 0.00436263296520186
71 0.00507019295584866
72 0.00582639919393166
73 0.00662308587585843
74 0.00746669765439197
75 0.00837452211364732
76 0.00937358549338935
77 0.0105064742505043
78 0.011848935949057
79 0.0135135403527283
80 0.0156342007817605
81 0.0182655993943303
82 0.0214122989459246
83 0.0250268382659712
84 0.0289482495746178
85 0.0327391358547552
86 0.0357329810237174
87 0.0371543153411412
88 0.0364236788450124
89 0.0336655074667637
90 0.0294052882337411
91 0.0243246987320066
92 0.0191256876761862
93 0.0144294736640321
94 0.0105639159546144
95 0.00759163164507771
96 0.00541673978491531
97 0.00387786318720686
98 0.0028141682444192
99 0.00209146126817286
100 0.00160582836868407
101 0.00127767837358504
102 0.00105514046101379
103 0.000905836901170369
104 0.000809491003933284
105 0.000753237479319812
106 0.000729851844517761
107 0.000736239616735838
108 0.000772120683675931
109 0.000840440038580602
110 0.000947886219823697
111 0.00110523769145765
112 0.00132626959577723
113 0.00162952348614765
114 0.00203946172587595
115 0.00258571561465298
116 0.00329680084863821
117 0.00419472667380758
118 0.00528533893986279
119 0.00655197996866651
120 0.00797607558921269
121 0.0095283436029858
122 0.0111624370287143
123 0.0128298406209471
124 0.0145412467442595
125 0.0163524123200086
126 0.0183580293439221
127 0.0206749620358097
128 0.023356160663556
129 0.0264317553323134
130 0.0299261130198731
131 0.0337767350629229
132 0.0375267107189638
133 0.0404419919481277
134 0.0417594509724479
135 0.0411794271871092
136 0.0387310630911775
137 0.0346917300174466
138 0.0295992754590951
139 0.024252452221335
140 0.0192818230225861
141 0.0150344422745612
142 0.0116060294147958
143 0.00890440746930084
144 0.00680613567606386
145 0.00519535536618551
146 0.00397142981337584
147 0.00305299481007583
148 0.00237103558280831
149 0.00186879941754651
150 0.00150142796317262
151 0.00123419535683859
152 0.00104171112657712
153 0.000906020079462421
154 0.000814522703062888
155 0.000757909597647846
156 0.000730566523710108
157 0.000729958327400705
158 0.000755715700189017
159 0.000810131847309071
160 0.000898676263715122
161 0.00103043231730301
162 0.00121771915596321
163 0.00147820018495966
164 0.00183705225872586
165 0.00232761993094927
166 0.00298500056482445
167 0.0038434249209293
168 0.00492875705637124
169 0.00624627631511235
170 0.00777021204319237
171 0.00942679568018961
172 0.0110823787192906
173 0.01259360669794
174 0.0140117357590133
175 0.0155190350864709
176 0.0173952691700002
177 0.0199757818051336
178 0.023398236195212
179 0.027719136291922
180 0.0329329268133905
181 0.0387583618305829
182 0.0439284788566514
183 0.0464562201288673
184 0.0447937197940593
185 0.0397793950931922
186 0.033131236260372
187 0.0263592395547195
188 0.0203659241096023
189 0.015388535080951
190 0.0114250959880563
191 0.00837492799361735
192 0.00609343382542292
193 0.00443182439300941
194 0.00324648416468468
195 0.00241332624316774
196 0.00183297619267916
197 0.00142841267031039
198 0.001146119329291
199 0.000950168760064711
200 0.000816260056079943
201 0.000727074843518732
202 0.000671532979194314
203 0.000643140868351759
204 0.000638600639550294
205 0.000656840412926933
206 0.000699104180568717
207 0.000768844986692499
208 0.000870950473605008
209 0.00101266983786487
210 0.00120426669365497
211 0.00145951362505067
212 0.00179612932481558
213 0.0022362150965773
214 0.00280631652478374
215 0.00353690559344299
216 0.00446129090219499
217 0.0056124469740548
218 0.00701786859739701
219 0.00869304126004611
220 0.0106358844381498
221 0.0128169625733526
222 0.0151703862561891
223 0.0176047545932651
224 0.020070964377497
225 0.0225477043552401
226 0.0250330972855567
227 0.0275302243266943
228 0.0299858402006707
229 0.0323220084374128
230 0.0344527873777937
231 0.0361962250626928
232 0.0369818296288788
233 0.0361629942371292
234 0.0334166078380173
235 0.0292024586675481
236 0.0242334660833088
237 0.0191759296035898
238 0.0145519991459539
239 0.0107126233273651
240 0.0077513502353816
241 0.00558656216977766
242 0.00405907410340415
243 0.00299320981556958
244 0.00225211047067549
245 0.0017381276002019
246 0.00138263849815011
247 0.00113711036696664
248 0.000969392541917238
249 0.00085887679744795
250 0.000792531223266313
251 0.000761805475425605
252 0.000762592206607453
253 0.000794763355494767
254 0.000861749659588006
255 0.000969892672181245
256 0.00113003146031619
257 0.00135926454339702
258 0.00168281396378193
259 0.00213485456996811
260 0.0027620389192344
261 0.00362518869923543
262 0.00479209842882074
263 0.00633077374687497
264 0.00829414684574399
265 0.0106909363051662
266 0.0134365611238422
267 0.0163163911797033
268 0.0189724484805332
269 0.0210244993854295
270 0.0224656894505562
271 0.0235137851572235
272 0.0244853461158558
273 0.0257040570640484
274 0.027306873639125
275 0.0294005649480668
276 0.0321273326175525
277 0.0355380974049492
278 0.0390636173364533
279 0.0417308988864119
280 0.0423824572108867
281 0.0402181155122352
282 0.035711814397552
283 0.0298512055205425
284 0.0236556898344435
285 0.0179782217214451
286 0.0132757142386023
287 0.00965358693769199
288 0.00699869049669346
289 0.00509700397493344
290 0.00375240703584903
291 0.00281002005142151
292 0.00215157098945773
293 0.00168609844432148
294 0.00135226983504851
295 0.00110983889547886
296 0.000932488956044152
297 0.000803966347557758
298 0.0007133087440721
299 0.000653124927483941
300 0.000618636280490866
301 0.00060655698420596
302 0.000615729083393467
303 0.000647251888919782
304 0.000704499533372737
305 0.0007929949479582
306 0.000921668896891116
307 0.0011043953358469
308 0.00136168109528273
309 0.00172145219655118
310 0.00222266789325436
311 0.00291707668625655
312 0.00386045188232322
313 0.00510643144823676
314 0.0066921391921825
315 0.00862984727840419
316 0.0109590782273096
317 0.0137417641403325
318 0.0170594117512405
319 0.0209935391032549
320 0.0255021759280905
321 0.0304129944112945
322 0.0354172243143312
323 0.0400787418950529
324 0.0439101907963975
325 0.0464202862603942
326 0.0471898577264137
327 0.045970542694136
328 0.0427787762013601
329 0.0379018393005287
330 0.0318592091977963
331 0.0253890674627117
332 0.0194015560344252
333 0.0144294579421444
334 0.0105903126532409
335 0.00773589661660424
336 0.00566454092778615
