1 0.00510089991651408
2 0.00512397411796269
3 0.00514595130098915
4 0.00516739413390244
5 0.00518873877918355
6 0.00521039447916686
7 0.00523274247753385
8 0.00525603068280863
9 0.00528047650614873
10 0.00530630182385623
11 0.00533368910383315
12 0.00536264693255413
13 0.00539314009445187
14 0.00542513337706942
15 0.00545854789513197
16 0.00549312813123128
17 0.00552856833175995
18 0.00556455495130003
19 0.00560071607027955
20 0.00563646807692182
21 0.00567116187023933
22 0.00570413323514421
23 0.00573466949079807
24 0.00576190569729147
25 0.00578493102312503
26 0.00580282905602089
27 0.00581473385813292
28 0.0058199855557625
29 0.00581799233024771
30 0.00580831577795141
31 0.00579105647623445
32 0.0057664701401062
33 0.00573483742001107
34 0.00569651305700695
35 0.0056520758753561
36 0.00560216260500566
37 0.00554740941854556
38 0.00548849348323311
39 0.0054262643613813
40 0.00536159188071592
41 0.00529531411863104
42 0.00522822306864399
43 0.00516103006741266
44 0.00509440109817993
45 0.00502896866101483
46 0.00496531088285642
47 0.00490388958923025
48 0.00484512216856413
49 0.00478940637606249
50 0.00473710913919289
51 0.00468852920955893
52 0.00464394341064136
53 0.00460362348045048
54 0.00456780781015027
55 0.00453661271143371
56 0.00451013129103379
57 0.00448844204628199
58 0.0044715375102702
59 0.00445940003575245
60 0.00445202669426154
61 0.00444939813540466
62 0.00445138477264584
63 0.00445783998354034
64 0.00446862997541649
65 0.00448360274623285
66 0.00450249688580254
67 0.0045250268000342
68 0.00455090957804577
69 0.00457982982926354
70 0.00461133735444782
71 0.00464493989968961
72 0.00468013293265038
73 0.00471637603991134
74 0.00475302549477844
75 0.00478939560604462
76 0.00482477983983019
77 0.00485848578238719
78 0.00488994097605919
79 0.00491859642024413
80 0.0049439917313053
81 0.00496604981400741
82 0.00498479660653164
83 0.00500026580084038
84 0.00501255366000702
85 0.00502198494951988
86 0.00502894765483441
87 0.00503383603511644
88 0.00503704685386908
89 0.00503897195788859
90 0.00504000302842951
91 0.00504053270944002
92 0.00504094692494152
93 0.00504160321017286
94 0.00504285216716115
95 0.00504504489370214
96 0.00504850616571059
97 0.00505345294760353
98 0.00506007681574499
99 0.00506857186703533
100 0.0050791492990885
101 0.00509208017971579
102 0.00510765520956867
103 0.00512617223395145
104 0.00514791472305648
105 0.00517308339600399
106 0.00520186536023293
107 0.00523442037375251
108 0.00527076676197329
109 0.00531089144212502
110 0.00535478683279361
111 0.00540240588784317
112 0.00545352456196649
113 0.00550786863015952
114 0.00556515556621514
115 0.00562504593693303
116 0.00568699728994182
117 0.00575039538130107
118 0.0058145980168982
119 0.00587888380081327
120 0.00594229737513017
121 0.00600379247827331
122 0.00606228326811152
123 0.00611667484321066
124 0.0061659498306146
125 0.00620910033716213
126 0.00624511078452503
127 0.00627309528641122
128 0.00629269417936833
129 0.0063037053701607
130 0.006305960504432
131 0.00629939934568144
132 0.00628428731808418
133 0.00626099476464785
134 0.00622999800175221
135 0.00619210500270692
136 0.00614820823328022
137 0.00609919739257534
138 0.00604597484240607
139 0.00598951625532053
140 0.00593079372237001
141 0.00587074824478289
142 0.00581026908575729
143 0.0057501402322554
144 0.00569109655747684
145 0.00563384298420225
146 0.00557901678999734
147 0.00552707467802872
148 0.00547841910935997
149 0.00543344104062393
150 0.00539249016518702
151 0.0053557821847884
152 0.00532350195795903
153 0.00529583835906058
154 0.00527294738242682
155 0.00525483874326958
156 0.00524149540447534
157 0.00523287814298026
158 0.00522882176098781
159 0.00522913893410621
160 0.00523365351547915
161 0.00524215810906508
162 0.00525428900098095
163 0.00526964579506681
164 0.00528782962082461
165 0.00530839118367781
166 0.00533067827414607
167 0.005353979555743
168 0.00537757195627311
169 0.00540072655801021
170 0.00542272923544656
171 0.00544286179115803
172 0.0054603972160151
173 0.00547471506905127
174 0.00548564445243912
175 0.00549313223044188
176 0.00549713148995777
177 0.00549763769443438
178 0.00549479647469556
179 0.00548879526806373
180 0.00547982635512589
181 0.00546809714256279
182 0.00545386290883117
183 0.00543739137670115
184 0.00541896497756866
185 0.00539892365759271
186 0.00537761891894106
187 0.00535539807132493
188 0.00533262415529314
189 0.0053097365982684
190 0.00528718791829645
191 0.00526542303470817
192 0.00524486649112908
193 0.00522588393042518
194 0.00520882356396634
195 0.00519403071313736
196 0.00518181280459556
197 0.00517233227234817
198 0.00516571805367326
199 0.00516210293852916
200 0.00516161215920468
201 0.00516432759421099
202 0.00517032492692731
203 0.00517968630430994
204 0.00519246886487021
205 0.00520860858418419
206 0.00522801475240916
207 0.00525056542786767
208 0.00527599831794952
209 0.00530401433081921
210 0.00533431134373901
211 0.00536653713245298
212 0.00540014899198082
213 0.00543454519405788
214 0.00546910883890323
215 0.00550316710798095
216 0.00553586890194186
217 0.00556630344909508
218 0.00559354294516312
219 0.00561667056931577
220 0.00563485780138979
221 0.00564730158602474
222 0.00565320829814204
223 0.00565190373666872
224 0.00564314602168457
225 0.00562682464282559
226 0.0056028606056121
227 0.0055712911330098
228 0.00553251590892102
229 0.00548703754064607
230 0.00543537218884689
231 0.00537810379262921
232 0.00531605174925228
233 0.00525007779772091
234 0.00518101798112612
235 0.00510967416964457
236 0.00503681389772157
237 0.00496316884865392
238 0.00488940697928296
239 0.00481605628834014
240 0.00474358914433915
241 0.00467244992316095
242 0.00460304381107361
243 0.00453570294043036
244 0.00447072721530804
245 0.00440839858060927
246 0.00434895680322404
247 0.00429252599132955
248 0.00423919909641217
249 0.00418906576221559
250 0.00414218671710289
251 0.00409851704018316
252 0.00405799070737674
253 0.00402054778446048
254 0.0039861093609418
255 0.00395450414952538
256 0.00392554558524516
257 0.00389905617870101
258 0.0038748476786894
259 0.00385266443279631
260 0.00383224045771953
261 0.00381329683021926
262 0.00379547988303083
263 0.00377842307013764
264 0.00376176679730232
265 0.00374516133010929
266 0.0037282768156899
267 0.0037107928118234
268 0.003692395183363
269 0.00367282315260386
270 0.00365200730167528
271 0.00362992729278025
272 0.00360656509282766
273 0.00358193692711737
274 0.00355618709758167
275 0.00352948904766894
276 0.00350201261686605
277 0.00347395569446307
278 0.0034456379478437
279 0.00341740076866997
280 0.00338957462647609
281 0.00336248431157902
282 0.00333646419466195
283 0.00331184354813366
284 0.00328892586407834
285 0.00326794073214282
286 0.0032490974621206
287 0.00323260359455528
288 0.00321865069439787
289 0.00320736919883063
290 0.00319887796021341
291 0.00319330128950603
292 0.00319075476202026
293 0.00319130028770143
294 0.00319499323527627
295 0.00320189840240193
296 0.00321207495894262
297 0.00322552963750045
298 0.00324226302897621
299 0.00326228494148456
300 0.00328559831236335
301 0.003312150276143
302 0.00334187764471408
303 0.00337472163878572
304 0.00341060838417011
305 0.00344939064750946
306 0.00349089923289441
307 0.0035349593960599
308 0.00358137617086895
309 0.00362989238778177
310 0.00368022353634027
311 0.00373206828538969
312 0.00378510569286041
313 0.00383899511589843
314 0.00389337565182604
315 0.00394786392457332
316 0.00400204890369062
317 0.00405549645518506
318 0.00410775144712145
319 0.00415838181061549
320 0.00420711312783469
321 0.00425370808551872
322 0.00429792550913096
323 0.00433958879249604
324 0.00437879393645309
325 0.00441571613096952
326 0.00445054261906235
327 0.00448347006298485
328 0.00451469875592178
329 0.004544436278787
330 0.00457289825419574
331 0.00460031017333216
332 0.00462691448950186
333 0.00465296275630335
334 0.00467874546881247
335 0.00470469140246692
336 0.00473127197639226
