1 0.00627980365159812
2 0.00481424265300346
3 0.00369937895439813
4 0.00286863108373495
5 0.00225924890882217
6 0.00181869306906865
7 0.0015049837174252
8 0.00128410996406715
9 0.00113240151282801
10 0.00103455268192752
11 0.000981134606550385
12 0.000966455395289035
13 0.000989031581941933
14 0.0010517429701423
15 0.00116208017549689
16 0.00133226651034832
17 0.00158210323654189
18 0.00194277449219103
19 0.00246065950316589
20 0.00319602686975846
21 0.00422890299458686
22 0.00566267463674794
23 0.00762144412820908
24 0.0102344139180851
25 0.0136091786832282
26 0.017787100961379
27 0.0226798553767332
28 0.0279928450184992
29 0.0331884408759678
30 0.0376254068704017
31 0.0410772826812002
32 0.0436109375889269
33 0.0454602601717329
34 0.0468809840434692
35 0.0478216639997879
36 0.0481519653278371
37 0.0477589332434688
38 0.0465281490873415
39 0.0442708007079778
40 0.0408717564335855
41 0.0363685680529829
42 0.0310512166595998
43 0.0255666194018479
44 0.0204564507039512
45 0.0160315802399789
46 0.0124027394471992
47 0.00953850480435781
48 0.00734188642666547
49 0.00569444356444595
50 0.00447539252766566
51 0.00356646536492503
52 0.00288016348465246
53 0.00235560221968119
54 0.00195193704899514
55 0.00164614919366386
56 0.00142075408673966
57 0.00126108183695826
58 0.00115388070148696
59 0.00109021295371877
60 0.00106544781952092
61 0.00107846869601182
62 0.00113060892942167
63 0.00122706648634242
64 0.00137814108503722
65 0.00160040207226246
66 0.00191692803013562
67 0.00236142503769379
68 0.00298316806687835
69 0.00385176186393797
70 0.0050569269417978
71 0.00671311498120265
72 0.00896034007368837
73 0.0119504161370365
74 0.0157908903211895
75 0.0204877361945969
76 0.0258714594086242
77 0.0315753434896273
78 0.0372242033363984
79 0.0424332823742878
80 0.0468514966150021
81 0.0503134415130156
82 0.0527982873978394
83 0.0543892952254144
84 0.0551843436090133
85 0.0550779164246821
86 0.0539428816503064
87 0.0517121339350885
88 0.048395941866183
89 0.0440907723832859
90 0.0389867465135183
91 0.0333571228444999
92 0.0275723664035817
93 0.022118745920381
94 0.0173295859162685
95 0.0133470058720758
96 0.0101694283375606
97 0.00770460517100964
98 0.00583229752042505
99 0.00443259013127712
100 0.00339926480980169
101 0.0026458860244081
102 0.00210306085986333
103 0.00171733852483263
104 0.00144846404755798
105 0.00126512461367191
106 0.00114645113022767
107 0.00107964975205815
108 0.00105725028251961
109 0.00107693534294391
110 0.00114147251250263
111 0.00125882389926573
112 0.00144180034187883
113 0.00171125272635329
114 0.00209997976374457
115 0.00265671713657808
116 0.00344603866653237
117 0.00455476912747179
118 0.0060967539043611
119 0.0082078127107285
120 0.0110076030094702
121 0.0145567822565536
122 0.0187918655187993
123 0.0235032293246011
124 0.0285341486420649
125 0.0337693826232431
126 0.0391228979605713
127 0.0444828031646919
128 0.0494418347760329
129 0.0534278721137585
130 0.0558294323734532
131 0.0562098132013946
132 0.0547281540968882
133 0.0518072402614032
134 0.047910089854786
135 0.0434009799965442
136 0.0385988480972458
137 0.0337784851351607
138 0.0291319084051748
139 0.0247210474763918
140 0.0205916647559009
141 0.0167956839976105
142 0.0133965422493542
143 0.0104785883999368
144 0.00806930634885149
145 0.00614220988472296
146 0.00464282190688033
147 0.0035099946956432
148 0.00267466662141403
149 0.00207034138196435
150 0.00163924177913134
151 0.00133260492426014
152 0.00111555994888347
153 0.000964469185724514
154 0.000863463959333442
155 0.000801808772887095
156 0.000773331092138314
157 0.000775570154115915
158 0.000808942801730283
159 0.000877468193058358
160 0.00098977280725254
161 0.00116055628474994
162 0.0014122633496433
163 0.00178006372546842
164 0.00231936199293427
165 0.00311497014150629
166 0.00428404594843483
167 0.00598854304249185
168 0.00844466514015778
169 0.0119098701869211
170 0.0165893832323886
171 0.0225175505532422
172 0.0293964503891392
173 0.0365388184197229
174 0.0432471554026449
175 0.0488718471543842
176 0.0528654499961168
177 0.0549333952395508
178 0.0552742929298516
179 0.0543403354835829
180 0.052660676651984
181 0.0506347203807979
182 0.0481670443943985
183 0.0450905270430284
184 0.0413376404474244
185 0.0370100739557906
186 0.0322854580798076
187 0.0273773119616013
188 0.0225585483829882
189 0.0182006375436978
190 0.0145206666569581
191 0.01157054630859
192 0.00928869689844302
193 0.00753503866827286
194 0.00618597430760673
195 0.00514720516680145
196 0.00434740870190604
197 0.00373334049780043
198 0.00326509552480027
199 0.00291302242188466
200 0.00265498123645367
201 0.00247335422183754
202 0.00235590876223723
203 0.00229517536898897
204 0.00228764199453199
205 0.00233332971978799
206 0.00243597471388113
207 0.0026035225867029
208 0.00284900024738697
209 0.00319231855078437
210 0.00366301224017694
211 0.00430112202720799
212 0.00514843180848869
213 0.00625338475413391
214 0.00767177942106082
215 0.00946011559157988
216 0.0116558600151312
217 0.0142616017127989
218 0.017223508603226
219 0.0204281521582954
220 0.0237733928533692
221 0.0271492282500306
222 0.0304288714331948
223 0.0334828947603889
224 0.0362118702439104
225 0.0385414299732955
226 0.040420466465173
227 0.0417579441941725
228 0.0422207724245565
229 0.0414441487264333
230 0.039174056452979
231 0.0354494662804778
232 0.0308454879939942
233 0.0259887117340304
234 0.0213565363549743
235 0.0172493887779203
236 0.0138026308912012
237 0.011030550875393
238 0.00886555656150858
239 0.00718282429495227
240 0.00587291224679012
241 0.004851299070127
242 0.00405168661695529
243 0.00341932714231403
244 0.00291325229522891
245 0.00250350779578422
246 0.0021694152226968
247 0.00190027100073149
248 0.00168777861961164
249 0.0015247196157386
250 0.00140525327633737
251 0.00132494831064781
252 0.00128138714255638
253 0.00127454516326858
254 0.00130666539012637
255 0.00138098903372007
256 0.00150417771590958
257 0.00168793355975282
258 0.00195009586581396
259 0.00231439789509149
260 0.0028142970250776
261 0.00349631598975346
262 0.00442077633436501
263 0.00566578681618303
264 0.00733015388593224
265 0.00952699639513484
266 0.0123438724833563
267 0.0158115433539564
268 0.01985838823342
269 0.0243001560701045
270 0.0289944995017521
271 0.0338205034262228
272 0.0386648566586767
273 0.0433837651337356
274 0.0476220392297081
275 0.0509188809680775
276 0.0528039514348541
277 0.0529169601281337
278 0.0512079105048044
279 0.0478422123385815
280 0.0431383222735911
281 0.037555915555161
282 0.0316953386342104
283 0.0260618429778776
284 0.0209947830287119
285 0.0166849099997002
286 0.0131780486896199
287 0.0104218336971768
288 0.00830355714770823
289 0.00666851535802939
290 0.0053929635685753
291 0.00438765067240335
292 0.00359052316242416
293 0.00296432063765382
294 0.00247859812579435
295 0.0021070286523087
296 0.00182778880933949
297 0.00162307580010117
298 0.00147983285274919
299 0.0013894710605758
300 0.00134683955431579
301 0.00134816234175468
302 0.00139323227966928
303 0.00148611713969711
304 0.00163500951230524
305 0.00185057378801029
306 0.00214826891503321
307 0.00255000718957407
308 0.00308502598447527
309 0.00378899466862645
310 0.00470478437674241
311 0.0058853884821633
312 0.00740920178835058
313 0.00938270301924333
314 0.0119461701096359
315 0.0152625143635663
316 0.0194188264476414
317 0.0243866233266174
318 0.0299654426596482
319 0.0357598636362538
320 0.0413185193403887
321 0.0461352339640178
322 0.0496863702737867
323 0.0515553503094433
324 0.051647383070352
325 0.0500894709012489
326 0.047150378475676
327 0.0431868524530614
328 0.0385890571492175
329 0.0337260269731846
330 0.0289085270038661
331 0.0243581012522155
332 0.0201835991672649
333 0.0164466373008919
334 0.0131837136934888
335 0.0104158366232944
336 0.00812899805448188
