1 0.0117586187673204
2 0.00895890504038557
3 0.00615099378219349
4 0.0038450214112324
5 0.00228416787661423
6 0.00135739315316905
7 0.000842672208266849
8 0.000552619590304675
9 0.00038398818052932
10 0.000283544354947117
11 0.000223111150036376
12 0.000187427817147484
13 0.000168376106332752
14 0.000162024183037276
15 0.00016718861878235
16 0.000184782270222915
17 0.000218371060581364
18 0.000275463352372259
19 0.00036973231850879
20 0.000523318660222371
21 0.00077297431845642
22 0.00117906695905319
23 0.00183693614562136
24 0.00288465728312236
25 0.00450350318951927
26 0.00689390161254623
27 0.0101906673271393
28 0.0142426912026166
29 0.0184083401083558
30 0.0216740992970241
31 0.0235131260604675
32 0.0239193509798419
33 0.0232133048313011
34 0.0217631197136363
35 0.0196004810661119
36 0.0167848563671234
37 0.0135254448680714
38 0.0102867572883635
39 0.00782093607327196
40 0.00638579318636895
41 0.00601680560114856
42 0.00686637226113647
43 0.00907221105164851
44 0.012956928164547
45 0.018678414404182
46 0.0255366187583729
47 0.0318146292090789
48 0.0349229469170122
49 0.0326462731499375
50 0.0253979133782924
51 0.0169234498185858
52 0.0100883034860243
53 0.00563195306342906
54 0.00307611950075547
55 0.00169548901806796
56 0.000969334035548255
57 0.000588258247324547
58 0.00038131367632303
59 0.000264524603510303
60 0.000196765965976798
61 0.000157173577280236
62 0.000134799802129866
63 0.000124060825467515
64 0.000122453152123173
65 0.000129497136881277
66 0.000146324252802708
67 0.000176100372620364
68 0.000225015581288648
69 0.000304047654809942
70 0.000431332771990158
71 0.000637286259641837
72 0.00097276652368078
73 0.0015176677400019
74 0.0023691335336243
75 0.00361290591747018
76 0.00525559330050903
77 0.00716500907624831
78 0.00921472091300468
79 0.0113205669146136
80 0.0133885598942473
81 0.0150718976240343
82 0.015893584800206
83 0.0154495185990909
84 0.0137537442510185
85 0.0115861102923389
86 0.00963926454064349
87 0.00826928838859198
88 0.00760017386051527
89 0.0076192606960186
90 0.00843851771452291
91 0.0104541319706672
92 0.0144526422654414
93 0.0210018776104785
94 0.0298088354620526
95 0.0384836995404302
96 0.0427321478509988
97 0.0405854755230433
98 0.0331153238785948
99 0.0232686493739189
100 0.0142315120700806
101 0.00793321185297484
102 0.00426511956282882
103 0.00234202323760278
104 0.00137838204671654
105 0.000879980658039992
106 0.000611074510674808
107 0.000462422532379862
108 0.000380860226742078
109 0.000340713389209661
110 0.000330383792813325
111 0.000346184655763935
112 0.000389134794238422
113 0.000465355565251877
114 0.000587150039698328
115 0.000772947187286256
116 0.00103809758624117
117 0.0013868937699298
118 0.00179723704815369
119 0.0022226706534158
120 0.00267531394747614
121 0.00322478560515091
122 0.0040051775716201
123 0.00522349021430524
124 0.00701968320224953
125 0.00944962478633688
126 0.0123894727221521
127 0.0154152513057673
128 0.017867822729489
129 0.018976513368819
130 0.0181594119206268
131 0.0155680305105763
132 0.0124481184810198
133 0.00978231908355967
134 0.00792755014800439
135 0.0068202679811427
136 0.00638151630986871
137 0.00665193622950321
138 0.00783275675329729
139 0.0101515079255739
140 0.0139672924760007
141 0.0196767926448637
142 0.0273387724334174
143 0.0358880138860369
144 0.0426443033238963
145 0.0439911823360422
146 0.0382281669916966
147 0.0285356759614018
148 0.0189003300235961
149 0.0114968060129252
150 0.006649245448013
151 0.00376372717654452
152 0.00214284273283878
153 0.00126091222273621
154 0.000784984465270078
155 0.000521690492968238
156 0.000372085055691045
157 0.000286017268189183
158 0.000236999230474353
159 0.000211517985697593
160 0.000203156769508533
161 0.000209745699717871
162 0.000232197514874337
163 0.000274856692890543
164 0.000346911519745357
165 0.000464378397765371
166 0.0006491484120106
167 0.000930700592886692
168 0.00134413476116652
169 0.00192898912428
170 0.00276189914302766
171 0.00397836351342453
172 0.005813042576115
173 0.00862327224660559
174 0.0126266799305994
175 0.0176219465486165
176 0.022651742689572
177 0.0262068513987247
178 0.0277908751507179
179 0.0277762785398723
180 0.0268952774709746
181 0.0257097245429861
182 0.0238890529847316
183 0.0210585126313596
184 0.0174548966116909
185 0.0143608444742922
186 0.012586421475396
187 0.0126158021643111
188 0.0151324316691082
189 0.0205351611329916
190 0.0290607767461486
191 0.0395874712112128
192 0.0484865246410623
193 0.0517673478820224
194 0.0470617343359653
195 0.0354499685605822
196 0.0218236406925887
197 0.011612329630379
198 0.00577511256620361
199 0.00290960928618081
200 0.00158780272045559
201 0.000949677452783337
202 0.000621116282932222
203 0.000443090505374515
204 0.000344180174895553
205 0.00029162349877263
206 0.00027023894829626
207 0.000274278518745225
208 0.000303902472347433
209 0.000365966024107977
210 0.000476840104955645
211 0.000667673888306287
212 0.000988458199851377
213 0.00151867041706349
214 0.00237668717162732
215 0.00371562963318908
216 0.00567397789883327
217 0.00826998006850835
218 0.0112452869613822
219 0.0140236884723332
220 0.0161106585154427
221 0.0172153717990228
222 0.0172728524601113
223 0.0164395202683256
224 0.015052278362822
225 0.0134601045916626
226 0.0119345933044991
227 0.0106197911467154
228 0.00947737650579026
229 0.00844980318038911
230 0.00749731798505068
231 0.0066569013878281
232 0.00617673535785459
233 0.00631395621577903
234 0.00738547401259636
235 0.00967743780323889
236 0.013698961701303
237 0.0201970395806173
238 0.0297586907064401
239 0.0412985562863343
240 0.0507870525210676
241 0.052186553953797
242 0.0430306350805571
243 0.0295916096502015
244 0.0180395810218205
245 0.0104084173439451
246 0.00603383631996601
247 0.00360880030266741
248 0.00226632783011632
249 0.00152031238168407
250 0.00110421985699515
251 0.000867962261486286
252 0.000735437909341186
253 0.000669039258682022
254 0.000649251895345469
255 0.000661296506423874
256 0.000693916749369003
257 0.000736297322808791
258 0.000780215688236809
259 0.000835730999416376
260 0.000921626916976196
261 0.00106221840687029
262 0.00128213111452804
263 0.00161876774801488
264 0.00213517010465793
265 0.0029271292251865
266 0.00408555407294264
267 0.00566540383310256
268 0.00761724859721597
269 0.00972678184020559
270 0.0117192107894843
271 0.0132826578335449
272 0.0141196097379275
273 0.0140707597004324
274 0.0132780887173227
275 0.0120159284226867
276 0.0105599777309904
277 0.00914897914511536
278 0.00800765787259951
279 0.00727348541937143
280 0.00704340248614283
281 0.0074188111777258
282 0.00843693631287559
283 0.0102117203261948
284 0.0128965136215815
285 0.0163095698715287
286 0.0197259022767469
287 0.0218052119998129
288 0.021253787769679
289 0.018279313832515
290 0.0140008131201099
291 0.00963826780339337
292 0.00604710724209983
293 0.00357008207996899
294 0.00205770835698951
295 0.00120150376475843
296 0.000733428552286101
297 0.00047244878636579
298 0.000322378180892531
299 0.00023389440846101
300 0.000181061800926554
301 0.000149917505946179
302 0.000133060638229683
303 0.000126873282727147
304 0.000130159179663764
305 0.000143504077708137
306 0.000169726043812738
307 0.000214949331904251
308 0.000290965522986682
309 0.000420250308107161
310 0.000646514109104667
311 0.001053839251936
312 0.00178561046262053
313 0.00307442312252415
314 0.00525783590057718
315 0.00870947854621145
316 0.0135047544089945
317 0.0189148405451685
318 0.0231176825511342
319 0.0241992053478959
320 0.0226219698600444
321 0.0199806974620216
322 0.0176450589035976
323 0.0162667690751876
324 0.0154581557060246
325 0.0147425479354585
326 0.0137367594723001
327 0.012303638697182
328 0.0108781292627241
329 0.00985619762860566
330 0.00950212239815512
331 0.00998964655932896
332 0.0111408690947674
333 0.0126561953123836
334 0.0140818423360758
335 0.0148271700266566
336 0.0142918157596942
