1 0.00800337945169442
2 0.00642975346495484
3 0.00516196735737532
4 0.00418533735833369
5 0.00346262815820407
6 0.00295307298735629
7 0.00261827516268068
8 0.00241714643075498
9 0.00232301965861475
10 0.00232366988507095
11 0.00241658477247724
12 0.00260127634053051
13 0.00288274017638123
14 0.00327140553956408
15 0.00378180101590712
16 0.00443231140781262
17 0.00524218872459967
18 0.00622774115371394
19 0.00739582908118382
20 0.00873073395084172
21 0.0101863552717742
22 0.0116789631722991
23 0.0131066641709476
24 0.014440750738932
25 0.0156945717410855
26 0.0169049250019925
27 0.0180817431581513
28 0.0190370233711678
29 0.0195028906613681
30 0.0192894809965189
31 0.0185403502175001
32 0.0174947715952725
33 0.0163725946914319
34 0.015347248256816
35 0.014531534919976
36 0.0140111806784108
37 0.0138687062672948
38 0.0141544777693226
39 0.0147401410606037
40 0.0154420821995757
41 0.0160459996122364
42 0.0163235266364676
43 0.0161138358641102
44 0.0153147446468515
45 0.0139027086664721
46 0.0120033357039226
47 0.00996193677837902
48 0.00806354552364918
49 0.00645965280584095
50 0.00518850017251189
51 0.00420400394915214
52 0.00345107392750952
53 0.00288265632227991
54 0.0024613816413449
55 0.0021608009087827
56 0.00196212136550753
57 0.00185255809029823
58 0.00182203732362086
59 0.00186861486624992
60 0.00200028889097391
61 0.0022343496963646
62 0.00259031537641159
63 0.00309597203418303
64 0.00378947930380978
65 0.00471545126283923
66 0.00590716497639969
67 0.00737291945294897
68 0.0090743844575815
69 0.0109166193142636
70 0.01279925286088
71 0.0146044460934721
72 0.0161948570095745
73 0.0174340895641627
74 0.0182254037127476
75 0.0185126845746761
76 0.0182816686414793
77 0.0175927036569915
78 0.0166574061293536
79 0.0156976001501835
80 0.014873080147405
81 0.0142308394463416
82 0.0137918841181118
83 0.0135794036469605
84 0.0136137151707484
85 0.0138864514756054
86 0.0143905308339579
87 0.0151279967666593
88 0.0160791634090767
89 0.0170977822665106
90 0.0179663449902326
91 0.0184285056508053
92 0.0182585559411397
93 0.0174129290412293
94 0.0159559768813983
95 0.0140219063282564
96 0.0118192321937942
97 0.00963726855111839
98 0.00768307837965714
99 0.00605363256289558
100 0.00476605338447635
101 0.00379249090588305
102 0.00308550859352568
103 0.00259644826100339
104 0.00228266603287062
105 0.00210505336407221
106 0.00204141077133309
107 0.00208534214856053
108 0.00224046580668596
109 0.00252576293371318
110 0.00298064582787073
111 0.0036685429814798
112 0.00466773726367284
113 0.00607778746348778
114 0.00801676489989388
115 0.0105930639447111
116 0.0138121607770861
117 0.0174909468538487
118 0.021178271167166
119 0.0242355247115334
120 0.0263011255798027
121 0.0272572514562376
122 0.0271595546796239
123 0.0261897154936356
124 0.0245864918924501
125 0.0226021377822736
126 0.0204658589120303
127 0.0183711310332979
128 0.0164907007089603
129 0.0149409376053816
130 0.0137914881173208
131 0.0130799654582054
132 0.0128063883381601
133 0.0129932622577355
134 0.013665171836191
135 0.0146983698133973
136 0.0158983373345224
137 0.0170044863935505
138 0.0177151426784515
139 0.0178228061149565
140 0.0171959207852895
141 0.0157985546315322
142 0.0137661033205241
143 0.0114763131519081
144 0.00926441894756173
145 0.00733070046732945
146 0.00575517382927549
147 0.00453527185065486
148 0.00362891974829673
149 0.00298251494643859
150 0.00254301000691846
151 0.00225793505098716
152 0.00209232971903425
153 0.00202793564670737
154 0.00205872488066743
155 0.00218551765057713
156 0.00242035492302691
157 0.0027857948529103
158 0.00330247308242269
159 0.00399069642619848
160 0.00486495690145444
161 0.00593025085837262
162 0.00720635682609518
163 0.00871620840073469
164 0.0104768699728541
165 0.0124837333223282
166 0.0146539850774233
167 0.016825748956737
168 0.0187647248016838
169 0.0202136661417103
170 0.0210353310036988
171 0.0211794987562567
172 0.0206621181713953
173 0.0195901155505986
174 0.0182232376974212
175 0.0168184431932244
176 0.0155736262732626
177 0.0146174898296914
178 0.0139906920732668
179 0.0137224178669659
180 0.013860549252175
181 0.0144407941333962
182 0.0153422788031499
183 0.0163793541842318
184 0.0173251636597123
185 0.0179395621681382
186 0.0179767136933829
187 0.0172331131801405
188 0.0156707428038816
189 0.0135726465365231
190 0.0112782435802595
191 0.0090574290048523
192 0.00709055712030043
193 0.00548313541998057
194 0.00424964361220011
195 0.00334947363556877
196 0.0027195362307886
197 0.00228843597781704
198 0.00200442407677803
199 0.00183535501488179
200 0.00176278942291355
201 0.00177546436966751
202 0.00187298695987641
203 0.00206701512714058
204 0.00238105836737243
205 0.00284504606841596
206 0.00350052694628077
207 0.00440132125794092
208 0.00560446057933813
209 0.007160412104709
210 0.0090940832057876
211 0.0113781300592872
212 0.0139102493366318
213 0.0164871403966387
214 0.018799416569346
215 0.0205197779003092
216 0.0215635777712182
217 0.0219988780105515
218 0.0219679689549979
219 0.0216250080273107
220 0.0210370532134638
221 0.0202518375308032
222 0.0193189139790468
223 0.0183040663380978
224 0.0173320337630213
225 0.0165199876177354
226 0.0159646173521821
227 0.0157145626032264
228 0.0156651371064629
229 0.0156824868688122
230 0.0156352236793355
231 0.0154073907521686
232 0.0149447449867669
233 0.0142214186970753
234 0.0132397392138326
235 0.0120509054061783
236 0.0107230161616636
237 0.00932660611319517
238 0.00793414597541847
239 0.00662429731552257
240 0.00545074198720194
241 0.00443887730540036
242 0.00359619986817864
243 0.0029247847351316
244 0.00241198237674445
245 0.00203722322724738
246 0.00177819328474226
247 0.0016115143354879
248 0.0015218661717257
249 0.00150305225565028
250 0.00155690593167535
251 0.0016910506123061
252 0.001924145179009
253 0.00229128941972859
254 0.00284962566139545
255 0.00367806350550754
256 0.00489054345962266
257 0.00664910236715397
258 0.00914013845131334
259 0.0123760141405533
260 0.0160257401734044
261 0.0193998033125266
262 0.0220174431599923
263 0.0236412155181575
264 0.024230429936146
265 0.023910500142408
266 0.0229048647476479
267 0.0214736089041184
268 0.0198633976151155
269 0.0182605930469043
270 0.0167419224666481
271 0.0153475440608657
272 0.0141037872088615
273 0.0130477881863705
274 0.0122844505303004
275 0.0119187636449728
276 0.0120669417120236
277 0.0128361123380982
278 0.0141247225131677
279 0.0157419201778897
280 0.0173992910266116
281 0.0187371879059673
282 0.0195627450352498
283 0.0197665180099008
284 0.0192958284772087
285 0.0181759141494907
286 0.0165015636475041
287 0.0144218924634347
288 0.0121457488837609
289 0.009956275858895
290 0.00804336830414217
291 0.00648477371026701
292 0.00527838561651828
293 0.00437036501911891
294 0.00370473751463204
295 0.00323614784174116
296 0.00293037896837
297 0.00276181311044703
298 0.00271878288202112
299 0.0028053838921114
300 0.00304021990686992
301 0.00344597398428464
302 0.00406201269909294
303 0.00495120018266231
304 0.00619709483196089
305 0.00787025060402398
306 0.0100092095330429
307 0.0125817352484233
308 0.0154374791809084
309 0.018294103650635
310 0.020730342179512
311 0.0223127634700786
312 0.0229498622839297
313 0.0227636136948801
314 0.0219709163997881
315 0.0208168555745603
316 0.0195178211955579
317 0.0182523489880135
318 0.0171599893855334
319 0.0163315028974284
320 0.0157774352447493
321 0.0154981931348101
322 0.0155055900369833
323 0.0158064225600112
324 0.016341887295914
325 0.017034634930557
326 0.0177978823430689
327 0.0185277723716066
328 0.019097565692509
329 0.0193679183705268
330 0.0192037607143698
331 0.0185139369273222
332 0.0173184964749643
333 0.015698749976186
334 0.013783837343876
335 0.0117582034776171
336 0.00978333819830502
