1 0.00190220662229897
2 0.00261072019254843
3 0.00355834158909352
4 0.00473317430498966
5 0.00613820178777427
6 0.00778504262475946
7 0.00968230855700908
8 0.0118206944419979
9 0.0141751126357273
10 0.0167073902836835
11 0.0193876147912054
12 0.0222795023826943
13 0.0255274121465352
14 0.0293592373950606
15 0.0341149261406284
16 0.0402902484077849
17 0.0486342814932798
18 0.060310620445616
19 0.0764486580547017
20 0.0949807005984014
21 0.110252091445556
22 0.114318766567085
23 0.10298141636542
24 0.0842069959724703
25 0.0666870658773145
26 0.0548578649327435
27 0.049491764031237
28 0.0479536528753069
29 0.0478938946094489
30 0.0474655944241498
31 0.045540322226544
32 0.0413955658270207
33 0.0348667883784315
34 0.0268099582717999
35 0.0191508559950416
36 0.0130515502918368
37 0.00872405704900788
38 0.0058665227676656
39 0.00402657556567789
40 0.00285380104501872
41 0.00211267464402029
42 0.00164781642810962
43 0.00135067660750442
44 0.00115726606789811
45 0.00103089726750838
46 0.000952309761942647
47 0.000920241694429784
48 0.000941001152412249
49 0.00103001315593347
50 0.00121612516542033
51 0.00153677302397407
52 0.00205430009955442
53 0.00287111086059344
54 0.00413582774150338
55 0.00599266361130524
56 0.00850319054744812
57 0.0115555293861859
58 0.0149706416012982
59 0.0184873174901277
60 0.0217605253890134
61 0.0245917410992442
62 0.0276686276559428
63 0.0323561694546669
64 0.0410134293428711
65 0.0573915169580549
66 0.0828516326516523
67 0.113422267811118
68 0.136727799775855
69 0.138807339679811
70 0.123471318387226
71 0.101851075067001
72 0.0827374909629793
73 0.0698248531032131
74 0.0616946762926013
75 0.056780464363632
76 0.0541169710758987
77 0.0528007603421355
78 0.051023127880311
79 0.0469802733240816
80 0.0400394305482507
81 0.0319733125931931
82 0.0244861289147782
83 0.0184243855355798
84 0.0138990677378584
85 0.0105306015787894
86 0.00798849839770052
87 0.00604842188947875
88 0.00456064941735189
89 0.00343132180436882
90 0.00258367087419046
91 0.00195271726219816
92 0.00148957196777572
93 0.00116506249452809
94 0.00095161805566107
95 0.000826722456940424
96 0.000775725847238759
97 0.000788910209821623
98 0.000870050640921712
99 0.00104106557590369
100 0.00134822635020223
101 0.00186306112379929
102 0.00270026675806507
103 0.00403469498135622
104 0.00609042368293696
105 0.00899603025102272
106 0.0125607323235564
107 0.016202819919205
108 0.0197330307804843
109 0.0234376495420238
110 0.0280315742770389
111 0.0345845628895868
112 0.0437822478180667
113 0.0561543567426917
114 0.072057678701871
115 0.0909689661578634
116 0.109233619120236
117 0.120417426066233
118 0.11770827093397
119 0.099896459706662
120 0.0772013406847984
121 0.0583044970841419
122 0.046475747610112
123 0.0414853039020662
124 0.0404697562258166
125 0.0411804352397772
126 0.0417034460648155
127 0.0404476076719511
128 0.0374046157202384
129 0.0331100652826344
130 0.0281618998390945
131 0.0230327029548774
132 0.0178984393913565
133 0.0130147184771856
134 0.00878798294925149
135 0.00564167926737466
136 0.00355471242957964
137 0.00226981663724881
138 0.00151127518800313
139 0.00106423586565042
140 0.00080106386882113
141 0.000651327888751694
142 0.000577064328751634
143 0.000558033126948964
144 0.000588917076835738
145 0.000678184645508825
146 0.000850712285932815
147 0.00115297315518617
148 0.00167189038726114
149 0.00256842290183402
150 0.00411832648504375
151 0.00665732524279209
152 0.0104286631730512
153 0.0152239804935829
154 0.02014577982488
155 0.0245313323094616
156 0.0281914148037425
157 0.0313697365566094
158 0.0347739414223021
159 0.0395240267644683
160 0.0473747298074219
161 0.060629318911033
162 0.0791568196866783
163 0.099576268969406
164 0.114537565748999
165 0.116512217593751
166 0.107841252426813
167 0.0947273855834463
168 0.0824627027873551
169 0.0737147962969307
170 0.067388375806347
171 0.0620775407600878
172 0.0567539647385111
173 0.0508806009677788
174 0.044819854010666
175 0.0390132573981008
176 0.0337528838008686
177 0.0290665942516097
178 0.0245018074508081
179 0.0197855913930452
180 0.014973589192868
181 0.010482847702461
182 0.00695318651733571
183 0.0045192628412889
184 0.00297078948832919
185 0.00201942250946353
186 0.00144775892163501
187 0.00111636794324986
188 0.00094087116826088
189 0.00086832523579859
190 0.000876060674953445
191 0.000964595875483069
192 0.00115389513580173
193 0.0014765118815823
194 0.00198420955062069
195 0.00274940904020729
196 0.00386608052260269
197 0.00548281629657656
198 0.00781262913555505
199 0.0111423558263716
200 0.0158149411299715
201 0.0220569670405334
202 0.0298016655643692
203 0.0384774343352191
204 0.0469560865214985
205 0.05404224800288
206 0.0586495913995416
207 0.0603140790808429
208 0.0603168784079459
209 0.0605039595888336
210 0.062788301687153
211 0.0685862821017162
212 0.0760918715515626
213 0.081730712872839
214 0.0810981006545691
215 0.0721911991111715
216 0.0602358515079553
217 0.0502524155130528
218 0.0448350645515749
219 0.0448642038121915
220 0.0485777567951899
221 0.0537657649544081
222 0.057507139802027
223 0.0566224502106245
224 0.0502045664998712
225 0.0394084899154715
226 0.0268818825605285
227 0.0158448273725653
228 0.0084750615605084
229 0.00438967533324896
230 0.00235134279694117
231 0.00137446800432122
232 0.000882393760136527
233 0.000618638242332067
234 0.000471524024810607
235 0.000390994539988687
236 0.000353431188686182
237 0.000348953769577728
238 0.00037630388679489
239 0.000439621100035732
240 0.000550765078991307
241 0.000732447690653928
242 0.00102527206176294
243 0.00150841468345877
244 0.00233302995655984
245 0.00379379388839624
246 0.00645373256086956
247 0.0112063123091955
248 0.0192802030937956
249 0.0319014898950348
250 0.0493591961944901
251 0.069831582606895
252 0.0886941983894561
253 0.0995326580042419
254 0.098227612345139
255 0.0887790744043641
256 0.0773807259399228
257 0.0686265803840351
258 0.064570034380218
259 0.0636015583109829
260 0.0637887069300108
261 0.0635588720207158
262 0.0622112470811699
263 0.0593383429674267
264 0.0547023552728294
265 0.0485966177895822
266 0.0424165661095457
267 0.0373133074366028
268 0.0339537464437242
269 0.0324744317909393
270 0.0318330432483864
271 0.0308604387680587
272 0.028545956468131
273 0.0245219250116838
274 0.0197481475492353
275 0.0151938092138622
276 0.0113863336378219
277 0.00845438166653662
278 0.00625966674312451
279 0.00463884534040453
280 0.00345353535930255
281 0.00259292283947265
282 0.00197234687922598
283 0.0015272683641537
284 0.00121160619492882
285 0.000997570109324274
286 0.000864954196628399
287 0.000801381000757911
288 0.000803300665652678
289 0.000874566834823277
290 0.00103593188263171
291 0.00133729600834725
292 0.00187409288042603
293 0.00277773917380684
294 0.00421866366604367
295 0.00636048095829972
296 0.00926046182704664
297 0.012866320803914
298 0.0169276143602793
299 0.020932199757934
300 0.0243194537390253
301 0.0272747174690819
302 0.030534619044135
303 0.0352702635515131
304 0.042913631304519
305 0.0535737820807622
306 0.0661294811680705
307 0.077909030969626
308 0.0853783697162287
309 0.0875121483192609
310 0.084921136809383
311 0.0790038902678903
312 0.0717057037687207
313 0.0647223081815653
314 0.0592547340663235
315 0.0557936796877457
316 0.0534267728274382
317 0.0511126899042147
318 0.0479837092769445
319 0.04339009737863
320 0.0370303517470853
321 0.0291947004150165
322 0.0207998944786063
323 0.0132531012045016
324 0.00784633158150079
325 0.00454514693136913
326 0.00271428871659553
327 0.00174590575802526
328 0.001221796091988
329 0.000931554222396679
330 0.00077485284404917
331 0.000703638203598891
332 0.000696601371975438
333 0.000750363662413439
334 0.000875435908376564
335 0.00108976874414924
336 0.0014221981678313
