1 0.0797344730392539
2 0.0681053759775537
3 0.0564212139263832
4 0.0467960376124158
5 0.0397222613697291
6 0.0351919550046394
7 0.0330783282685296
8 0.033086586202461
9 0.0351959060985346
10 0.0397745760621934
11 0.0473093249683513
12 0.056886570299546
13 0.065996006676951
14 0.0706220201247754
15 0.0676057562750555
16 0.0593191133351785
17 0.0495533243651405
18 0.0409899997378089
19 0.0346349671049785
20 0.0296826191220751
21 0.0253618498422122
22 0.0212294433839024
23 0.0171573221799764
24 0.0133644652232242
25 0.0100489968506848
26 0.00730611798346135
27 0.0051682283480177
28 0.00364404426035529
29 0.002635732181159
30 0.00200503009013467
31 0.00161937715469354
32 0.00139632548864921
33 0.00129248005408274
34 0.00128935136257979
35 0.00138317358125392
36 0.00158969890050713
37 0.00195006730213059
38 0.00254166356075953
39 0.00349375005558091
40 0.00502334612945711
41 0.00749169406228432
42 0.011454411527437
43 0.0175250455827301
44 0.0261129541850189
45 0.0369054922845786
46 0.048442197610424
47 0.0588279671814468
48 0.0661252218035632
49 0.0688017844291179
50 0.0664465455872196
51 0.060544661075354
52 0.0530842788217703
53 0.045696397507149
54 0.0395195387861491
55 0.0354706929850672
56 0.0342204455405316
57 0.0362802155570685
58 0.0410564291945047
59 0.0475627272756555
60 0.0541364651151426
61 0.0585678728410303
62 0.0599114329150046
63 0.0580192381007417
64 0.0532279915676744
65 0.0463712595461251
66 0.0387812228038488
67 0.0315558876752366
68 0.0253319227146946
69 0.0202735631899729
70 0.0160974652503421
71 0.0125690900667498
72 0.00956470779256609
73 0.00705726922978711
74 0.00510273767184603
75 0.00366885458379463
76 0.00266197424280562
77 0.00197768099619086
78 0.00152576413860936
79 0.0012394528921657
80 0.0010731456827498
81 0.000995511769255577
82 0.000992909489266066
83 0.00106845851104784
84 0.00124363842318711
85 0.00156394846066641
86 0.00212045274265602
87 0.00309285722712344
88 0.00482427963775797
89 0.00788361021600402
90 0.0131706393045083
91 0.0219419061232471
92 0.0354980184370963
93 0.0540322437228934
94 0.0750621321518843
95 0.0926881395286692
96 0.100274388834212
97 0.0971418454430013
98 0.0866412997426154
99 0.0730658551930339
100 0.0598520169129777
101 0.0488592256496406
102 0.0407994462719399
103 0.0357934439101278
104 0.0336511158848471
105 0.0336196424923816
106 0.0351333351452611
107 0.0377991705356201
108 0.0412270376485268
109 0.0448981737033621
110 0.0480977056869806
111 0.0500467242488995
112 0.0503717909175833
113 0.0489355171731103
114 0.0457788486299743
115 0.0411420016224288
116 0.0354599790751905
117 0.0292636139334742
118 0.0230867044826155
119 0.0174180138921119
120 0.0126687032662752
121 0.00897437540769846
122 0.00625675911998914
123 0.00434415789830724
124 0.00305541419999666
125 0.00221717551787566
126 0.00169058536144034
127 0.00137566129548024
128 0.00119995648186674
129 0.00112391338930108
130 0.00113223559281182
131 0.00122762790454924
132 0.00142791189474609
133 0.00177412153206697
134 0.00234234287343613
135 0.00325732819648181
136 0.00472444063359768
137 0.00707610959578081
138 0.010816564968572
139 0.016567431174127
140 0.0249234839478643
141 0.0361090537901323
142 0.0494205130533652
143 0.0626394878757941
144 0.0721552409658437
145 0.0741559278795606
146 0.0673911810405224
147 0.0560604784215309
148 0.0447275855499058
149 0.0359439302273511
150 0.0303863304167507
151 0.0274219512964064
152 0.0266001050761769
153 0.0279141454480651
154 0.031680912105159
155 0.0379101032744327
156 0.0463443877685538
157 0.0561586003827673
158 0.0657098583661139
159 0.072451126846679
160 0.0734940881650628
161 0.0674834273603935
162 0.0570547749517795
163 0.0455748292718066
164 0.0353372749280087
165 0.0271946442286412
166 0.0207343577958492
167 0.0155348747518226
168 0.011342460979197
169 0.0080353327189472
170 0.00559089842155185
171 0.00388393479480712
172 0.00273859065623868
173 0.00199057671553341
174 0.00150898718692163
175 0.00120579017280391
176 0.00102647299165186
177 0.000939356866118981
178 0.000926623210289673
179 0.000986411352742425
180 0.0011344372617413
181 0.00140993799207594
182 0.00188820418485464
183 0.00271446137919028
184 0.00416251737622828
185 0.00669946784726939
186 0.0111050861625714
187 0.0185944799621239
188 0.0306893978468302
189 0.0478511933399003
190 0.0674504220803641
191 0.0826467840207148
192 0.0861270365593656
193 0.0790266576414636
194 0.0668536229330904
195 0.0546344372228918
196 0.0450194143077788
197 0.0381293898543208
198 0.0336289679449105
199 0.0312873519171602
200 0.0310038617800544
201 0.0326327394660347
202 0.0362594066945273
203 0.0422589333224408
204 0.0509011031712723
205 0.0604910458810392
206 0.0672937592232967
207 0.0674790447762322
208 0.0619430987915772
209 0.0535266546600498
210 0.0447893676310226
211 0.0371878714509591
212 0.0308040719314638
213 0.0254710020177667
214 0.0210356499600638
215 0.0173401603264529
216 0.0141894811212736
217 0.0114491089197629
218 0.0090472319052489
219 0.00697525432879295
220 0.00529183656736367
221 0.00399691283153224
222 0.00304092698003191
223 0.00235935938474313
224 0.00189415218289438
225 0.00159748167541855
226 0.00143687168470451
227 0.00139615030136288
228 0.00147100257900466
229 0.00168307214419336
230 0.00209422577217656
231 0.00283042959096101
232 0.00410725190238279
233 0.00630796976037081
234 0.0100895476545909
235 0.0164354755002464
236 0.0266144854669165
237 0.0418185882854891
238 0.0621603240663031
239 0.0847471638372796
240 0.102977096942169
241 0.108623131399976
242 0.0979856010998868
243 0.0785205267434991
244 0.0589639200694232
245 0.0439878445105203
246 0.0344113679616276
247 0.0288547770972603
248 0.0262713369130571
249 0.0262890897263715
250 0.028976518931364
251 0.0339573588321802
252 0.0404691147363529
253 0.0469534857855725
254 0.0511902481986691
255 0.0520939409422358
256 0.0494765916521738
257 0.0438163599093601
258 0.0363145267464148
259 0.0288568433327432
260 0.022661421955423
261 0.0180460888789575
262 0.0146404233804329
263 0.0120902540464402
264 0.0101534346255374
265 0.00865149734711851
266 0.00742447872676803
267 0.00636151572025724
268 0.00539485362216258
269 0.00450300415852528
270 0.00372615655269909
271 0.00308880350831677
272 0.00259199690972032
273 0.00222711506961201
274 0.00198912921504774
275 0.00187647314187633
276 0.00189986269828181
277 0.0020924101888517
278 0.00251534882485789
279 0.00330323071785601
280 0.00474203765733032
281 0.0073934147955037
282 0.0120948151639426
283 0.0199126410215933
284 0.0316971610537819
285 0.0471831495672024
286 0.0637710771962355
287 0.0762157825549039
288 0.079374333892178
289 0.0738905567066904
290 0.0635771552728632
291 0.0522816843345
292 0.0424693947928038
293 0.0349961110481284
294 0.0300021642174274
295 0.0274485164326438
296 0.0272933997969843
297 0.029203741556591
298 0.0330474176228345
299 0.0388640994907537
300 0.0465544874650169
301 0.0551345220380777
302 0.0625638940618606
303 0.0659869995629568
304 0.0633925200622584
305 0.0565818157864828
306 0.0483426866656399
307 0.0407666781846055
308 0.034799324338754
309 0.0300727655554492
310 0.0261401548937773
311 0.0226957614018355
312 0.019515564969813
313 0.0164707534670921
314 0.0135206755793659
315 0.0107434266915869
316 0.00836755930930615
317 0.00649794273128759
318 0.00511842680649165
319 0.00415440240357654
320 0.00350825396082035
321 0.00310750592014293
322 0.00291062218825093
323 0.00290393023957964
324 0.00309927830071615
325 0.00355066322253281
326 0.00438130052984775
327 0.0058255718914941
328 0.00825574340966677
329 0.0122958559497118
330 0.0189698919326521
331 0.0296678048987309
332 0.0448450626664718
333 0.0622225254639477
334 0.0764344896263182
335 0.0839655121239492
336 0.0840693019731834
