1 0.0517729719452976
2 0.0608304536489575
3 0.0684860753470653
4 0.0743314227192303
5 0.0780394159550154
6 0.0794595558629473
7 0.0787738410551472
8 0.0768162191221682
9 0.0745562064633613
10 0.0728852621345041
11 0.0724624361308802
12 0.0732932190525162
13 0.0752695552730035
14 0.0783224910908995
15 0.0822493954050304
16 0.0861676305776784
17 0.0888722405616886
18 0.0890625109424625
19 0.0857090627210907
20 0.078728321183878
21 0.0686743892883673
22 0.0565699862380353
23 0.0438431748243942
24 0.0321410136934077
25 0.0224744601111471
26 0.0151270762788533
27 0.00991417921913762
28 0.00645077346858212
29 0.00425702247160189
30 0.00290427294195191
31 0.00206925266486522
32 0.00155176613837854
33 0.00123433022850919
34 0.00104820081337675
35 0.000951907466422692
36 0.000924875742659142
37 0.00096184500812329
38 0.00107044584651554
39 0.00127123172373991
40 0.00160529386451004
41 0.00214787327473693
42 0.00302707916164332
43 0.00442622852260694
44 0.00659852452870783
45 0.00985471219724479
46 0.0145077380396314
47 0.0208301102505134
48 0.0289049632691478
49 0.0384294116296286
50 0.0485994395153074
51 0.0582855706127398
52 0.0661700794461324
53 0.070980372660476
54 0.0721418038452416
55 0.071014390715174
56 0.0695333696651463
57 0.06915522661715
58 0.0697069147248654
59 0.0706396312989581
60 0.0713923156158091
61 0.0715491637350532
62 0.0713558762861225
63 0.071227493610326
64 0.0715779911848551
65 0.0726422629417078
66 0.0738981510783575
67 0.0745992242320383
68 0.0739814357061756
69 0.0713122023867996
70 0.0659445816630338
71 0.0576791915728299
72 0.0470114610520772
73 0.0353596735100528
74 0.0248930704487991
75 0.0167579660831363
76 0.0110337429974275
77 0.00726255397658183
78 0.00486230533543588
79 0.00336465024239634
80 0.0024409138625229
81 0.00187026023305142
82 0.00152211079478703
83 0.00132317603372962
84 0.00123371922931524
85 0.00123186840555044
86 0.00131328275987308
87 0.0014903473438376
88 0.00179453357347304
89 0.00228355944734661
90 0.00305795586808401
91 0.00429079645724193
92 0.00627196658849633
93 0.00944074196019325
94 0.0144418006286701
95 0.022152003903259
96 0.0335044713046005
97 0.0485506152456251
98 0.0654138643215809
99 0.0797487737350939
100 0.0866223136333246
101 0.0857408962557974
102 0.0796946260990163
103 0.0716303107804854
104 0.0641078303053127
105 0.0587152783671443
106 0.0565463503575507
107 0.0583213000379149
108 0.0633329658955081
109 0.0705606496051448
110 0.0786230090779557
111 0.0857951925400509
112 0.0911734177942686
113 0.0941777356821811
114 0.094366081091541
115 0.0915092041739984
116 0.0856482083409958
117 0.07713207749951
118 0.066608510612378
119 0.0550711294501156
120 0.0438955778344542
121 0.0340558142811603
122 0.0259815491402606
123 0.0196801928740693
124 0.0148888267640771
125 0.0113061351978077
126 0.00866021983002976
127 0.00672185347888503
128 0.00530429721501621
129 0.00426800005681157
130 0.00351188704132402
131 0.00296898287809899
132 0.00260963732403145
133 0.00241763692151259
134 0.00238776541661335
135 0.00252012572770113
136 0.00284271769792047
137 0.00342734708997786
138 0.00439784480318342
139 0.00587848873910375
140 0.0079774489168137
141 0.010712780194436
142 0.0139633249800235
143 0.0177578137322317
144 0.0222832961573752
145 0.0278968877830509
146 0.0350731504797801
147 0.0438288580730947
148 0.0536759972159683
149 0.0635583717501114
150 0.0720569662933591
151 0.0784117521088935
152 0.0823327266818743
153 0.0838276689277567
154 0.0833068867902805
155 0.0819600353807148
156 0.0811238419981195
157 0.0817203644166682
158 0.083198023950803
159 0.0846176447878234
160 0.0849893931053978
161 0.0833779042602825
162 0.0791824748574875
163 0.0721588784245159
164 0.0625171272825376
165 0.0511352853538539
166 0.0396573906253028
167 0.029388321711255
168 0.02098687910359
169 0.0145785143255496
170 0.00996086130168646
171 0.00677238600888966
172 0.00463545405008283
173 0.00323087242037301
174 0.00231836079061133
175 0.00173123179605652
176 0.00135986722956942
177 0.00113369107744716
178 0.00100517364291011
179 0.000948135407169157
180 0.000951723164149222
181 0.00101675052683111
182 0.00115543917529873
183 0.00139571500087784
184 0.00178685935561432
185 0.00239629330301933
186 0.003319658390672
187 0.00468472594077259
188 0.0066469351037689
189 0.00939188210065885
190 0.0131012729534001
191 0.0178882446700209
192 0.0237222639839369
193 0.0304125504662391
194 0.0375531002506414
195 0.0445074209298229
196 0.0505858028951061
197 0.0556116211714901
198 0.0597713352399842
199 0.0634683768503815
200 0.0671152256930288
201 0.0705813851876863
202 0.0735499833090266
203 0.0756716177017994
204 0.0767453273219233
205 0.0772187768330941
206 0.0777291219456082
207 0.0787261802509184
208 0.079842865140347
209 0.0804839673410808
210 0.0800423719810517
211 0.0779879472011211
212 0.0740510502388426
213 0.0681773133081764
214 0.0605411331904923
215 0.0515708873254095
216 0.0419269043807126
217 0.0323694080032209
218 0.0236147360334512
219 0.0162788269323768
220 0.010810106884707
221 0.00708770559838103
222 0.00470404997272663
223 0.00323119947496321
224 0.00232281365788108
225 0.00176201040305788
226 0.00142197241572338
227 0.00122913953776582
228 0.0011395463443204
229 0.00113313996431107
230 0.00120850302968395
231 0.00138187947378689
232 0.00169134689760923
233 0.0022113767889216
234 0.00307235308106129
235 0.00445428485659739
236 0.00659606406859221
237 0.00976515674977872
238 0.0141623562175515
239 0.0198037754629376
240 0.0263173427390276
241 0.0327788587180065
242 0.0379945835510323
243 0.0417217768554079
244 0.0444361882365451
245 0.0469778343120074
246 0.0501943349789193
247 0.0541180719481217
248 0.0585039626649675
249 0.0630168116021618
250 0.0672749806846545
251 0.0710567386980895
252 0.0741857900461413
253 0.0764905169817198
254 0.077897364431646
255 0.078692705298946
256 0.0792777043621504
257 0.08007043210376
258 0.0811565114548559
259 0.0812213832484718
260 0.0786317225929863
261 0.0723369558439878
262 0.0628485371816526
263 0.051388715412786
264 0.0393971502091378
265 0.0283172912256926
266 0.0193606603671606
267 0.0128328684963264
268 0.00840983170426044
269 0.00555348940638309
270 0.00375388318266067
271 0.0026359469202841
272 0.00195111076924954
273 0.00154108448494771
274 0.00130275326233805
275 0.00117940327701495
276 0.00114416105219417
277 0.001188979516751
278 0.00131795059600275
279 0.00155029978930899
280 0.00192517232757835
281 0.00250894945940706
282 0.00340163929463616
283 0.00475269380240628
284 0.00678168091511142
285 0.0098149137831486
286 0.0143143313125826
287 0.0208977528298761
288 0.0302192591838671
289 0.0422058332088813
290 0.0553835375374787
291 0.0665516418500307
292 0.0721695069998292
293 0.0723130844922171
294 0.0691142685881309
295 0.0650227863955334
296 0.0618948621373795
297 0.060241542758025
298 0.0603203372373276
299 0.0625129166639404
300 0.0671693536657755
301 0.0737531342950645
302 0.0812586744581785
303 0.088252518199092
304 0.0930577900720968
305 0.0946157998364923
306 0.0922872499484079
307 0.0858690960167152
308 0.0758850198336583
309 0.0638884215624025
310 0.0515083817446634
311 0.0399604044996695
312 0.0298963022774671
313 0.0216066844588629
314 0.0151149520108495
315 0.0102848434099968
316 0.00691645077147997
317 0.00468414519639499
318 0.00325540631872202
319 0.0023609801441691
320 0.00180274785056019
321 0.00145911782459131
322 0.00126035520105162
323 0.00116833706983242
324 0.00116346161152373
325 0.00124445008547999
326 0.00142944940398661
327 0.00176088609241407
328 0.00231218556092069
329 0.00321268285221356
330 0.0046886622039732
331 0.00710558127080081
332 0.0108837880021923
333 0.016338247221917
334 0.0234348911998812
335 0.0319673662059698
336 0.0414972850871964
