1 0.00420090281764041
2 0.00402509884667869
3 0.00374803732641649
4 0.00335325674235567
5 0.00290520616831026
6 0.00246858010961201
7 0.00208342947658055
8 0.00176844855870097
9 0.00152859480789236
10 0.00136234072395048
11 0.00126475405147113
12 0.00122458729431945
13 0.00123536708150667
14 0.0012971235680472
15 0.00141782399231212
16 0.001621373300528
17 0.00195183156733863
18 0.00248864948064431
19 0.00337224099497569
20 0.00482039697722093
21 0.00719454135255392
22 0.0110947895456201
23 0.0173828501381971
24 0.0265664262683533
25 0.0378463092107024
26 0.0481404864663033
27 0.0531152835939552
28 0.0517578075656064
29 0.0457912589746524
30 0.0376966601013984
31 0.0293482777304945
32 0.0219292431285266
33 0.0159709437447402
34 0.0115166616816334
35 0.00834739051233109
36 0.00617263110169036
37 0.0047264955639681
38 0.00379576059802561
39 0.00321157452583658
40 0.00286978411765298
41 0.00271471102774026
42 0.00272182837811547
43 0.0028825818800771
44 0.00320996335453231
45 0.00374127033511619
46 0.00452403169465633
47 0.00553339569082323
48 0.00664691925225918
49 0.00761501153074514
50 0.00813261507978034
51 0.00811908072223951
52 0.00764619477455859
53 0.00685425671143403
54 0.0059110712173443
55 0.00498909676975445
56 0.00419976705728725
57 0.00358218247872999
58 0.0031064243026996
59 0.00273955110117845
60 0.00245761943536647
61 0.00224713190369296
62 0.00211299207223938
63 0.0020651549433055
64 0.00212041079234767
65 0.00231066779268209
66 0.00269524862666907
67 0.00339225881025153
68 0.00464342858660518
69 0.00689971890572965
70 0.0106903438092382
71 0.0164335709853118
72 0.0238648916880428
73 0.0314961731033827
74 0.0376887125547202
75 0.0411521186870387
76 0.0412366422966573
77 0.0382365199327213
78 0.0335182479737531
79 0.0284798709061103
80 0.0240012170502445
81 0.0203340383472828
82 0.0175129452760201
83 0.015506658473285
84 0.0142120342715901
85 0.013335159152737
86 0.0126125073855162
87 0.0118385186440003
88 0.0108867267069467
89 0.00979043622189518
90 0.00861810584346712
91 0.00743240931413877
92 0.00629401818379457
93 0.00527290555572943
94 0.00440880177861502
95 0.00371174103481332
96 0.00316638611863042
97 0.00272652640157578
98 0.00235469932814521
99 0.00202654235259569
100 0.00173106325703204
101 0.00147562884323566
102 0.00126518222900427
103 0.00109963302811486
104 0.000976337548579862
105 0.000891808447891362
106 0.000843829137363986
107 0.000831917290970648
108 0.000855933906662917
109 0.000919528073853958
110 0.00103200597779233
111 0.00120927161122646
112 0.00147179784249489
113 0.00184891334299219
114 0.00238223766780067
115 0.00312860878197479
116 0.0041638664470945
117 0.00558396308897723
118 0.00750241812276026
119 0.0100225166655795
120 0.013115328493804
121 0.0165348882390059
122 0.0197587584729169
123 0.0221229524774445
124 0.0233609825739046
125 0.0235185155028352
126 0.0228153251437591
127 0.0215799631536542
128 0.0202337221191264
129 0.0191448256455829
130 0.0186105481254072
131 0.0187649523699264
132 0.0191602201858938
133 0.0191810033091198
134 0.0183555749229729
135 0.0168381866282094
136 0.0149520908474066
137 0.01297942038632
138 0.0111083788580236
139 0.00940116174751745
140 0.0078803291914397
141 0.0065530348227402
142 0.00542370376573848
143 0.00451212098910792
144 0.0038167843156102
145 0.00332088648065952
146 0.00299204500466056
147 0.00275671565196733
148 0.0025525646142074
149 0.00233435086893652
150 0.00208206073943313
151 0.00182336345189151
152 0.00158606474421571
153 0.00138629835073497
154 0.00123145321763983
155 0.00112356145253322
156 0.0010638961228979
157 0.00105489077026097
158 0.00109878459480151
159 0.00120442456655873
160 0.001391774747337
161 0.00169646054707661
162 0.00217268973807614
163 0.00290883556980161
164 0.00405015388834429
165 0.00581552622607657
166 0.00842977843227701
167 0.0120374467018182
168 0.0165285718056369
169 0.0214158750208713
170 0.0262113111461724
171 0.0304847889613951
172 0.0338901657497439
173 0.0361706519992243
174 0.037014609481933
175 0.0362157245843569
176 0.0337756775686125
177 0.0300347703657673
178 0.0258405789284355
179 0.0219106672140217
180 0.0186570255353383
181 0.0161753019676111
182 0.0141776579433105
183 0.0124077314423502
184 0.0107327694448885
185 0.00917108928900662
186 0.00775583831141715
187 0.00650356648151972
188 0.00542041619955592
189 0.00451029992533368
190 0.00376557084252383
191 0.00317010287225063
192 0.00270265162265065
193 0.00233669290711223
194 0.00205029836524771
195 0.0018270184411672
196 0.00165262093807656
197 0.00150958327509403
198 0.00138366331420318
199 0.00126452558814877
200 0.00114805197662997
201 0.00104295273247285
202 0.000957526315570036
203 0.000897294291630054
204 0.000866274074346579
205 0.000867441388463229
206 0.000906439447591839
207 0.000994010225556032
208 0.0011481592550223
209 0.00140140768653489
210 0.00181325149969063
211 0.00248566615673686
212 0.00355514618849024
213 0.00520497175924174
214 0.00765289742480366
215 0.0110868718765521
216 0.0155322785741857
217 0.0206606631713082
218 0.02563337281146
219 0.0293761604705516
220 0.0317431402111676
221 0.0332507978382102
222 0.0347017703814021
223 0.0367846257581206
224 0.039108765798227
225 0.0408614958557268
226 0.0411132134422788
227 0.0392675422972596
228 0.0359369749425078
229 0.032001537207575
230 0.0281625968336848
231 0.0247646362803841
232 0.0215857556480171
233 0.0184103949565924
234 0.0152299605819545
235 0.0123218804671175
236 0.00987479472791391
237 0.00794040953231137
238 0.00647160239554762
239 0.0053393249616861
240 0.00444081329071359
241 0.00370784033650599
242 0.00310006534084905
243 0.00260657475771634
244 0.00221726392017109
245 0.00191960488963722
246 0.00169994906668788
247 0.0015417117518428
248 0.00143221449138927
249 0.00136314809593394
250 0.00133043629881185
251 0.00133636685091469
252 0.0013873814458274
253 0.00149506619881419
254 0.00167720572108795
255 0.00195386890528868
256 0.00235461161270853
257 0.0029240374012744
258 0.00372733635732785
259 0.00485792895815195
260 0.00644769819908701
261 0.00867553435289083
262 0.0117576860675001
263 0.015938859735439
264 0.0214622587683455
265 0.0284711440221292
266 0.036720343037665
267 0.0454059333501745
268 0.0531183030144008
269 0.0581723978500979
270 0.0595440191526236
271 0.0569639953173808
272 0.0508909417380763
273 0.042520489024355
274 0.0336703579662335
275 0.0257007610093571
276 0.0192481806587576
277 0.014382352069157
278 0.010835840005273
279 0.00830604769467104
280 0.00653595603340349
281 0.00530997776740609
282 0.00442297445296344
283 0.00373882499019006
284 0.00318234190148714
285 0.00273243487325835
286 0.00237683198136762
287 0.00210352215649526
288 0.00189655875644252
289 0.00172382263800627
290 0.00155838519531056
291 0.00138247695858095
292 0.00119218257649378
293 0.00100616397322165
294 0.000840114686207625
295 0.00070154974027592
296 0.000591796278943489
297 0.000507650725051874
298 0.000445406983824087
299 0.000402038996415546
300 0.000375347980846996
301 0.000363792903891269
302 0.000367234541579445
303 0.00038736119749774
304 0.000428135607934486
305 0.00049628622579185
306 0.000603609035391051
307 0.000770610800516196
308 0.00103240858871953
309 0.0014470862421884
310 0.00211416558209418
311 0.00320096269498045
312 0.00495424248691786
313 0.00771602280518835
314 0.0119030506696865
315 0.0178865630735832
316 0.0256660498269711
317 0.0344720573674272
318 0.0425238394872141
319 0.047660777190884
320 0.04941990544912
321 0.0485792061862407
322 0.0463647093433984
323 0.0437041333060734
324 0.0402722693194519
325 0.0356548896498617
326 0.0297972583605856
327 0.0232696813913377
328 0.0173610285982621
329 0.0127643565393271
330 0.00954568940476071
331 0.00745944674422089
332 0.00613418337970111
333 0.0053184937725679
334 0.00485397325403163
335 0.00459193355491412
336 0.00441861464062915
