1 0.00302934742764773
2 0.0025350988706118
3 0.00215577100101319
4 0.00186862968831181
5 0.00165377332442856
6 0.00149630540037227
7 0.0013856028723765
8 0.00131375380142281
9 0.00127571084152008
10 0.00126899178419928
11 0.00129312880317132
12 0.00134872602429438
13 0.00143823601438398
14 0.00156633832251278
15 0.00173986651697917
16 0.00196678170273054
17 0.00225705777425204
18 0.00262307578092384
19 0.00307807202706214
20 0.00362910853959748
21 0.00427576907415427
22 0.00500686851919741
23 0.00580137606445943
24 0.0066479115134242
25 0.00753755709540256
26 0.00845998504195199
27 0.00939980063076744
28 0.0103216766458865
29 0.0111777472905011
30 0.011912744183422
31 0.0124668698001192
32 0.0127824079967398
33 0.0128113481329727
34 0.0125339956317041
35 0.0119943859031908
36 0.0112593251321011
37 0.0103978536816529
38 0.00947135228535065
39 0.00852327770985892
40 0.0075876387630854
41 0.00669105038538659
42 0.00585454531724037
43 0.00509779861139812
44 0.00443184755321338
45 0.00385944810235035
46 0.00337652149269238
47 0.00297190421746104
48 0.00263436061293072
49 0.00235420473542782
50 0.0021236895054197
51 0.0019379826658426
52 0.00179329299575844
53 0.00168665078825176
54 0.00161564622806207
55 0.00157713437242887
56 0.00156924535431999
57 0.00159163798962686
58 0.0016447336199265
59 0.00173039165107366
60 0.00185220819578877
61 0.00201495457046758
62 0.00222200536053081
63 0.00247650265576064
64 0.00278135171666989
65 0.00313845974789582
66 0.0035479879454645
67 0.00400705643913215
68 0.00450838797174844
69 0.00504243068824517
70 0.00560952126758229
71 0.00621463749349883
72 0.00686508394113828
73 0.00757299355452815
74 0.00836369611733846
75 0.0092740158087507
76 0.01035381869773
77 0.0116582069499423
78 0.0132028657091258
79 0.0149809729962976
80 0.0169573897079273
81 0.0190259046779306
82 0.0210144455832599
83 0.0226945461011606
84 0.0238250483763019
85 0.0242658401471194
86 0.0239518837117503
87 0.0228859763627547
88 0.0211550184149898
89 0.0189500651402959
90 0.0164874656663725
91 0.0139651143109451
92 0.011553568598474
93 0.0094034918103269
94 0.00759164575142237
95 0.0061299561561817
96 0.00498651382381638
97 0.00409832742292741
98 0.00340924730019976
99 0.00287553932084905
100 0.00246339226488432
101 0.00214669884728971
102 0.00190581670178591
103 0.00172627702611067
104 0.00159731097800344
105 0.00151003657894912
106 0.00145833609822442
107 0.00143842357690165
108 0.00144777157895869
109 0.00148544463384863
110 0.00155208126275354
111 0.00164916088687851
112 0.00177670690879237
113 0.00193427205010287
114 0.00212086664600721
115 0.00233511732563694
116 0.00257780055914483
117 0.00284997517107423
118 0.00315202880512916
119 0.00348367455114735
120 0.00384469710803012
121 0.00423425935876589
122 0.00465047827925142
123 0.00508853043551248
124 0.00553417886411107
125 0.00596662590034332
126 0.00636019049261083
127 0.00668825683377744
128 0.00693468053115626
129 0.00708862550715367
130 0.00714281595849428
131 0.00709421730143571
132 0.00694467599941358
133 0.00670043079114941
134 0.00637276570725528
135 0.00598034894688587
136 0.00554343963621271
137 0.00508121656406544
138 0.00461137500115496
139 0.00415081753212752
140 0.00371280184152138
141 0.00330644346675036
142 0.00293786842177931
143 0.00261221621735388
144 0.00233173641947641
145 0.00209619864942366
146 0.00190360093456851
147 0.00175021101162166
148 0.00163257951385491
149 0.00154819510011421
150 0.00149526713142047
151 0.00147175235872593
152 0.00147683094558181
153 0.00151134435458544
154 0.00157764954185337
155 0.00167894956237689
156 0.00182025208884669
157 0.0020083981747598
158 0.00225028060909441
159 0.00255392099256225
160 0.00292871351857094
161 0.00338387248202312
162 0.00392289849179955
163 0.00454256959100015
164 0.00523054535653112
165 0.00596700542463156
166 0.00674187939709499
167 0.00754798241714621
168 0.00837754302669979
169 0.00922604789308669
170 0.0101058064641503
171 0.011040498985548
172 0.0120634304871738
173 0.0132056273062172
174 0.0144468370475755
175 0.0157391945275986
176 0.0170163710523075
177 0.0181947145790053
178 0.0191810051755591
179 0.0198762541191656
180 0.020184715102507
181 0.0200372908918993
182 0.0194341709823859
183 0.0184160002295399
184 0.0170635983399824
185 0.0155234002207246
186 0.0139351682083187
187 0.0124059399014375
188 0.0109985790467372
189 0.00971484812394472
190 0.0085453649861166
191 0.00748208092354073
192 0.00652198753974565
193 0.00567468342411941
194 0.00494443749955672
195 0.00432830967827801
196 0.00381944295184627
197 0.00341016670751918
198 0.00309242114925766
199 0.00285905329989677
200 0.0027035784880025
201 0.00261698441034754
202 0.00259357757602101
203 0.00263221794630215
204 0.00273552133524589
205 0.00290777962119375
206 0.00315701093118296
207 0.00349393043744774
208 0.00392440883133996
209 0.00445140399495698
210 0.00507370618590217
211 0.00578384847465148
212 0.00657022799310253
213 0.007412092797035
214 0.00827615429292742
215 0.00912593982197434
216 0.009961261003058
217 0.0108008739754333
218 0.0116741909093226
219 0.0126004550436869
220 0.013512535671947
221 0.0143003183181383
222 0.014835021984055
223 0.0150047812104407
224 0.0147972435550388
225 0.0142471743980521
226 0.0134106853579954
227 0.0123647506979774
228 0.0112159191608306
229 0.0100595156244675
230 0.00896603873117499
231 0.00797484408991575
232 0.00708327575745607
233 0.0062812529374392
234 0.00556078761903476
235 0.00491762693220144
236 0.00434734719887776
237 0.00384470595830237
238 0.00340402816216761
239 0.00301951470065036
240 0.0026854574243543
241 0.00239640118383389
242 0.00214712617336982
243 0.00193243120836577
244 0.00174768880148647
245 0.00158892211861045
246 0.00145285661984528
247 0.00133715537432786
248 0.00123986889446825
249 0.00115931141892844
250 0.00109390516768752
251 0.00104173152383312
252 0.00100114934119442
253 0.000970910137534439
254 0.000949905632014236
255 0.000936577210628719
256 0.000929443160796103
257 0.000927198170322554
258 0.00092879774174671
259 0.000933884586835285
260 0.000942296123102082
261 0.000953907925748765
262 0.000968655435225165
263 0.000986504333379932
264 0.00100743837047396
265 0.00103126573476638
266 0.00105700569376035
267 0.00108337943008385
268 0.00110897639668557
269 0.00113248052009608
270 0.00115339817307163
271 0.00117146006068615
272 0.00118641067002583
273 0.00119787971076104
274 0.00120498019866115
275 0.00120671505194302
276 0.00120214602573503
277 0.00119072956743066
278 0.00117320277876958
279 0.00115065169106063
280 0.00112417091627597
281 0.00109499690313032
282 0.00106495266390068
283 0.0010358503932834
284 0.00100912450243913
285 0.000985330020177354
286 0.000964795655159036
287 0.000947835660758628
288 0.00093498865275078
289 0.000927690470034545
290 0.000927631001812365
291 0.000936644313040738
292 0.000956726983554908
293 0.00098978521382846
294 0.00103823057547403
295 0.00110536698974794
296 0.00119553152030767
297 0.0013138006586828
298 0.00146691759903512
299 0.0016641120745759
300 0.00191751974085455
301 0.00224134914095094
302 0.00265344585756447
303 0.00317657039158422
304 0.00383738767226189
305 0.00465791757275321
306 0.00565387480898648
307 0.00683003447611092
308 0.00816981737362705
309 0.00961504922908139
310 0.0110600078556035
311 0.0123800957661814
312 0.0135462907696647
313 0.014586761383724
314 0.0155610824571444
315 0.0165417218787636
316 0.017563366451594
317 0.0186540437582032
318 0.0198483975725507
319 0.021159135515937
320 0.0224737273799448
321 0.023618019657509
322 0.02438947606045
323 0.0246008760905076
324 0.0241800783350248
325 0.0231242746591185
326 0.0214833565720748
327 0.0193751404438154
328 0.0170106591689824
329 0.0145933549907009
330 0.0122798334943305
331 0.0101751670188051
332 0.00833852895694309
333 0.00678860620183166
334 0.00551495145908297
335 0.00448936501253755
336 0.00367700977551747
