1 0.014950442467821
2 0.0150565036264616
3 0.0151685601223643
4 0.0152867549023849
5 0.0154109982430326
6 0.015541139928867
7 0.0156769002016415
8 0.0158174790314741
9 0.01596191948392
10 0.0161092298487916
11 0.0162583823731612
12 0.0164083144069816
13 0.0165579251111522
14 0.0167060745016419
15 0.0168517063138872
16 0.0169942242128596
17 0.017133140718577
18 0.0172679579564551
19 0.0173982732145578
20 0.0175240996501567
21 0.0176455634917704
22 0.0177628006204195
23 0.0178758692719841
24 0.0179844848646724
25 0.0180882734364639
26 0.0181868582526802
27 0.0182798265352887
28 0.018366626616275
29 0.0184466696205875
30 0.0185194474078082
31 0.0185847835752411
32 0.0186425919999585
33 0.0186927954562588
34 0.0187353877632914
35 0.0187706207904387
36 0.0187988195799432
37 0.0188203193634944
38 0.0188355659974883
39 0.0188454202366843
40 0.0188508514801646
41 0.0188528337857319
42 0.0188523156202201
43 0.0188501336248927
44 0.0188470964307788
45 0.0188440123781299
46 0.0188415890056769
47 0.0188401322838572
48 0.018839847898262
49 0.0188409417140079
50 0.0188435826993828
51 0.018847791378357
52 0.0188535514404964
53 0.0188608469331083
54 0.0188695442471938
55 0.018879037616286
56 0.0188886021257622
57 0.0188974380773386
58 0.0189044507534455
59 0.0189084708011157
60 0.0189083289961719
61 0.0189029515061697
62 0.0188916415994001
63 0.0188738022161687
64 0.0188488447955308
65 0.0188163458448453
66 0.0187765099693538
67 0.0187297026942812
68 0.0186762942750516
69 0.0186166751506011
70 0.0185513043480661
71 0.0184806574188459
72 0.018405208363095
73 0.0183253442013278
74 0.0182411142090007
75 0.0181524874442805
76 0.0180594378332017
77 0.0179619739490569
78 0.017860226743529
79 0.0177543582598156
80 0.0176446016798689
81 0.0175314683491407
82 0.017415530092811
83 0.0172973471435044
84 0.017177556457221
85 0.0170571334459617
86 0.0169371156565048
87 0.0168185123843882
88 0.0167022853021347
89 0.0165892909487055
90 0.0164803437480865
91 0.0163762379853667
92 0.0162777060826327
93 0.0161852913549637
94 0.0160994856616033
95 0.0160207759716523
96 0.0159496012497178
97 0.0158862201694199
98 0.0158308516682508
99 0.0157837220428379
100 0.0157449248965096
101 0.0157140004792893
102 0.0156903632315027
103 0.0156734412843877
104 0.0156625501024807
105 0.0156565188546973
106 0.015654059859294
107 0.0156538722830167
108 0.0156545886795273
109 0.0156548247518308
110 0.0156531962011373
111 0.0156484548219306
112 0.0156398953360728
113 0.0156269513241714
114 0.0156090615666038
115 0.0155857572291646
116 0.0155569190198027
117 0.0155225195744027
118 0.0154825378648184
119 0.0154369133932785
120 0.0153854096869106
121 0.0153277548261126
122 0.0152636888047724
123 0.0151929630457021
124 0.0151153366516942
125 0.0150305828063033
126 0.0149384917507377
127 0.0148389352827432
128 0.0147320540773242
129 0.0146180621646294
130 0.0144971822637034
131 0.0143697035256874
132 0.0142361517897623
133 0.0140971055595493
134 0.0139531954212196
135 0.0138052795809139
136 0.0136542505036478
137 0.0135009707392245
138 0.0133462801223126
139 0.0131910203007914
140 0.0130360062443205
141 0.0128820170817421
142 0.0127297478441871
143 0.0125796689962433
144 0.0124321809872655
145 0.0122876647825561
146 0.0121464512803034
147 0.0120087306670927
148 0.011874652698939
149 0.0117443595238094
150 0.011617909649543
151 0.011495055033897
152 0.0113754821912513
153 0.0112588897467579
154 0.0111449470677692
155 0.0110331748237623
156 0.0109230719548605
157 0.010814214675132
158 0.010706426153132
159 0.010599593270888
160 0.0104936070692057
161 0.0103883895385215
162 0.0102839720296495
163 0.0101804108664159
164 0.0100777599770534
165 0.00997608071327556
166 0.00987547043000852
167 0.00977603189525426
168 0.00967786344798223
169 0.00958103439542983
170 0.00948551289609908
171 0.00939124364850589
172 0.00929817307487048
173 0.00920623843665814
174 0.00911533613156785
175 0.00902535560467889
176 0.00893619029361999
177 0.00884777882540305
178 0.00876022555833969
179 0.00867367105947372
180 0.00858825014790954
181 0.00850413169672888
182 0.00842163465423434
183 0.00834110424667909
184 0.00826286916197147
185 0.00818723315697185
186 0.00811448598982471
187 0.00804490773251065
188 0.00797875952791059
189 0.0079162542527195
190 0.00785759012808864
191 0.00780296244260645
192 0.00775254699666794
193 0.00770644896052591
194 0.00766475857512867
195 0.00762756985402793
196 0.00759498522123211
197 0.0075671278406835
198 0.00754413063269511
199 0.00752613335155466
200 0.0075132612610016
201 0.00750555929460512
202 0.00750306024799536
203 0.00750580752643468
204 0.00751382774462398
205 0.00752704754022487
206 0.00754537592670904
207 0.00756870614123181
208 0.00759683887503478
209 0.00762955527707984
210 0.00766664043032521
211 0.00770784896014999
212 0.00775280325168023
213 0.00780108799894681
214 0.00785228081733646
215 0.007905919060589
216 0.00796140234211866
217 0.00801808217617886
218 0.00807529169917555
219 0.00813236429407957
220 0.00818869252311505
221 0.00824367231571179
222 0.00829668465911485
223 0.0083471655779831
224 0.00839481721446082
225 0.00843940833508152
226 0.00848070712778245
227 0.00851854650672388
228 0.00855302059024116
229 0.00858429485364876
230 0.00861254148436077
231 0.00863797824533995
232 0.00866098728970979
233 0.0086819970807495
234 0.00870144846362404
235 0.00871981332624984
236 0.0087375746443837
237 0.00875521956091647
238 0.00877325940496854
239 0.00879229076624461
240 0.00881293588428808
241 0.00883582341984322
242 0.00886156191200584
243 0.00889065717261544
244 0.00892359661843959
245 0.00896087889993827
246 0.00900298103359075
247 0.00905025429854305
248 0.00910302896206354
249 0.00916165069410355
250 0.00922643717775957
251 0.00929754166861354
252 0.00937508509801318
253 0.00945920101546672
254 0.00954998540233255
255 0.00964734134414529
256 0.00975112300113307
257 0.00986118360252286
258 0.00997733516287889
259 0.0100992271197951
260 0.0102264536898916
261 0.0103585615923401
262 0.0104949625755306
263 0.0106350078216997
264 0.0107780119345004
265 0.010923201171074
266 0.0110695578791974
267 0.011215958483112
268 0.0113612211545428
269 0.0115041716948497
270 0.0116438474241363
271 0.0117793150159339
272 0.0119096096864809
273 0.0120338835099947
274 0.0121518552124245
275 0.0122633980597719
276 0.0123683982760807
277 0.0124668342855934
278 0.0125590187452832
279 0.0126453682298835
280 0.0127263230790496
281 0.0128023635909578
282 0.0128740639490462
283 0.0129420364171249
284 0.0130069049691642
285 0.013069284758504
286 0.0131297988964021
287 0.0131890835264002
288 0.0132477614325346
289 0.0133063637913829
290 0.0133654053514113
291 0.0134254099099857
292 0.0134868340373831
293 0.0135498350872345
294 0.0136144962329457
295 0.013680902415464
296 0.0137490615851651
297 0.0138186650925647
298 0.0138893185677939
299 0.0139606196503888
300 0.0140321729898229
301 0.0141036364630494
302 0.0141746764936588
303 0.0142449530235026
304 0.0143141819625182
305 0.0143823246672525
306 0.0144494052344619
307 0.0145154487679057
308 0.0145805243903648
309 0.0146448758201451
310 0.014708794800113
311 0.0147724753384994
312 0.0148357011922354
313 0.0148981487507316
314 0.014959489281017
315 0.0150194076643392
316 0.0150776588366979
317 0.0151340134623164
318 0.0151882398041041
319 0.0152401989105732
320 0.0152901320631085
321 0.0153383803253548
322 0.0153852898771375
323 0.0154312924363274
324 0.0154771491693512
325 0.015523711522105
326 0.0155718410824311
327 0.0156223619117503
328 0.0156759154762063
329 0.0157331044712676
330 0.0157945420319938
331 0.0158608367884348
332 0.0159325447720574
333 0.0160102193889931
334 0.0160943862416289
335 0.0161854134284251
336 0.0162836396404536
