1 0.00571580257673453
2 0.0041380932794218
3 0.00307994567271845
4 0.00236885100713807
5 0.00188704774694317
6 0.00155939431558311
7 0.00133855558645563
8 0.00119413439438345
9 0.0011075015363546
10 0.00106817952635529
11 0.00107151096771387
12 0.00111709554985023
13 0.00120927179343347
14 0.00135798056663977
15 0.00157990038495668
16 0.00189892966671837
17 0.00235038973953035
18 0.00298623667433092
19 0.00388159244647469
20 0.00514231032068365
21 0.00691621543183825
22 0.00940621643947513
23 0.0128728285029116
24 0.0175805590487447
25 0.0237424616522255
26 0.0314231139432357
27 0.0404674328187966
28 0.0506827229486108
29 0.0618048286114327
30 0.0734529648716
31 0.0850597387924587
32 0.0959375271879193
33 0.105356365121302
34 0.112544529857217
35 0.116529667148184
36 0.116437610916726
37 0.111737501064535
38 0.102529925541016
39 0.0899058312974831
40 0.0753543171546923
41 0.0603860321327178
42 0.0463483906888096
43 0.0343082089205144
44 0.0247079467062643
45 0.0174738097055713
46 0.0122469782917527
47 0.00857181659005594
48 0.00603436590278884
49 0.00430306057944322
50 0.0031279199677481
51 0.00232607894827467
52 0.00177470590958806
53 0.00139310992264926
54 0.00112794767454253
55 0.000943234058147811
56 0.000815510326348833
57 0.000729657644121287
58 0.000675914376597531
59 0.000648484953245613
60 0.000644607379837781
61 0.00066399697353258
62 0.000708518808267503
63 0.000782756798640514
64 0.000894883822778429
65 0.00105798101039039
66 0.00129182827596763
67 0.00162675490288234
68 0.00210958682576329
69 0.0028116949303054
70 0.0038360246695084
71 0.00533265884021816
72 0.00751851989934213
73 0.01068997435655
74 0.0151824557366399
75 0.0213149908354025
76 0.0292761619561348
77 0.0390094686034642
78 0.0503454307720482
79 0.0629500454539651
80 0.076254224994227
81 0.0893250920927027
82 0.100980815614403
83 0.109961424683431
84 0.115105647461246
85 0.115522482305252
86 0.110793901908647
87 0.10112614893916
88 0.0875812545998845
89 0.0722880583783804
90 0.0572504181872568
91 0.0438372914565061
92 0.0327241048645305
93 0.0240205290936396
94 0.0174916836449107
95 0.012750141586022
96 0.00937539337971697
97 0.00697265359871856
98 0.00525152729759905
99 0.00401011334638617
100 0.00310975489519001
101 0.00245835148814183
102 0.00198969866478927
103 0.00165586643498553
104 0.001422256932547
105 0.00126266813923167
106 0.0011597259834068
107 0.00110289139259736
108 0.00108648985393918
109 0.00110917286482492
110 0.00117386090395169
111 0.0012879791643095
112 0.00146346944875953
113 0.00171955262018847
114 0.0020862862556591
115 0.0026092674452784
116 0.00335496006929863
117 0.00442181627607269
118 0.00595604495467502
119 0.00816836465504568
120 0.0113318606813435
121 0.0157869617345065
122 0.0219251217433283
123 0.0301328061429339
124 0.0406848844908235
125 0.0535885803756081
126 0.0684074868103351
127 0.0842044953105671
128 0.0998552262657011
129 0.11411174539777
130 0.125712561411911
131 0.133535002917026
132 0.136700378830113
133 0.134719147935014
134 0.127590002841957
135 0.11584661849591
136 0.100534750683341
137 0.0831044806039066
138 0.0653203286042429
139 0.0491068887842821
140 0.0356201134081893
141 0.0251704315903832
142 0.017500501258728
143 0.0120832177508859
144 0.00835970259027039
145 0.00584705319910488
146 0.00416705031785281
147 0.00303817698467251
148 0.00227295658975416
149 0.00174998705323096
150 0.00139020256578651
151 0.00114121084299678
152 0.000969205366444382
153 0.000852589703714181
154 0.000777628898078432
155 0.000735603388293508
156 0.000721785569792151
157 0.00073464016302585
158 0.000775309856331084
159 0.000848002358955542
160 0.000960782773782939
161 0.00112678807676493
162 0.0013656064718449
163 0.00170705512208265
164 0.00219671469546371
165 0.00290357682352685
166 0.0039286081859513
167 0.00542069546864985
168 0.00759829743790191
169 0.0107679067523754
170 0.015298085321616
171 0.0215857737658912
172 0.0299691738305152
173 0.0405851353866471
174 0.0532472650027298
175 0.0672848679876455
176 0.0814627157460608
177 0.09415710872726
178 0.103964568853519
179 0.109818973113163
180 0.111080177861753
181 0.10758453696337
182 0.0995715196676856
183 0.0877963341973081
184 0.073588782970428
185 0.0588128676815897
186 0.0450405629626403
187 0.0332401215367893
188 0.0238066898421133
189 0.0167200167874017
190 0.0116479770864182
191 0.00814247434031992
192 0.00576965665892633
193 0.00416259999514382
194 0.00306673109843208
195 0.00231376715553748
196 0.00179250888414336
197 0.00142910028527945
198 0.00117497375440101
199 0.00099828542413154
200 0.000878037489891542
201 0.000799989553816366
202 0.000755310752811964
203 0.000739251994997745
204 0.000750235812447379
205 0.000789385445442501
206 0.000860937570057269
207 0.000972916079632062
208 0.00113797803338586
209 0.00137595441016801
210 0.00171766305898903
211 0.00221030190443703
212 0.00292371382550516
213 0.00396308288211594
214 0.00548741816654374
215 0.00772718376936985
216 0.0109652391091417
217 0.0155188015129528
218 0.0216794223271986
219 0.029626706579126
220 0.0394531585788443
221 0.0510718120410185
222 0.0641269916783642
223 0.0778842841153617
224 0.0909344949262166
225 0.101394032632482
226 0.107280374384329
227 0.107257353306783
228 0.101865808304095
229 0.0925571762685939
230 0.0810117493396101
231 0.0687293186627236
232 0.0567027499317954
233 0.045616373459909
234 0.0358844882231954
235 0.0276612547531128
236 0.0209358803012637
237 0.0155913262575375
238 0.0114603127510143
239 0.00837202096624547
240 0.0061264161598516
241 0.00452630459583024
242 0.00340030881680024
243 0.00260778753117256
244 0.00204832715867006
245 0.00165302656718368
246 0.00137447046071318
247 0.00117919495822838
248 0.00104495142166929
249 0.000957478538858738
250 0.00090795922581891
251 0.000891203033174805
252 0.000905418261208486
253 0.000952076788751118
254 0.00103595664073735
255 0.00116518434666197
256 0.00135293173136258
257 0.00161967110698284
258 0.0019961097281992
259 0.00252626611851496
260 0.00327440460228417
261 0.00433220758958533
262 0.00581816482552778
263 0.00788279125743994
264 0.01070764870352
265 0.0144949309318809
266 0.0194540989085646
267 0.0257603267331078
268 0.0334925319640634
269 0.0425733324916235
270 0.0527671199809196
271 0.0636387456530122
272 0.0745442810173043
273 0.0846190744616963
274 0.0926644028054718
275 0.0973961009702122
276 0.0977347018471616
277 0.0932302198416626
278 0.0846430352914681
279 0.0733075246869022
280 0.0606982958133557
281 0.0482114427589177
282 0.0370261873759969
283 0.0277603206104796
284 0.0205091574868212
285 0.0150261337168262
286 0.010979026857698
287 0.00804504928070238
288 0.00594363593446229
289 0.00444657504270828
290 0.00338232909097348
291 0.00262644690536274
292 0.00208894391559965
293 0.00170283624068782
294 0.0014226318756614
295 0.00121804875808888
296 0.00106901653571535
297 0.000962999805847721
298 0.000891832218950222
299 0.000850446705207478
300 0.000836242864566452
301 0.000848491191151596
302 0.000888838137777133
303 0.000961807238410294
304 0.0010754394797117
305 0.00124198173245192
306 0.00148042368249623
307 0.00182013741461931
308 0.00230586988508727
309 0.00300329660461226
310 0.00401112655548662
311 0.0054756444474383
312 0.00759726504952003
313 0.0106462870599872
314 0.0149722217191885
315 0.0209890812404103
316 0.0291001796709965
317 0.0395814331818198
318 0.0524086830720498
319 0.0670923803610977
320 0.0826832259211846
321 0.0977713997669841
322 0.110620516264449
323 0.119558783968714
324 0.123700300798702
325 0.122821201856641
326 0.117234058657142
327 0.107648399730445
328 0.0949246881324358
329 0.0801785764790089
330 0.0646968271415718
331 0.0498307127134581
332 0.0368800954438363
333 0.0264717440528967
334 0.0186132803924515
335 0.0129617447824061
336 0.00903992626149359
