1 0.000795589233377354
2 0.00073136192347266
3 0.000680334891650064
4 0.000641254007371701
5 0.000612901870482618
6 0.000594406240996336
7 0.000585225836391436
8 0.000584898430681314
9 0.000593282425988845
10 0.000610623668540236
11 0.000637482399946148
12 0.000674487523663719
13 0.000722543155631312
14 0.000782907852738376
15 0.000856932930680675
16 0.000945024910254608
17 0.00104696135281517
18 0.00116182320753974
19 0.00128798224905249
20 0.00142398972740476
21 0.00156785186125973
22 0.00171663845311179
23 0.00186727703540496
24 0.00201975058416312
25 0.00217547493917836
26 0.00233660740671164
27 0.00250434445646546
28 0.00267273096159485
29 0.00283230477687343
30 0.00297230162869894
31 0.00308284352082773
32 0.00315447069484
33 0.00317854434928111
34 0.00315016275076385
35 0.00307455478618808
36 0.00296062534183801
37 0.00281801799000641
38 0.00265666681696129
39 0.00248716622571807
40 0.00231876007761401
41 0.00215873754721017
42 0.00201149064547886
43 0.00187617843503071
44 0.00175106600279526
45 0.00163469723320581
46 0.00152574494870825
47 0.00142271125038026
48 0.00132431518835149
49 0.00122957535591123
50 0.00113855954009615
51 0.00105422682264991
52 0.000979331529616673
53 0.000915762361815566
54 0.000864577590429983
55 0.000825631144502419
56 0.000798715743154974
57 0.000783835148018762
58 0.000780984344145773
59 0.000790574460956307
60 0.000813623682182909
61 0.000851696715759963
62 0.000906440137091941
63 0.000980168903620404
64 0.00107617969936275
65 0.00119863656272685
66 0.00135156433722342
67 0.0015393683837519
68 0.0017669123001841
69 0.00203829053507174
70 0.0023524331197329
71 0.00270267760474007
72 0.00307556973649852
73 0.00345193215198821
74 0.00381621648418815
75 0.00415323275903956
76 0.00444703786006305
77 0.00468484464131663
78 0.00486750520819409
79 0.00500276019054812
80 0.00509767820173942
81 0.00514536409442089
82 0.00513600602157575
83 0.00506156282125583
84 0.00492049489488444
85 0.00472870908778712
86 0.00450571093489346
87 0.0042692247275208
88 0.00403281052092482
89 0.00380158497578264
90 0.00357827711971765
91 0.00336503957382412
92 0.00316251972171211
93 0.00296745179753793
94 0.00277643012356346
95 0.00258694594692399
96 0.00239804979035237
97 0.00221199712398322
98 0.00203132819577057
99 0.00185805557357163
100 0.0016945702905225
101 0.00154569188290673
102 0.0014151902720328
103 0.001305275277428
104 0.00121677191172811
105 0.00114865420074176
106 0.00109989896575339
107 0.00106982275934543
108 0.00105751588211369
109 0.00106267447545491
110 0.00108585983056389
111 0.00112825504024563
112 0.00119073091803835
113 0.00127462860771464
114 0.00138199959360772
115 0.00151497506120885
116 0.00167344246195129
117 0.00185561362042007
118 0.00205778667802037
119 0.00227435052923439
120 0.00249998879375681
121 0.00272813003635607
122 0.00295027154174883
123 0.00315763354848465
124 0.00334681440510352
125 0.00351679623835712
126 0.00366761304739361
127 0.00379961089666625
128 0.00391118334917674
129 0.00400044750878518
130 0.00406591289405512
131 0.0041054666536452
132 0.00411321019530066
133 0.0040828195673001
134 0.00400905827676339
135 0.00388821843516015
136 0.00371879943778964
137 0.00350199248168898
138 0.00324366251645217
139 0.00295828915610457
140 0.0026609669757601
141 0.00236451811390273
142 0.00208000308188112
143 0.00181856220608261
144 0.00158731942294856
145 0.00138932354910929
146 0.00122433625866226
147 0.00108894273980172
148 0.000979463571572679
149 0.000892734078223874
150 0.000826005103697032
151 0.000776542527481486
152 0.000742282451802806
153 0.000721927824366895
154 0.000714763974146511
155 0.000720274719867084
156 0.00073849429962964
157 0.000770018726735255
158 0.000815704262075187
159 0.000876917090504598
160 0.000955642553516371
161 0.00105414468803943
162 0.00117351839812815
163 0.001314080527129
164 0.00147521162932847
165 0.00165502975863283
166 0.00185070609669304
167 0.00205765006194634
168 0.00226898296399534
169 0.00247648340788917
170 0.00267474026161474
171 0.00285931439631047
172 0.00302599572725756
173 0.00317072265350817
174 0.00328890584204973
175 0.00337623713375466
176 0.00342915812262138
177 0.00344651693222168
178 0.00343399941671597
179 0.00339950805055985
180 0.0033511745393367
181 0.00329571478095055
182 0.00323466821583791
183 0.00316833217658041
184 0.00309438049444796
185 0.00300048414675276
186 0.00287371148334882
187 0.00270450204451521
188 0.00249245287542169
189 0.00225711004519044
190 0.00201884965622654
191 0.00179276072553586
192 0.0015882677251956
193 0.00140900917782265
194 0.00125594708139904
195 0.00112869222381027
196 0.00102580111858258
197 0.000944495275784216
198 0.000882282903039568
199 0.000837354882229482
200 0.000808412210298966
201 0.000794200135355449
202 0.000794070000406997
203 0.000808122112493212
204 0.000837098642972634
205 0.000882040612827605
206 0.000944665612462357
207 0.00102726884539584
208 0.00113172576917975
209 0.00125996305897496
210 0.0014139770179002
211 0.00159547828885632
212 0.001805302940479
213 0.0020429356504693
214 0.00230589914884476
215 0.00258887792480158
216 0.0028823451638582
217 0.00317242035370156
218 0.00344108010052068
219 0.00366903831516545
220 0.00384443206614509
221 0.00395955537748956
222 0.00400964073104152
223 0.00399386312081633
224 0.00391733855001898
225 0.00378838802335862
226 0.00361691028466938
227 0.00341394653816675
228 0.00319207790622584
229 0.00296286811521457
230 0.00273588845633502
231 0.0025178229418682
232 0.00231076919035886
233 0.00211555355183032
234 0.00193266614534034
235 0.00176228055002951
236 0.00160434008030512
237 0.00145860889058495
238 0.00132487067189238
239 0.00120332953847434
240 0.00109398103059556
241 0.000996522065065045
242 0.000910652020670393
243 0.000836637768916469
244 0.000774589828934028
245 0.000724411531375277
246 0.000685805332205043
247 0.000657978848509752
248 0.000640331422319448
249 0.000632652988036922
250 0.000635066068226621
251 0.000647805699866825
252 0.000671524209674589
253 0.000707437268129978
254 0.000757271158005737
255 0.000822847063926643
256 0.000906499635000192
257 0.00101128416602614
258 0.00114089442630422
259 0.00129905788299721
260 0.00148970404142413
261 0.00171600768919581
262 0.00197639068292121
263 0.00226428336980455
264 0.00256723606230831
265 0.00286819783356354
266 0.00315439687756856
267 0.00341428057071909
268 0.00363638115345253
269 0.00381056943318742
270 0.00393033472890335
271 0.00399215901797599
272 0.00399524140374394
273 0.00394089231867808
274 0.00383080603365318
275 0.00366858665860419
276 0.0034600981059505
277 0.00321373425102191
278 0.0029413650160834
279 0.00265506240057972
280 0.00236568741442378
281 0.00208281322647799
282 0.00181526254337447
283 0.0015692590891293
284 0.0013484636377566
285 0.00115479854298891
286 0.000988283860977576
287 0.000847524712304922
288 0.000730160228725274
289 0.000633039334950037
290 0.000553164471614426
291 0.000487925022561587
292 0.000435045523689957
293 0.000392446800341311
294 0.000358439947978687
295 0.000331716006682102
296 0.000311256959183674
297 0.000296221287316135
298 0.000285998197979429
299 0.000280198208141638
300 0.000278609759623993
301 0.000281128692035231
302 0.000287812440086134
303 0.000298900803907128
304 0.000314804656887081
305 0.000336045981029709
306 0.000363339419014674
307 0.000397644736463108
308 0.000440167569899737
309 0.000492250931198611
310 0.000555475477609254
311 0.000631654492010284
312 0.000722615120717525
313 0.000830206497871129
314 0.000956215401402378
315 0.00110176043018711
316 0.00126526472787025
317 0.00144235687186072
318 0.00162553683211811
319 0.00180458204046295
320 0.00196960657387215
321 0.00211037173243729
322 0.00221650493606495
323 0.00227936359781144
324 0.00229564259739973
325 0.00226569638083647
326 0.00219263187800687
327 0.00208251142673132
328 0.00194529889658021
329 0.00179149053474872
330 0.00163051329666011
331 0.00147046494344024
332 0.00131852443471169
333 0.00117976175475828
334 0.00105692902416712
335 0.000950442163668042
336 0.000859843838389674
