1 0.0156794417271988
2 0.0150457730390682
3 0.0141828882296541
4 0.0129827315981527
5 0.0115272139837778
6 0.00994207806703893
7 0.00834570083194762
8 0.00684405847407414
9 0.00550650013553269
10 0.00436526638106315
11 0.00342952222471715
12 0.00270166529803273
13 0.00216243770735739
14 0.00178202345913857
15 0.00152980321506085
16 0.00137596382494768
17 0.00130217807933285
18 0.00130215606375879
19 0.00138068444969691
20 0.00155301991478975
21 0.00185264503658803
22 0.00234319404908408
23 0.00313030490878253
24 0.00434036435287232
25 0.00611687225484795
26 0.00858041026409361
27 0.0117721624252336
28 0.015731221618203
29 0.0204587660712302
30 0.0258410289881932
31 0.0314692681426331
32 0.0366419392199927
33 0.0404621276300994
34 0.0421646022211268
35 0.0417766399309427
36 0.0397648702247338
37 0.0367345958171124
38 0.0332401122174561
39 0.0296181535865065
40 0.0261009273390138
41 0.0228498560306501
42 0.0199677273283596
43 0.0175239097261104
44 0.0155447331062714
45 0.0140278320617733
46 0.0129258353261691
47 0.0120717409143558
48 0.0113105140667084
49 0.0105229591047345
50 0.0096400003876862
51 0.00868723781656208
52 0.00770808842791881
53 0.0067401479533383
54 0.00581915940204666
55 0.00498854828344252
56 0.0042745047151837
57 0.00368277230547713
58 0.00320047298074945
59 0.00281237804119955
60 0.0025050861019352
61 0.00226795842609503
62 0.00209463075019981
63 0.00198125907216932
64 0.00192680026969724
65 0.00193331678498055
66 0.00200488811455952
67 0.0021515712716739
68 0.00239250868412691
69 0.00275882470355862
70 0.00329511594749409
71 0.00406984779596535
72 0.0051893704269878
73 0.00680386718193414
74 0.00905499239958891
75 0.0120486817361644
76 0.015789976777828
77 0.0201264270818618
78 0.0248721246426697
79 0.0297769524792738
80 0.0344752137717766
81 0.0383736318484864
82 0.0407820884575232
83 0.0410951435716092
84 0.0391517954043004
85 0.0357772531270685
86 0.0319542163908749
87 0.0284313497533589
88 0.0256195748943037
89 0.0235006014320067
90 0.0219934169988123
91 0.0210461873882726
92 0.0205689132417276
93 0.0202328050917678
94 0.0196737065699669
95 0.0185720553436367
96 0.0168029639689532
97 0.0146900051836886
98 0.0125792330402244
99 0.0106960346534989
100 0.00913695928192512
101 0.00786733731575061
102 0.00683630220861718
103 0.00600203065941575
104 0.005321318860953
105 0.00472858436155136
106 0.00417270945084522
107 0.00363522509585114
108 0.00315081001894808
109 0.00274742820452897
110 0.00243717161455395
111 0.00222293271604137
112 0.00210274973629957
113 0.00207963339369267
114 0.00216788300585862
115 0.00239562567714068
116 0.0027959623587059
117 0.00342559534627917
118 0.00437904789585575
119 0.00579414131818268
120 0.00781422996462583
121 0.0105584987552809
122 0.014051052626129
123 0.0181391032867065
124 0.0225338391215891
125 0.0267743162652661
126 0.030247429057349
127 0.0324452236299898
128 0.0335957769604328
129 0.0342871656594936
130 0.0352115012537195
131 0.0368047448624307
132 0.0381733817122505
133 0.0379570196860821
134 0.0352418700658898
135 0.0307460894346167
136 0.0255723210183624
137 0.0205779654127549
138 0.0162638101426533
139 0.0128167544760541
140 0.0102252321911912
141 0.0083859097425475
142 0.00715301797471572
143 0.00632811236231589
144 0.0057687753258404
145 0.00538361425822333
146 0.00511354821970681
147 0.00492984827319037
148 0.00481440605057519
149 0.00475316896700537
150 0.00472776665365616
151 0.00469391869497647
152 0.00460218612822031
153 0.00440840925312207
154 0.00410092493362883
155 0.0037530895180434
156 0.00343949724939927
157 0.00320595607053445
158 0.0030603002796097
159 0.00300577856739714
160 0.00305194166577061
161 0.0032144141515694
162 0.00350579610430469
163 0.00394750386928748
164 0.00457504362114945
165 0.00543477540692126
166 0.00655916826917986
167 0.00796283296074109
168 0.00962771312376311
169 0.0115051416969713
170 0.0136062065480266
171 0.015980211997306
172 0.0187042344957823
173 0.0218440303456947
174 0.0252584126702519
175 0.0286345105401667
176 0.0315194449350213
177 0.0334777198212926
178 0.0345516208159904
179 0.035007049066736
180 0.0351743776225091
181 0.0353056785190406
182 0.0352556570576311
183 0.0347824865164119
184 0.0337092482299256
185 0.0320655370300332
186 0.0299501622872607
187 0.0274785539060876
188 0.0248328662887025
189 0.0223822337335105
190 0.0204236487768537
191 0.0191545170100138
192 0.0186365027695317
193 0.0185506517462218
194 0.0185207803033619
195 0.0181828959340435
196 0.0172713066440209
197 0.0158437324099349
198 0.0140613204631065
199 0.0120946498276903
200 0.0101137284000556
201 0.00829254358510072
202 0.00673366252106778
203 0.00546967375559291
204 0.00448683656213227
205 0.00374362944074911
206 0.00319791625596214
207 0.00281528444182576
208 0.00257142038122199
209 0.00245326319993624
210 0.00246124146358665
211 0.00260895998627854
212 0.002913069804429
213 0.0034089036543367
214 0.00415964997868746
215 0.00526056018071177
216 0.00682608031570395
217 0.00898812354351374
218 0.0118773237391998
219 0.0155865439483076
220 0.0201420382186304
221 0.025433171928212
222 0.0311426195890444
223 0.0367147094057384
224 0.041401420031484
225 0.0443742936829272
226 0.0449149782623397
227 0.0428474802493965
228 0.0391780720023675
229 0.0350878829374355
230 0.0314644163018977
231 0.0287669610785478
232 0.0268516201614302
233 0.0255140364819009
234 0.024581672973865
235 0.0238280761647288
236 0.023035929192488
237 0.0220162190804163
238 0.0206672316112319
239 0.0191103734522124
240 0.0174974707333819
241 0.0159473140530225
242 0.0145362503569304
243 0.013283221819339
244 0.0121905140867362
245 0.0112561892505585
246 0.0104545626143554
247 0.00968491206418578
248 0.00885498727643114
249 0.00790668928172812
250 0.00684490825018663
251 0.00578071734246546
252 0.00480824822399226
253 0.00397697254051194
254 0.00330520643381799
255 0.00279767180881364
256 0.00244658888301006
257 0.00224236295331586
258 0.00217962757272028
259 0.00225161264114144
260 0.0024710022452636
261 0.00287598126931837
262 0.00352583740506282
263 0.00451605474069544
264 0.00599392423676157
265 0.00815929638726064
266 0.0111846532167926
267 0.0151297247692058
268 0.0197970716276253
269 0.024672465224057
270 0.0293209203036004
271 0.0334029144096256
272 0.0366676744892389
273 0.0389906689419133
274 0.0404016496031552
275 0.0410413500861577
276 0.0411168814005577
277 0.040801974395357
278 0.0400242205966336
279 0.0386689464212222
280 0.0366604940113675
281 0.0339815712722087
282 0.0306929468425184
283 0.0269237058715105
284 0.0229394765487549
285 0.019256091205936
286 0.0162148513381054
287 0.0139487546903872
288 0.0124414496885248
289 0.0115142544412337
290 0.0110250806676274
291 0.0108901692182593
292 0.0110348677573427
293 0.0112875399333796
294 0.0114398019153996
295 0.0112749806766979
296 0.0106531069242671
297 0.00968028482983939
298 0.00852394264253626
299 0.00732879867293104
300 0.00620132107282493
301 0.00521005636695898
302 0.0043860581520362
303 0.00373386540371144
304 0.00324293676703139
305 0.00289529544799054
306 0.00267644000814317
307 0.00258026497032734
308 0.00261271630027437
309 0.00279718992465241
310 0.00318693547959587
311 0.00387674900199961
312 0.00498763063308526
313 0.00670093118070636
314 0.0092818530350831
315 0.0130484151544837
316 0.0181191153837337
317 0.0241302623402883
318 0.0299481304294369
319 0.0340035697028004
320 0.036000454043601
321 0.0365436423590749
322 0.036557723900367
323 0.0368112782295783
324 0.0371566243680763
325 0.0372075331603375
326 0.0365804616864291
327 0.0350313685562579
328 0.0327495445904929
329 0.0300291130830071
330 0.027135118169429
331 0.0243066152089956
332 0.0218055344131738
333 0.0198159898035335
334 0.0183941527157441
335 0.0173638125452301
336 0.0165422338114959
