1 0.00138493064276622
2 0.00138250020818402
3 0.00137840745136568
4 0.00137305216058595
5 0.00136675092455701
6 0.001359796946764
7 0.00135246559956689
8 0.00134497382854931
9 0.00133752080879802
10 0.00133030136904129
11 0.00132348799537602
12 0.00131717741111671
13 0.00131144684733361
14 0.00130637276130494
15 0.0013020159542288
16 0.00129837655033248
17 0.00129544058637904
18 0.00129319532252342
19 0.0012916094601381
20 0.00129057402851205
21 0.00128996149981226
22 0.00128964509598653
23 0.00128950813846048
24 0.00128947292173834
25 0.00128947149134533
26 0.00128943590289182
27 0.00128929438245433
28 0.00128895985091157
29 0.00128834154895438
30 0.0012873305261846
31 0.00128574449036803
32 0.0012833842212135
33 0.0012800531620138
34 0.00127555357421836
35 0.0012696727796773
36 0.0012622011481879
37 0.00125293988601543
38 0.00124174932286599
39 0.0012286844389243
40 0.00121385300726038
41 0.00119736824553475
42 0.00117935544385658
43 0.00115997314870939
44 0.00113938673612835
45 0.0011177589333352
46 0.00109522942955056
47 0.00107185973756924
48 0.00104769548164855
49 0.00102278607450153
50 0.000997219321269618
51 0.00097121832577794
52 0.000945023676756615
53 0.000918856067410261
54 0.000892915162322685
55 0.000867377419931251
56 0.000842399534246113
57 0.000818112945523569
58 0.000794604877622382
59 0.000771944072796393
60 0.000750189417620201
61 0.000729385705251211
62 0.000709550107812085
63 0.000690690661710405
64 0.000672812378503858
65 0.000655913513241907
66 0.000639974058091892
67 0.000624970435714718
68 0.000610880152331487
69 0.000597678413587287
70 0.00058532829746664
71 0.000573792271218871
72 0.000563035684128893
73 0.000553023517716786
74 0.000543711385976197
75 0.000535055297799741
76 0.000527014527845538
77 0.000519548967723605
78 0.000512612064156361
79 0.000506157984907471
80 0.000500141870978277
81 0.00049451424895018
82 0.000489226444738149
83 0.00048423213004047
84 0.000479483900416693
85 0.000474923822786465
86 0.000470493111263789
87 0.000466135158784252
88 0.000461796473406018
89 0.000457429709950342
90 0.000452990369755707
91 0.000448435775076064
92 0.000443731718635368
93 0.000438871692358425
94 0.00043385628503845
95 0.000428686492893888
96 0.000423363410184316
97 0.000417887321547102
98 0.000412258709279379
99 0.000406478584076495
100 0.000400555534405747
101 0.000394526008664575
102 0.000388431649766842
103 0.000382311958821897
104 0.000376201728964415
105 0.000370123803026549
106 0.000364097213844067
107 0.000358139151600884
108 0.000352263117353736
109 0.000346481066632993
110 0.00034080411735627
111 0.000335241381869065
112 0.000329796550473321
113 0.000324471806595412
114 0.000319269087045802
115 0.000314189090683774
116 0.000309228399702578
117 0.000304382728735755
118 0.000299647957491234
119 0.000295019488998074
120 0.000290490416830583
121 0.000286053553303461
122 0.000281702066436257
123 0.000277427909317394
124 0.000273217330544583
125 0.000269055845063331
126 0.000264929808470847
127 0.000260829287085505
128 0.000256756355071547
129 0.000252715783085142
130 0.000248712060684283
131 0.000244752698098772
132 0.000240857700196419
133 0.000237048973480665
134 0.000233345589666872
135 0.000229759833761941
136 0.000226301805049577
137 0.000222980934470113
138 0.000219805736884738
139 0.000216782964071494
140 0.000213918693681396
141 0.000211218723059598
142 0.000208688168872495
143 0.000206330175638995
144 0.000204147451001998
145 0.00020214279211559
146 0.000200318755277456
147 0.000198676594438672
148 0.000197217481514961
149 0.000195942923437149
150 0.000194854410756631
151 0.000193952313844021
152 0.000193237087304279
153 0.000192709675716848
154 0.000192371228250907
155 0.000192222208565034
156 0.000192263328192267
157 0.000192495558212351
158 0.000192919225498133
159 0.000193534920543502
160 0.000194343800095137
161 0.000195347207531029
162 0.000196545513292943
163 0.000197939225425312
164 0.000199529355238313
165 0.000201317029793082
166 0.000203302322780856
167 0.000205485316563416
168 0.000207866445279142
169 0.00021044601056255
170 0.000213222733941361
171 0.00021619500966853
172 0.00021936130170404
173 0.000222719752692815
174 0.000226267067330499
175 0.00022999940151855
176 0.000233912625890446
177 0.000238001195864365
178 0.000242254744831647
179 0.000246660919148772
180 0.000251206297961515
181 0.000255880340621037
182 0.000260688044278605
183 0.000265638826607458
184 0.000270744350395558
185 0.000276023904693302
186 0.00028149985651524
187 0.000287196139741112
188 0.000293137123647025
189 0.000299343747791189
190 0.000305837100599037
191 0.000312639761323227
192 0.000319775099637706
193 0.000327264760037358
194 0.000335131037638014
195 0.000343397799703233
196 0.000352089417194584
197 0.000361227057168988
198 0.000370831964396852
199 0.0003809266754955
200 0.000391533625791967
201 0.000402670489390154
202 0.000414354030473851
203 0.000426601456099848
204 0.000439428725720355
205 0.000452845158287634
206 0.000466857555505154
207 0.000481470119773727
208 0.000496679570187376
209 0.000512478547947792
210 0.000528856628852488
211 0.000545795446128105
212 0.000563253587798189
213 0.000581177693610543
214 0.000599506133119033
215 0.00061817367693721
216 0.000637127893596085
217 0.000656315500388576
218 0.000675677309978794
219 0.000695153265470864
220 0.000714699011330955
221 0.000734272437156065
222 0.000753828844730972
223 0.000773313448897536
224 0.000792637271031358
225 0.000811697329412354
226 0.000830384118338301
227 0.000848574247691331
228 0.000866106352959069
229 0.000882803098319042
230 0.000898479990129864
231 0.000912948732920951
232 0.000926024439890073
233 0.000937523228564242
234 0.000947292228588748
235 0.000955301715827824
236 0.000961562344629895
237 0.000966096036412281
238 0.00096893606920819
239 0.000970128679717282
240 0.00096972980133168
241 0.00096780329320329
242 0.000964431211962227
243 0.000959746193965371
244 0.000953895435144581
245 0.000947027570650735
246 0.000939298954050814
247 0.000930895299143226
248 0.000922005840887574
249 0.000912814227739741
250 0.000903487991725761
251 0.000894149631176105
252 0.000884907210995392
253 0.000875864383076745
254 0.000867113442711917
255 0.000858714815209313
256 0.000850719671166662
257 0.000843177437514909
258 0.0008361302478282
259 0.000829596130635355
260 0.000823587351669501
261 0.000818110593191378
262 0.000813149765351542
263 0.000808684110301745
264 0.000804694047551403
265 0.00080115591783506
266 0.000798026567588063
267 0.000795258969003551
268 0.000792807215868767
269 0.000790615595289622
270 0.000788586421032553
271 0.000786612454636885
272 0.000784587561728293
273 0.000782422754796223
274 0.000780094078386945
275 0.000777593916890729
276 0.000774914880745002
277 0.000772066139689152
278 0.000769121879068167
279 0.000766171429163084
280 0.000763302774744393
281 0.000760590995667879
282 0.000758063905110457
283 0.000755737516712732
284 0.000753630105695019
285 0.000751769200632197
286 0.000750184583239255
287 0.000748906050911873
288 0.000747972955045594
289 0.000747462535852733
290 0.000747461867470452
291 0.000748058956459358
292 0.000749335968457282
293 0.000751347554517389
294 0.0007541435040926
295 0.000757776624511541
296 0.000762298202044369
297 0.000767743108713981
298 0.000774144929499876
299 0.000781541256513116
300 0.000789967951941788
301 0.000799440747290579
302 0.00080997257367865
303 0.000821579422575755
304 0.000834273425624082
305 0.000848041327568765
306 0.000862863183420088
307 0.000878718438909151
308 0.000895579030163598
309 0.000913388822830982
310 0.000932080084232069
311 0.000951571054783124
312 0.000971741016269981
313 0.000992449834536703
314 0.00101354425985196
315 0.00103484749301992
316 0.00105612806993964
317 0.00107712595011804
318 0.00109756219726275
319 0.00111717762368766
320 0.00113585229157762
321 0.00115350302921196
322 0.00117004773210791
323 0.00118540848191714
324 0.00119952008470759
325 0.0012123232522143
326 0.001223762485191
327 0.00123379180263363
328 0.00124239145091633
329 0.00124955254341436
330 0.00125527173344144
331 0.00125951855650043
332 0.00126213706956069
333 0.00126294348091982
334 0.00126181623137528
335 0.0012588635884632
336 0.00125425609467703
