1 0.0411712816969317
2 0.0641228639331418
3 0.0898547383871949
4 0.110610104379166
5 0.122692872461905
6 0.126839651062298
7 0.125659423185046
8 0.121060710853572
9 0.114721157660559
10 0.10818324428074
11 0.102419440628918
12 0.0970023405535873
13 0.0912888323551346
14 0.0847759227480874
15 0.077205218571947
16 0.068766913231173
17 0.0597976048023887
18 0.0506711372734872
19 0.041739550607862
20 0.0332591756905293
21 0.0254940214557532
22 0.0186949246937644
23 0.0130918439876398
24 0.0088721652070371
25 0.00592009096116967
26 0.00395806507937242
27 0.00269364173335003
28 0.00188256677820917
29 0.00136077745629017
30 0.00102388761022728
31 0.000805296766653189
32 0.000664435499381157
33 0.000577152350633307
34 0.000529426276918137
35 0.000513458860770278
36 0.000526853433835644
37 0.000572340680583315
38 0.000658171997633112
39 0.000798475143896968
40 0.00101760329591548
41 0.001356567287198
42 0.00188574449322726
43 0.0027370931102434
44 0.004158076827136
45 0.0066255424384277
46 0.0110266666332773
47 0.0186309336636533
48 0.0308734168438024
49 0.0485000517694414
50 0.0702346547654588
51 0.0928314002941741
52 0.111543632094178
53 0.12143557314107
54 0.120207355895914
55 0.112056807809782
56 0.102704203295903
57 0.0958943825353088
58 0.0912231837549613
59 0.0876069718177179
60 0.0841415834738573
61 0.0800991052964954
62 0.0750687369745029
63 0.0688273873686618
64 0.0613340550142495
65 0.0528543239008781
66 0.0441158446303329
67 0.0357893680342384
68 0.0283255005423772
69 0.021935277117199
70 0.0166042281245537
71 0.0122614752723018
72 0.00881577549233099
73 0.00617495692298262
74 0.00425980339554253
75 0.00293356665039225
76 0.00204421938193608
77 0.00145930998913648
78 0.00107547151085376
79 0.000823583082846675
80 0.000659260198201562
81 0.0005537314297133
82 0.000489609801026799
83 0.000457216630736743
84 0.000452221123953172
85 0.000474323053211263
86 0.000528023944703234
87 0.000624377987778755
88 0.000784507976820624
89 0.00104564743849367
90 0.00147525636937238
91 0.00219824004653638
92 0.00344520546199755
93 0.00561447775893578
94 0.00938590337321056
95 0.0158721338525393
96 0.0266832091955357
97 0.0433331526816978
98 0.0659539540634161
99 0.0915743431432947
100 0.114156836034504
101 0.129333104887126
102 0.135402743333288
103 0.132833289487088
104 0.124015807137098
105 0.113457104082922
106 0.105225269511828
107 0.101488604503827
108 0.100475798131114
109 0.0997742258333025
110 0.0970929094852794
111 0.0908766638008202
112 0.0818458115857077
113 0.071299281840301
114 0.0604042278384718
115 0.0500746321947882
116 0.0409537845891677
117 0.0333428084982513
118 0.0272752381047376
119 0.0225326086560366
120 0.0185704262367191
121 0.0150139084261919
122 0.0117063759656749
123 0.00870483896187642
124 0.006254430418375
125 0.0044270167007182
126 0.00314776428964875
127 0.00228846267180686
128 0.00171860325504228
129 0.00134434267740346
130 0.00110444725935831
131 0.000960070820462625
132 0.000886622457449296
133 0.000872637502919463
134 0.000917531118472852
135 0.00102978105471098
136 0.00123168551608408
137 0.00156736368273891
138 0.00211748863207582
139 0.00302472257928358
140 0.0045471823162174
141 0.00715937359667831
142 0.0116967275215998
143 0.0193272808056176
144 0.0313493541778684
145 0.0484717275990201
146 0.0697399872768429
147 0.0926312423786418
148 0.113288095318978
149 0.127362622256832
150 0.13205211216366
151 0.129276660406979
152 0.12284788497835
153 0.116502535221747
154 0.112672213585725
155 0.110524785632208
156 0.10860851347213
157 0.105710156666144
158 0.101258287084779
159 0.0949493003317477
160 0.0866733879347809
161 0.0766610864856398
162 0.0656822407108199
163 0.0545664011418998
164 0.0440056043118145
165 0.0345221710408238
166 0.0264801896182943
167 0.0199816895413433
168 0.0149270238255897
169 0.0110949213258996
170 0.00820059460467483
171 0.00601531374493336
172 0.00436975515886044
173 0.00314551245623328
174 0.00226937075169241
175 0.00166426920680957
176 0.00125825222100679
177 0.000992890762590026
178 0.000822193180231142
179 0.000717090926857212
180 0.000661129246885226
181 0.000646529185493167
182 0.000672272833599215
183 0.000744936365094384
184 0.000881019786691216
185 0.0011109578046899
186 0.00149113373764755
187 0.00212658740273026
188 0.00321232210939776
189 0.00509519596656124
190 0.00839929239165186
191 0.014235683216172
192 0.0244022646761218
193 0.0407990855723148
194 0.0639298048160889
195 0.0905608701387927
196 0.113612393602402
197 0.128812225506039
198 0.13559916747067
199 0.135759794761756
200 0.131855000103262
201 0.125286056067372
202 0.117126122753183
203 0.108360322751523
204 0.0997913905840827
205 0.0919718965313143
206 0.0852886060361931
207 0.079783248423466
208 0.0745920305285995
209 0.0688359915096091
210 0.0619053857057555
211 0.0536652025355154
212 0.0447491409947136
213 0.0358990948350688
214 0.0277168117181474
215 0.0206295746077722
216 0.0148961476236172
217 0.0105158442484763
218 0.00731515525627025
219 0.0050580397038406
220 0.00351703548849867
221 0.00248985676216824
222 0.00181686625603249
223 0.00138160569441938
224 0.00110112387704982
225 0.00092379729221657
226 0.000819395970823204
227 0.000771192920250173
228 0.00077077679275531
229 0.000818133920551535
230 0.000922316938396415
231 0.00110358784594479
232 0.00139653905600081
233 0.00186098204971818
234 0.00259829853217888
235 0.00377154807305543
236 0.00564320149276457
237 0.00862839651553776
238 0.0133496002000795
239 0.020616237142037
240 0.0313166773282326
241 0.0461166661733535
242 0.0648937450760229
243 0.0859442465279374
244 0.105683367744466
245 0.11924897011956
246 0.123085233374547
247 0.119685313885318
248 0.113730439701488
249 0.109598526850857
250 0.109894815733138
251 0.112118403844581
252 0.112457523063229
253 0.107145006654985
254 0.0946107622830324
255 0.0788872275131482
256 0.0640815202441578
257 0.0524388204161926
258 0.0443821229186182
259 0.0385301264868313
260 0.0337094221228825
261 0.029230944824935
262 0.0248551957404797
263 0.0205315765783224
264 0.0163213611169737
265 0.0124212798295872
266 0.0091616425575402
267 0.00666040576862575
268 0.00485456677058444
269 0.00359863402187678
270 0.00272144069588697
271 0.0021000369653173
272 0.00165384980797755
273 0.00133129741721011
274 0.00110319555244949
275 0.000949118269429291
276 0.000855003375165734
277 0.000812643348307655
278 0.000818263282936956
279 0.000875665688764363
280 0.000999131151928961
281 0.00121830749800039
282 0.0015858723766927
283 0.00219935259384771
284 0.0032404702110444
285 0.00504186645914364
286 0.00822563932767879
287 0.0139643282455475
288 0.0242849246947122
289 0.0413847679618027
290 0.0657413522127914
291 0.0930700867854749
292 0.114426795128088
293 0.125112193747866
294 0.125519039422143
295 0.118797122889812
296 0.108775748164275
297 0.0982953474748521
298 0.0893718354901394
299 0.0834159495742533
300 0.0810683299541192
301 0.0811658882748822
302 0.0822956656699802
303 0.0830639144696799
304 0.0820322514950953
305 0.0778528139617063
306 0.069684121613452
307 0.0576672147597287
308 0.0435343985115783
309 0.0305187585823995
310 0.0204225764779013
311 0.0133889949378898
312 0.00871622612098419
313 0.00569170116225615
314 0.00376529620060181
315 0.00254648676057142
316 0.00177163345657477
317 0.00127486218751797
318 0.000953999786267703
319 0.000746054742312512
320 0.000611705355564921
321 0.000527336809706371
322 0.000479323595526222
323 0.000460492068572631
324 0.000468040244918256
325 0.000503575868879917
326 0.000573875940068135
327 0.000692482601989929
328 0.000881402732724563
329 0.001177778177038
330 0.00164442437596678
331 0.00238992059005454
332 0.00361617823080054
333 0.00570233458685276
334 0.00933646229742496
335 0.0155321298409478
336 0.02557062100516
