1 0.00556848830041951
2 0.00684522328585028
3 0.00836878384540767
4 0.0101215822702393
5 0.0120482178199911
6 0.0140443817829913
7 0.015961370432817
8 0.0176478038148255
9 0.0189528606183182
10 0.0197391036009897
11 0.0199147923869636
12 0.0194838339830478
13 0.018513642733029
14 0.0171111395729001
15 0.0154123960301326
16 0.0135792496720781
17 0.0117520222960742
18 0.0100326298735206
19 0.00848277795175994
20 0.00712639502032694
21 0.0059663738188873
22 0.00499304559129652
23 0.00418878270597166
24 0.00353107158076858
25 0.00299774127137439
26 0.00256875262391265
27 0.00222667142155357
28 0.0019567660382927
29 0.00174705817417518
30 0.00158786326974293
31 0.00147085643351913
32 0.00138997789859553
33 0.00134138655661304
34 0.00132295483392467
35 0.00133338175215912
36 0.00137298067558622
37 0.00144396261301045
38 0.0015503119509273
39 0.00169700016566093
40 0.00189095456725637
41 0.00214166913794357
42 0.00246177461828921
43 0.00286808906861019
44 0.00338240263022534
45 0.00403258475646875
46 0.0048518829704672
47 0.0058706084812985
48 0.00711523309986563
49 0.00860436667619045
50 0.0103417808509497
51 0.0123098953506031
52 0.0144601090091014
53 0.016704746975409
54 0.0189185322970081
55 0.0209614768388251
56 0.0226816607966839
57 0.023927499001275
58 0.0245700773652699
59 0.0245200289782822
60 0.0237429184689462
61 0.0222924401541962
62 0.0203644384190199
63 0.0181805319000758
64 0.015933150122727
65 0.0137635478646752
66 0.0117469926618415
67 0.00992538091144714
68 0.00831875145756143
69 0.00693137010226595
70 0.0057588852077651
71 0.00478647031851027
72 0.00399256513473039
73 0.00335227815061827
74 0.00283873596470145
75 0.00242850553841249
76 0.00210238714896984
77 0.00184490511590954
78 0.00164379677513272
79 0.0014895609905449
80 0.00137486442051637
81 0.00129371751106022
82 0.00124198335025513
83 0.00121732565249255
84 0.0012188648643693
85 0.00124654515568707
86 0.00130177277627379
87 0.00138773751740191
88 0.00150929199283363
89 0.00167185533554762
90 0.00188246919976482
91 0.00215032520180198
92 0.00248703447615892
93 0.00290711418903513
94 0.00342812723352183
95 0.00407077281777854
96 0.0048578774372411
97 0.00580967863732001
98 0.00694219046859599
99 0.00826391806219561
100 0.00976864354796518
101 0.0114201726361959
102 0.013147676903539
103 0.0148432052565959
104 0.0163703720488753
105 0.0175986644818264
106 0.018407621317307
107 0.0187180541644062
108 0.0185654854090944
109 0.0180388218722148
110 0.0172437767035996
111 0.0162719672930805
112 0.015152177418543
113 0.0139050815137145
114 0.0125593807811179
115 0.0111567750889872
116 0.00976257370194181
117 0.0084329841432457
118 0.0072066507768804
119 0.00610701975680268
120 0.00514651457597169
121 0.00432605760402167
122 0.00363812343024469
123 0.00307012023424164
124 0.00260680879280787
125 0.00223303503325693
126 0.00193495379306107
127 0.00170033120148729
128 0.00151830085787361
129 0.00138025653639459
130 0.00127983723991913
131 0.00121247212982232
132 0.00117462180973879
133 0.00116448709197463
134 0.00118201869221207
135 0.00122851070671778
136 0.00130722983139242
137 0.0014239532486326
138 0.00158733367535202
139 0.00180864583449003
140 0.00210349098107333
141 0.00249353779515376
142 0.00300748148757435
143 0.00367861357290944
144 0.0045465241638468
145 0.00565725782747005
146 0.00705811307602729
147 0.00877799368261921
148 0.0108147362299074
149 0.0131178229545656
150 0.0155773257842348
151 0.0180458447842338
152 0.0203340779261804
153 0.0222207859833725
154 0.0235014136331218
155 0.0240914588601662
156 0.0239914982779996
157 0.0232748370513215
158 0.0221069224836191
159 0.0206729802180927
160 0.0191399273921798
161 0.0176177374063709
162 0.0160960014065326
163 0.0145509234703955
164 0.01297499590504
165 0.0113874500442653
166 0.00985393490700893
167 0.00843050111684716
168 0.00715095417288812
169 0.00603094471606847
170 0.00507323212930782
171 0.00427034856564705
172 0.00360848589232083
173 0.00307065139805706
174 0.00263853615991357
175 0.00229541176467365
176 0.00202702944908776
177 0.00182137225658941
178 0.00166770382800166
179 0.001557984931064
180 0.00148687031648211
181 0.00145112348530464
182 0.0014486862352291
183 0.00147949944951735
184 0.00154547456802417
185 0.00164957287849319
186 0.00179681742867342
187 0.00199488674630761
188 0.00225425742044878
189 0.00258745694294368
190 0.00301002756923917
191 0.0035410928069392
192 0.00420198148624292
193 0.00500913099588172
194 0.00597236122908585
195 0.0070907765951057
196 0.00834591138192758
197 0.0096928891595953
198 0.0110556725445229
199 0.0123264106147159
200 0.013391944500443
201 0.0142191112101934
202 0.0148195788718082
203 0.0152277786416813
204 0.0154722190255319
205 0.0155020278089689
206 0.0152520385561879
207 0.0146838311914976
208 0.0138213875090574
209 0.0127167991291323
210 0.0114347195431845
211 0.0100540345808836
212 0.00867630408598284
213 0.00738201063111798
214 0.00622070708976024
215 0.00521537157542682
216 0.00436848513707511
217 0.00367083785155189
218 0.00310727326904581
219 0.00265939748827198
220 0.00230598180852802
221 0.00202904761372381
222 0.0018146191952554
223 0.00165155300127438
224 0.00152978145546013
225 0.00144170396847719
226 0.00138201127468586
227 0.0013472817501021
228 0.00133602934703462
229 0.00134811676398169
230 0.00138463605465022
231 0.00144795476938829
232 0.00154166376219851
233 0.0016711499945823
234 0.00184375350138847
235 0.00206778109646505
236 0.0023537904289189
237 0.00271542899519254
238 0.00316868496496126
239 0.00372669657605035
240 0.00439973641046787
241 0.00519328662109558
242 0.00610320272008401
243 0.00710685403131245
244 0.00815910502243928
245 0.00918979149828622
246 0.010112527127466
247 0.0108598067771291
248 0.0113772622154315
249 0.011623737829577
250 0.0115854581433084
251 0.0113042682546954
252 0.0108434263417775
253 0.010268743970411
254 0.00963900076622649
255 0.00899629890312694
256 0.00837283920582192
257 0.00779330732796249
258 0.00727020312612561
259 0.00679142998948326
260 0.00634232082054184
261 0.00591141766514226
262 0.00549018931362941
263 0.00507262928922486
264 0.00465506692519281
265 0.00423923712977531
266 0.00383923708359783
267 0.00346778477988608
268 0.00313303942017634
269 0.00283901444893978
270 0.00258543345422467
271 0.00237062522815472
272 0.00219258338272083
273 0.00204944771783386
274 0.00194010198248464
275 0.00186407104313234
276 0.00182176918573211
277 0.00181444005408675
278 0.00184317899243541
279 0.00191076580013209
280 0.00202255708751634
281 0.00218649288267237
282 0.00241158677291734
283 0.00271007197120342
284 0.00309890660156419
285 0.00360132480598532
286 0.00424842856985027
287 0.00508145598683569
288 0.00614980606157762
289 0.00749099186764924
290 0.00912769476936955
291 0.0110580007882282
292 0.0132371432780985
293 0.0155529088398774
294 0.0178156119827506
295 0.0197636122757067
296 0.0211289560238499
297 0.021811067819391
298 0.0218180865094145
299 0.0212237044802093
300 0.0201415614718376
301 0.0186904584897662
302 0.0169935488602138
303 0.0151694634898419
304 0.0133253552948489
305 0.0115573108988547
306 0.00993286098929065
307 0.00849013647548994
308 0.00723997629003804
309 0.00616552606016946
310 0.00524575474445416
311 0.00446238105048909
312 0.00380234446872668
313 0.00325230084028471
314 0.00279842004687074
315 0.0024271063875348
316 0.00212499909534133
317 0.00188063534082526
318 0.00168464076869864
319 0.00152937081682387
320 0.00140841052642701
321 0.00131683070876877
322 0.00125108694964125
323 0.00120891103637885
324 0.00118938847967151
325 0.00119280297055258
326 0.00122073611358826
327 0.00127605436518543
328 0.00136230345597841
329 0.00148488318470506
330 0.00165188477490885
331 0.00187467184989131
332 0.00216798865688725
333 0.00255173805960187
334 0.00305166600002642
335 0.00369570279621191
336 0.00451510615771625
