1 0.00836832562936405
2 0.00735103529729125
3 0.00652009587531098
4 0.00585241704301657
5 0.00532392793922219
6 0.00491470468585649
7 0.00460923731963492
8 0.00439453573777798
9 0.00426167752460535
10 0.00420592329469337
11 0.00422592011903338
12 0.00432192739427434
13 0.0044976268622364
14 0.00476091934043015
15 0.00512376159674637
16 0.00560045487681611
17 0.00620979065139796
18 0.00697638224068393
19 0.00792958181495932
20 0.00909620678900748
21 0.0105020206035875
22 0.0121703015767216
23 0.014114537079032
24 0.0163198162310851
25 0.0187375110921352
26 0.0212784202136033
27 0.0238192088128836
28 0.0262497433937413
29 0.0284586418310289
30 0.0303368366011344
31 0.0318077848739064
32 0.0328191535393386
33 0.0333400425775538
34 0.0333647862543811
35 0.0329202033425568
36 0.0320541069275512
37 0.0308276721422796
38 0.0293038724422793
39 0.0275264329843221
40 0.0255406302904536
41 0.0233982488490928
42 0.0211624589984376
43 0.0189208406792535
44 0.0167503664161721
45 0.0147077107199375
46 0.0128334161502351
47 0.0111603740596234
48 0.00970354035884247
49 0.00846212166145924
50 0.0074236323046796
51 0.00656520746773125
52 0.00586387662339741
53 0.00529948685697144
54 0.00485438742152835
55 0.00451183000980989
56 0.00425877793034087
57 0.00408582210400348
58 0.00398563499871706
59 0.00395414621935092
60 0.0039907732159004
61 0.00409790924039217
62 0.00427941482123171
63 0.00454233080301347
64 0.00489777938378339
65 0.00536088329115144
66 0.00594886551411086
67 0.00668302938198248
68 0.00758983713155479
69 0.00869889461289653
70 0.0100328997793567
71 0.0116079727046242
72 0.0134305754077619
73 0.0154897399606253
74 0.0177435093187539
75 0.0201134329387914
76 0.0224805980800715
77 0.0246997613980828
78 0.0266578284474323
79 0.028257478517869
80 0.0294208761347052
81 0.0301210045020018
82 0.0303636587145354
83 0.030177156811393
84 0.0296023015948361
85 0.0286723922039926
86 0.0274270757512249
87 0.0259151607628073
88 0.0241916158133763
89 0.0223143381635595
90 0.0203414416234631
91 0.0183286178203417
92 0.0163352146748615
93 0.0144398324572243
94 0.012701994747861
95 0.0111556745795345
96 0.00981325306716982
97 0.00866807359486313
98 0.00770645644428539
99 0.00691258356564309
100 0.00626952482130878
101 0.00575821493123883
102 0.00536256867790084
103 0.00507061369161649
104 0.00487369999086062
105 0.00476462802716867
106 0.00473990202406598
107 0.00479976118499896
108 0.00494642425756276
109 0.00518606043952591
110 0.00552979574429781
111 0.00599355359960645
112 0.00659568567066491
113 0.00735969301426805
114 0.00831581018501135
115 0.00949881435143849
116 0.010935943029732
117 0.0126481137659118
118 0.0146467965955694
119 0.0169252505536266
120 0.0194432396658073
121 0.0221198664184184
122 0.0248277317873332
123 0.0274065525680192
124 0.0297255804677623
125 0.0316666393374187
126 0.0331209275672013
127 0.0340074696429669
128 0.0343097522277328
129 0.0340514502703297
130 0.03328276452816
131 0.0320686931362144
132 0.0304683765717917
133 0.028548068679145
134 0.0263866063476576
135 0.0240808302441805
136 0.0217228623451352
137 0.0193911394395097
138 0.017151085842468
139 0.0150603780710656
140 0.0131574263433509
141 0.0114614669311253
142 0.0099771470209505
143 0.0086993781740807
144 0.00761588742111754
145 0.00671026715900099
146 0.0059636618768881
147 0.00535458344301196
148 0.00486397907614606
149 0.00447634241852172
150 0.00417894062674393
151 0.00396008323855253
152 0.00381113981592664
153 0.0037267794672241
154 0.00370436416081705
155 0.00374283163222513
156 0.00384375918736244
157 0.00401137445164248
158 0.00425132552912497
159 0.00457205881021249
160 0.00498558522957448
161 0.00550731235681075
162 0.00615399565129468
163 0.00694520756295599
164 0.00790385539344436
165 0.00905264975047683
166 0.0103998569021535
167 0.0119391745247297
168 0.0136459864131988
169 0.0154760153139332
170 0.0173800191220862
171 0.0192948157848024
172 0.021139789811331
173 0.0228291334815167
174 0.0243106165086678
175 0.0255498099106076
176 0.0265232666037014
177 0.0272123286478221
178 0.0275821641857905
179 0.0276012855667247
180 0.0272506770942641
181 0.0265243128793993
182 0.0254257531971594
183 0.023975720621959
184 0.0222263458891709
185 0.0202873138622579
186 0.0182701157754343
187 0.0162677343474508
188 0.0143537287302098
189 0.0125865000888898
190 0.0110020531312333
191 0.00961625141896363
192 0.00842832234999118
193 0.00742194662296504
194 0.00657768580648604
195 0.00587684029781318
196 0.0053018098726167
197 0.00483546802505089
198 0.00446342333212684
199 0.00417438553157007
200 0.00395940970826933
201 0.00381030001001975
202 0.00372130201455764
203 0.00368937389486401
204 0.00371366259159365
205 0.00379435297526442
206 0.00393375291478098
207 0.00413633920596533
208 0.00440760217672986
209 0.00475510821544281
210 0.00518899984969714
211 0.00572104984526614
212 0.00636040439008205
213 0.00711492193912151
214 0.00799083456221846
215 0.00899062755544492
216 0.0101091884923581
217 0.0113319638790001
218 0.0126326950443035
219 0.0139779171367492
220 0.0153509517011516
221 0.0167407146884553
222 0.0181366788166037
223 0.0195228283418069
224 0.0208552412727074
225 0.0220760937850281
226 0.0231213750203744
227 0.02392409683487
228 0.0244181415640086
229 0.0245448783511479
230 0.0242599518458665
231 0.0235466767074146
232 0.0224397561292897
233 0.0209997862975771
234 0.0193089960903547
235 0.0174838698717178
236 0.0156324680822789
237 0.0138394669499918
238 0.0121661513539428
239 0.0106546136187144
240 0.00932674953503818
241 0.00818833478687834
242 0.00723248609404981
243 0.00644023554524591
244 0.00579185526985058
245 0.00527004133572415
246 0.00485956653165799
247 0.00454560444069441
248 0.00431665638041663
249 0.00416499533442361
250 0.00408587191513306
251 0.0040759123361275
252 0.00413469972180323
253 0.00426530250850986
254 0.00447387455772885
255 0.00476789745582717
256 0.0051581479742488
257 0.0056597494366993
258 0.00629218520004008
259 0.00707756917235552
260 0.00804218789076067
261 0.00921408843549842
262 0.0106099510191861
263 0.0122351468628277
264 0.0140798609154814
265 0.0161153409751527
266 0.0183005214784494
267 0.0205732224672945
268 0.0228454561810735
269 0.025015906791452
270 0.0270170472807715
271 0.0287974643625266
272 0.0303145440349015
273 0.0315298308642638
274 0.0323895115312565
275 0.0328432078559709
276 0.0328537764456314
277 0.0324035364337827
278 0.0315045153654445
279 0.0301898077465811
280 0.0285089609890435
281 0.0265262473485239
282 0.024319693052894
283 0.0219715743479136
284 0.0195729704728644
285 0.0172414683233561
286 0.0150694380456073
287 0.013113677851479
288 0.0114004147543306
289 0.00993036542133028
290 0.00869149791227407
291 0.0076656295040479
292 0.00683078218361388
293 0.00616070227294143
294 0.00563246491494565
295 0.00522810569871382
296 0.00493359934803688
297 0.00473660564952981
298 0.00462904528796113
299 0.00460756451813608
300 0.00467280743225799
301 0.00482759061137037
302 0.00507907091808206
303 0.00543991598938863
304 0.00592823686149539
305 0.00656505462091821
306 0.00737739257356296
307 0.00840016811951726
308 0.00967527184894603
309 0.0112438266512079
310 0.0131471074606333
311 0.015419369070097
312 0.0180611483863979
313 0.0210314785259034
314 0.0242363334899333
315 0.0275267384911311
316 0.0307344353657225
317 0.0336627909012878
318 0.0360921319469566
319 0.0378262040027334
320 0.0388006837484816
321 0.0390276817616633
322 0.0385648701261559
323 0.0375017748027355
324 0.0359406652926946
325 0.033993428704392
326 0.0317744232676335
327 0.0293844906181384
328 0.0268862917071546
329 0.0243339549554421
330 0.0217801686346869
331 0.0192823094575282
332 0.016917143147144
333 0.0147428426005943
334 0.0127936011502551
335 0.0110870909883143
336 0.00962416796175542
