1 0.0341058515056343
2 0.0310821504426823
3 0.0280165181827876
4 0.025042192299431
5 0.0222667763549247
6 0.0197612313930094
7 0.0175658056283336
8 0.0157043877871665
9 0.0141823909692399
10 0.0129937629175372
11 0.0121268753314387
12 0.0115642043228694
13 0.0112990665277723
14 0.0113430097588598
15 0.0117295828125556
16 0.0125165826834259
17 0.0138044690376748
18 0.015759291195402
19 0.0186108179293156
20 0.0225361184304614
21 0.0276801278382554
22 0.0341155158225122
23 0.0417685322927063
24 0.0504072684066976
25 0.0595485032499815
26 0.0684095189010689
27 0.0760779128344541
28 0.0821098334537921
29 0.0863585442057511
30 0.088838110749558
31 0.0896376943499095
32 0.0889320632399032
33 0.086965080704537
34 0.0840254180048871
35 0.0804382570464391
36 0.0765166511450318
37 0.0725378555466998
38 0.068677654980172
39 0.0648582797372878
40 0.0609664047052628
41 0.0569183592045917
42 0.0527108112350763
43 0.0485389913670956
44 0.0445975008225968
45 0.0410270088817242
46 0.0378611979530527
47 0.0348885372249219
48 0.0319004576017158
49 0.0287584920233643
50 0.0254445483219155
51 0.0221569099254891
52 0.0190797549062698
53 0.0163260568030099
54 0.0139535736183227
55 0.0119886600148771
56 0.0104247782113632
57 0.00923064155288273
58 0.00835223804027882
59 0.00774514785702458
60 0.00738167499608045
61 0.00725108409882399
62 0.00736119003995517
63 0.0077436093491353
64 0.00846306736503813
65 0.0096219986205692
66 0.0113365981895248
67 0.0137698119831396
68 0.0171521166639019
69 0.0217619874121892
70 0.0277700288500651
71 0.0351476095514481
72 0.0435264587068523
73 0.0521616958495136
74 0.0603407801891141
75 0.0673580021632801
76 0.0725339147905558
77 0.0753561499392731
78 0.0756971057813839
79 0.0737077609239241
80 0.0697757152277791
81 0.0645726187976813
82 0.058782899409795
83 0.0529757654849523
84 0.0475553477545586
85 0.0427254489552803
86 0.0385904766704722
87 0.0352002427230609
88 0.0325460944312372
89 0.0305139610861534
90 0.0289950792273128
91 0.0279088669431372
92 0.0271784926213604
93 0.0266750832215624
94 0.0262678832123385
95 0.0258357140320899
96 0.0252680242272235
97 0.0244756895816563
98 0.0233887531297803
99 0.0219620107339029
100 0.0202188213404069
101 0.0183359879687737
102 0.016486850336695
103 0.0147944515254232
104 0.0133369459934114
105 0.0121594990908735
106 0.0112874650586984
107 0.0107313215460653
108 0.0104752891696569
109 0.010515692288805
110 0.0108732887573502
111 0.0115929502194211
112 0.0127320850073106
113 0.014381442469676
114 0.0166803643963365
115 0.0198059397222735
116 0.0238721631632544
117 0.0289231096510138
118 0.0348864005220652
119 0.041524629269278
120 0.0484894793470875
121 0.0552735858711531
122 0.061211368553818
123 0.0656525555668065
124 0.0684223251014074
125 0.0696158557701617
126 0.0694629561358576
127 0.0682946079300897
128 0.0665489549686318
129 0.0646671143470336
130 0.0630518916567593
131 0.0619487613692833
132 0.0611105767270489
133 0.0601885087931444
134 0.0588692462141479
135 0.0569287523957943
136 0.0542028469525488
137 0.0505948375035414
138 0.0461780510024023
139 0.0413843565732611
140 0.0366374668454242
141 0.0322388318396532
142 0.0283359333954455
143 0.0248659248469235
144 0.0217463144221469
145 0.0189179778454947
146 0.0163536136266069
147 0.0140789660188039
148 0.0121082480671732
149 0.0104349390430525
150 0.00904523914321394
151 0.0079358602792739
152 0.00709599261322042
153 0.00651148706808964
154 0.00616932735389875
155 0.00605191955680443
156 0.00615866223928048
157 0.00651111947673978
158 0.00714926948554676
159 0.00814625673324167
160 0.00962446869836509
161 0.011761017866302
162 0.0147355925075527
163 0.0187354786361138
164 0.0239256465715145
165 0.0303802237576853
166 0.0380011580321243
167 0.0464109071705924
168 0.0548742103776837
169 0.0624327591635554
170 0.0685099192338568
171 0.0728134755621443
172 0.0752510989240935
173 0.0759117699986946
174 0.0750318389938211
175 0.0729355454489321
176 0.0699824611598693
177 0.0665335164818445
178 0.0629400806952019
179 0.059505128683013
180 0.0564747992491647
181 0.0539760490195256
182 0.0518369796378451
183 0.0498446306197846
184 0.0478578355464461
185 0.0459179530192933
186 0.0440993698960945
187 0.0424652402930472
188 0.0410329174941851
189 0.0396751195640046
190 0.0382457461384297
191 0.036619248238869
192 0.0346974212988792
193 0.0324227419350935
194 0.0297771240004987
195 0.026785062907185
196 0.0235632913622309
197 0.0204077176033684
198 0.0175541279496944
199 0.0151303952623227
200 0.0131838062930014
201 0.0117100164599706
202 0.0106893444755273
203 0.0101103986433838
204 0.0099716865429252
205 0.0102468790792201
206 0.0109415761070285
207 0.0120997592065182
208 0.0137750100651398
209 0.0160378105240411
210 0.0189692588645581
211 0.0226456064235648
212 0.0271251537629073
213 0.0324134038850058
214 0.0384230320530462
215 0.0449459435742074
216 0.0516697214364536
217 0.0581588570351002
218 0.0638666494434981
219 0.0682743969545403
220 0.0712638588951317
221 0.072931964152302
222 0.0734787274350861
223 0.0731318336248213
224 0.0720051363668559
225 0.0701962376434647
226 0.0678159919420356
227 0.0649878671198631
228 0.0618584381737675
229 0.0585686640156878
230 0.0552424916496872
231 0.0520305984942927
232 0.0492283612536649
233 0.0471141220743579
234 0.0458164463179447
235 0.0450290584531835
236 0.0443753227058852
237 0.0435041982448892
238 0.0421218289945514
239 0.040093574632962
240 0.0373687218870109
241 0.0339664159614643
242 0.030037483305249
243 0.025962060165158
244 0.0220734988159052
245 0.0185827812527829
246 0.0155957001818798
247 0.013143996980192
248 0.0112078694735071
249 0.00974197706722802
250 0.00868916481705228
251 0.00797762806512512
252 0.0075561633886541
253 0.00739973347254997
254 0.00750389462624089
255 0.00787170004253007
256 0.00852765724306004
257 0.00952414941032772
258 0.0109371104595073
259 0.0128323191866314
260 0.0152714666492031
261 0.0183037776624428
262 0.0219506053582607
263 0.026172516929927
264 0.0308338688872748
265 0.0356868264240548
266 0.0404130651655638
267 0.0446185636830189
268 0.0478587407572985
269 0.0497944002543672
270 0.0505660647930871
271 0.0505221437136147
272 0.0500620157030096
273 0.0495232034714791
274 0.0489673051338027
275 0.0483879099935567
276 0.0477789558670845
277 0.0471566521176931
278 0.0466230335633917
279 0.0462975335939458
280 0.0462982013175028
281 0.0466254404750158
282 0.0467912185993535
283 0.0461823888452903
284 0.0443423398338963
285 0.0413413163087162
286 0.0374389539450642
287 0.032943210397092
288 0.0282048707784766
289 0.0236369677398994
290 0.0195308397063866
291 0.0160299012249244
292 0.0131643280785667
293 0.0108884213840563
294 0.00912828574005805
295 0.00780606972689342
296 0.00684948531105074
297 0.00619224741658279
298 0.0057887171885548
299 0.00561602176491453
300 0.00567113039617115
301 0.00596306393496383
302 0.00652684651782029
303 0.00743413431629394
304 0.00879708395531784
305 0.0107423414871349
306 0.0134280880804704
307 0.0170440265499114
308 0.0217763164370269
309 0.027695427630835
310 0.0346591303352528
311 0.0422564294321644
312 0.0499689489070599
313 0.0571425754059212
314 0.063015896415347
315 0.0669196222480611
316 0.0687020181384353
317 0.0685303190207533
318 0.0667410576493109
319 0.0637705515444201
320 0.0601086141550629
321 0.0562087582675573
322 0.0524471552016461
323 0.0490988095739251
324 0.0463042211240299
325 0.0441564142498859
326 0.0427383722171783
327 0.0420814449265334
328 0.0420043190899631
329 0.0422932793956291
330 0.0427427524707779
331 0.0431325598738163
332 0.0431942504207071
333 0.0426526025238102
334 0.0413235111860875
335 0.0393097435747783
336 0.0367951915053849
