1 0.00108948142547461
2 0.00120430235955875
3 0.00136862661428532
4 0.00159685354591933
5 0.0019069793297017
6 0.00232281143490906
7 0.00287493975025806
8 0.00359794196312835
9 0.00452927912616742
10 0.00570548736618386
11 0.00715641333822862
12 0.00890275420783136
13 0.0109442064928654
14 0.0132463019130975
15 0.0157273820512716
16 0.0182448370868986
17 0.0205969554074537
18 0.0225384208089899
19 0.0238443384543826
20 0.024459874748315
21 0.0244323093491687
22 0.023863034158637
23 0.0228622522477317
24 0.0214714183312689
25 0.0197352010913325
26 0.0177231605646472
27 0.0155285484707586
28 0.0132672185448081
29 0.0110499944013722
30 0.00898046521265426
31 0.00716452002557278
32 0.0056518752655729
33 0.0044412295973158
34 0.00349925076847849
35 0.00277388707831975
36 0.00221807846366258
37 0.00179377507412724
38 0.00147097676022628
39 0.00122660971215153
40 0.00104304295094245
41 0.000907034313051371
42 0.000808633918272868
43 0.000739902654611331
44 0.000695392659643666
45 0.000671824829614157
46 0.000667588164548621
47 0.000682214649529622
48 0.000716712909092418
49 0.000773806510363112
50 0.000858104464315804
51 0.000976010782816746
52 0.0011367575383405
53 0.00135353726347226
54 0.00164408794364313
55 0.00202858979600671
56 0.00253053969706746
57 0.00317649012703953
58 0.00399474502848821
59 0.00501143580969286
60 0.00624445711961648
61 0.00769822843335018
62 0.00936786832068195
63 0.0112308633770718
64 0.0132399790447483
65 0.0153178070159523
66 0.0173481769362503
67 0.0191834503689975
68 0.0206581430526868
69 0.0216262977773191
70 0.0220423233983407
71 0.0219236786583615
72 0.0213269700984931
73 0.0203339566141314
74 0.0190329337625384
75 0.0175163241851523
76 0.0158743888698982
77 0.0141882342619563
78 0.0125249257734819
79 0.0109364223782786
80 0.00945555364062869
81 0.00808960658123821
82 0.00684112857041015
83 0.00571240877729118
84 0.00471144715133495
85 0.00386164978010203
86 0.003169173870611
87 0.00262392869495123
88 0.00220682376928748
89 0.00189300462219916
90 0.00166171240830066
91 0.00149771632878665
92 0.0013900224681563
93 0.00132980178733284
94 0.00131213634972364
95 0.00133613504583563
96 0.00140435664162713
97 0.00152137912403472
98 0.00169563189182019
99 0.00194070101661889
100 0.00227551118694013
101 0.00272086790737442
102 0.00330081614315506
103 0.00404200340708521
104 0.0049672691297177
105 0.00607443124582924
106 0.00732494077048329
107 0.00864832840350962
108 0.0100055362098605
109 0.0113745232628117
110 0.0127412405673673
111 0.0140975750250909
112 0.0154270794121319
113 0.0167129185045203
114 0.0179420147394912
115 0.0190814201653106
116 0.0199962101461652
117 0.0205124241134454
118 0.0204621230795889
119 0.0197590500163581
120 0.0185382447563785
121 0.0169964483299045
122 0.0153158584146081
123 0.0136353407462519
124 0.0120253428918427
125 0.010527750135216
126 0.00916826780359413
127 0.00795764248936743
128 0.00689188517330657
129 0.00596183038066387
130 0.00515633933642884
131 0.00446216346685269
132 0.00386250790573803
133 0.003342556367254
134 0.00289279073438533
135 0.00251330119014781
136 0.00220243264201664
137 0.00195584220068136
138 0.00176790750133237
139 0.00163198213533813
140 0.00154317307461121
141 0.00149923368967962
142 0.0015002602103671
143 0.00154702518790057
144 0.00164371772584437
145 0.00179936624275317
146 0.00202816950095555
147 0.00234738680870134
148 0.00278054644198881
149 0.00335974495360445
150 0.00412391181488661
151 0.0051035682241495
152 0.00631501473329423
153 0.00774812389331663
154 0.00935797040749939
155 0.0110901028458469
156 0.0128680892708246
157 0.0146039306356654
158 0.0162665857174925
159 0.0178633285811946
160 0.0194278335096166
161 0.0209783795169731
162 0.0223702935902837
163 0.0233856426121003
164 0.0237923353121953
165 0.0234266452229216
166 0.022352976113468
167 0.0207305413413179
168 0.0187423151194177
169 0.0165743228992111
170 0.0144085002113983
171 0.0123805516051216
172 0.0105728276728961
173 0.00901847576281985
174 0.00770436329555045
175 0.00660579559926571
176 0.0056966811779109
177 0.00494927639916935
178 0.00433074516863885
179 0.00381373649208347
180 0.00337729535477545
181 0.00300486463651971
182 0.00268230585898826
183 0.00239857782128336
184 0.00214784772903961
185 0.00193434411025039
186 0.00176169578767915
187 0.00163148198909643
188 0.00154383298698821
189 0.00149622540817413
190 0.00148767596559716
191 0.00152008879459896
192 0.00159822418129062
193 0.00172851955894663
194 0.001921595945524
195 0.00219422748783013
196 0.00256984591286687
197 0.00307395040171132
198 0.0037368327476133
199 0.00459386163720014
200 0.00568061426230315
201 0.00701681773147121
202 0.00859477124219849
203 0.0103637806299303
204 0.01222697683649
205 0.0140873629151984
206 0.0158384830505519
207 0.0173728355076449
208 0.0186262213524524
209 0.019566844142182
210 0.0201879701490737
211 0.020515359637222
212 0.0206333912290893
213 0.0206475000796346
214 0.020666576895666
215 0.0207663692766528
216 0.0208873433098085
217 0.0209346170737424
218 0.0208130025016633
219 0.0204309661767432
220 0.0197059780079005
221 0.0185818974002014
222 0.0170441164435981
223 0.015157406895253
224 0.0131206058159597
225 0.0111193636917624
226 0.00928000510019202
227 0.0076712570357654
228 0.00631410644792089
229 0.00520128518406003
230 0.00431018378901925
231 0.00361071076327763
232 0.00306962567015297
233 0.00265794116100107
234 0.00235119007742952
235 0.00212623050712514
236 0.00196586713942255
237 0.00185847936620429
238 0.00179674190472027
239 0.00177710354664926
240 0.00179903736467711
241 0.0018649538751655
242 0.00197943199715372
243 0.00214576614727624
244 0.00236844186362213
245 0.00265368924347841
246 0.00300818110392201
247 0.00343519054150396
248 0.00393378057393915
249 0.00449680537725309
250 0.00511090252527543
251 0.00576519889462661
252 0.00644642361881627
253 0.00713638162701502
254 0.00781597891074018
255 0.00848040538367901
256 0.00913230706439505
257 0.00977858297407501
258 0.0104273939070283
259 0.0110776449351714
260 0.0117255191123635
261 0.0123624732994312
262 0.0129593062624736
263 0.0134775887578066
264 0.0138755173344668
265 0.0141105319842863
266 0.014142810118834
267 0.0139399621006799
268 0.0134818962561354
269 0.0127685743400023
270 0.0118312495238698
271 0.0107181630942794
272 0.00948664134511047
273 0.00820412004392846
274 0.00695362717439487
275 0.00579856349740982
276 0.00477573835951339
277 0.00390243999180043
278 0.00318620853181171
279 0.00261940187224923
280 0.00218510225230849
281 0.00186227442735946
282 0.0016267030927598
283 0.0014596902698144
284 0.00134830200731019
285 0.00128335525426843
286 0.00125976896850285
287 0.0012763464848703
288 0.00133521595838611
289 0.00144047280036071
290 0.00159998761089359
291 0.00182671736978988
292 0.0021389591702077
293 0.00255707724329812
294 0.00310511710645121
295 0.00381053488583958
296 0.00470085533236411
297 0.00579530636379469
298 0.00709652038733146
299 0.00857940375436353
300 0.0101833549390885
301 0.0118222777119305
302 0.0133797129248987
303 0.0147129095269632
304 0.0156925068338866
305 0.0163040738345968
306 0.0165966545285298
307 0.0166480465098437
308 0.0165360956899889
309 0.0162856855419268
310 0.0159101784465263
311 0.0154208338454901
312 0.0148141373593464
313 0.014087260296275
314 0.0132434650995733
315 0.0122947027628647
316 0.0112666288778517
317 0.0101887998713301
318 0.00909073018019197
319 0.00800003089804313
320 0.00694029440107762
321 0.00593213388092174
322 0.00499281873365245
323 0.00414069997906629
324 0.00340274570826019
325 0.00278991781169977
326 0.00229797097048289
327 0.00191352232610991
328 0.00161744010755438
329 0.00139268568402539
330 0.00122583271739055
331 0.00110644956832973
332 0.00102591780855648
333 0.000978539704831086
334 0.000961234545853567
335 0.000972639677390932
336 0.00101374505347033
