1 0.000823104162241679
2 0.000913145795862257
3 0.00103505942653632
4 0.00119741887807259
5 0.00141134831656886
6 0.00169166307285192
7 0.0020569522289466
8 0.00252540240468317
9 0.00311426306684792
10 0.00383726766856671
11 0.00469821358372563
12 0.00567797970007641
13 0.00672665360391565
14 0.00775814848172362
15 0.00866613922785359
16 0.00939033057282471
17 0.00990204962147766
18 0.0101941308004873
19 0.010277326414812
20 0.0101717273631884
21 0.00990625995925764
22 0.00951564972639484
23 0.00902968181728476
24 0.00845315293045357
25 0.00779041514209
26 0.00705307032954927
27 0.00626174011859511
28 0.00544902012853839
29 0.00464732517533451
30 0.00388887646357904
31 0.00321170431146104
32 0.00263644722970966
33 0.00216652664193231
34 0.00179367084530393
35 0.00150121556474933
36 0.00127359182321794
37 0.00109816695234726
38 0.000964762067013318
39 0.000864863406086493
40 0.000792156392749455
41 0.000742284256339952
42 0.000712349701197298
43 0.000700296162919469
44 0.000705254170255069
45 0.000727602804616888
46 0.000768895767898871
47 0.000831624420123711
48 0.000919742024263962
49 0.00103914318137372
50 0.00119781883285743
51 0.00140484823022939
52 0.00167128565847018
53 0.00201054784425909
54 0.00243814708525699
55 0.00297063433076164
56 0.00362430899657618
57 0.00440971631167622
58 0.00531309909427943
59 0.00629028055513628
60 0.00726148747602434
61 0.0081272613045419
62 0.00883938208779133
63 0.00938236897153485
64 0.00976025828565805
65 0.00999663380274599
66 0.0101405006718111
67 0.0102516007902838
68 0.010393515683319
69 0.0106112050721586
70 0.0108622917640306
71 0.0110774709767018
72 0.0111823304917726
73 0.0111101730603644
74 0.0108338529566664
75 0.010346748650759
76 0.00965744438662497
77 0.00879490395771112
78 0.00781603097813406
79 0.00678273753574574
80 0.00575595245508211
81 0.00479910179328409
82 0.00395305114454029
83 0.0032347758979142
84 0.00264396120468208
85 0.00216920458795433
86 0.00179498331617637
87 0.00150527167018912
88 0.00128473545555264
89 0.00111837251775468
90 0.000994560806543738
91 0.000904992435055442
92 0.000843797216801289
93 0.000806643281014267
94 0.000790970704251095
95 0.000795901171173203
96 0.000821998103432449
97 0.000870813395555886
98 0.000945497221504615
99 0.00105126846949221
100 0.00119562801589076
101 0.00138776389683313
102 0.00163965846156568
103 0.00196693119803103
104 0.00238850901694561
105 0.0029226304045091
106 0.00358561899491527
107 0.00438910309066203
108 0.00533653595518629
109 0.0064167382422905
110 0.00759712036124105
111 0.00882268957477522
112 0.010031988502132
113 0.0111544208351568
114 0.012112233015461
115 0.0128345457651576
116 0.0132876404437241
117 0.0134638226168775
118 0.0133744407805112
119 0.0130379912784879
120 0.012452779098361
121 0.0116263062641303
122 0.0105858972833845
123 0.00938754171678009
124 0.00813060305032453
125 0.00690404032097367
126 0.00576990302039621
127 0.00476462115011801
128 0.00390388627522168
129 0.00318727783471046
130 0.00260403131830618
131 0.00213775208828608
132 0.00176951115607834
133 0.00148170880064114
134 0.00125896206624172
135 0.00108773706354839
136 0.000957448775935702
137 0.000860211355142204
138 0.000790129559062134
139 0.000742428892680163
140 0.000713876010898501
141 0.00070266675798204
142 0.000708134818962186
143 0.000730366540362078
144 0.000770506942071664
145 0.000830949928267479
146 0.000915290207139243
147 0.00102763332848229
148 0.00117325903748754
149 0.00135895881605999
150 0.00159318503353289
151 0.00188629204712986
152 0.00225050602714544
153 0.00269975863757194
154 0.0032481611272683
155 0.00390402683708516
156 0.00466765031147118
157 0.00552934703061729
158 0.00647192133926684
159 0.0074662619814532
160 0.00846870522212329
161 0.00942962984663009
162 0.0103271558645592
163 0.0111557028116945
164 0.0119195697278462
165 0.012614457661382
166 0.0131659460498719
167 0.0134750033956708
168 0.0134466796372188
169 0.0130206105870487
170 0.0122219624549543
171 0.0111200704751166
172 0.00980585255408394
173 0.00838819007293948
174 0.00699570046309368
175 0.00572284183539344
176 0.00462026348263597
177 0.00370303949321355
178 0.00296086435002601
179 0.00237286729588519
180 0.00191492042229625
181 0.00156286535632786
182 0.00129369332956972
183 0.00108884775805927
184 0.000933917979578065
185 0.000817357723275277
186 0.000730679040598802
187 0.000667882825222958
188 0.000624742999876032
189 0.000598111269088464
190 0.000586022792299454
191 0.000587585367020173
192 0.000602785002999638
193 0.000632204315042748
194 0.000677272806451257
195 0.000740437080449199
196 0.000825163063363447
197 0.000935481346037321
198 0.0010764464619034
199 0.00125438066720643
200 0.00147667097657148
201 0.00175055653701405
202 0.00208280188806054
203 0.00247879833355368
204 0.00294111576041077
205 0.00346793680356045
206 0.00405083683260306
207 0.00467171969338237
208 0.00529750087636941
209 0.00588099529055419
210 0.00636420606270165
211 0.00669192967692315
212 0.00684462596556076
213 0.0068246502658198
214 0.00664781001457305
215 0.00633812278906748
216 0.00591945831995139
217 0.00541853009980353
218 0.00486404179298129
219 0.00428598554338427
220 0.0037170376526884
221 0.00318257258382721
222 0.00269861611629435
223 0.00227363593767045
224 0.00191116989865445
225 0.0016097035465721
226 0.0013643690779264
227 0.00116829463980164
228 0.0010129688939613
229 0.000890993235464719
230 0.000796522340911617
231 0.000724944324150857
232 0.000672423624360224
233 0.000636192634784594
234 0.000614410108078149
235 0.00060580640861634
236 0.000609870922858807
237 0.000626892327717625
238 0.000657873772664815
239 0.000704232965246933
240 0.000768183616370671
241 0.000852980183114404
242 0.000962978067953387
243 0.00110328955104835
244 0.00128020163912015
245 0.00150142107192944
246 0.00177512083419034
247 0.00210527813418556
248 0.00249086942805012
249 0.00292387762141644
250 0.00339029308829833
251 0.00388382279740221
252 0.00440141374798629
253 0.00494085108383347
254 0.00549923440625013
255 0.00606599055864002
256 0.00662610035827654
257 0.00716192848204267
258 0.00765390512888491
259 0.00808175524230702
260 0.00842542487504969
261 0.00866635567306443
262 0.00878902252356974
263 0.00878222695605259
264 0.00864026291223466
265 0.00836476218925903
266 0.00796765888854802
267 0.0074671163709222
268 0.00688514413144245
269 0.00624749734608379
270 0.00558521313160196
271 0.00492636761946156
272 0.00429321484277248
273 0.00370283441973837
274 0.00316919048258763
275 0.00269962653404406
276 0.00229552399334955
277 0.0019544879961173
278 0.00167253951945711
279 0.00144410550624756
280 0.00126295489192865
281 0.00112258163040145
282 0.00101558016744454
283 0.00093602726850143
284 0.000879630732133153
285 0.000843146346101215
286 0.000824512501923272
287 0.00082278013672549
288 0.000837806447863689
289 0.000869523795638656
290 0.000918506504656804
291 0.000986122267238842
292 0.00107441904089975
293 0.00118578555894638
294 0.00132307734201566
295 0.00148959364792319
296 0.001689253662113
297 0.00192772037046107
298 0.00221195726125026
299 0.00255008033850381
300 0.00295082445082735
301 0.0034209230987941
302 0.00396515234840336
303 0.0045856448571097
304 0.00527795171663886
305 0.00601900356489215
306 0.00676777435573064
307 0.00746628535111079
308 0.00804806846007215
309 0.00846519667985267
310 0.00868313627085132
311 0.00868272427012111
312 0.00846985756231794
313 0.00806764449756837
314 0.00751056794530592
315 0.00684162661107436
316 0.00611117640382572
317 0.00536529290247857
318 0.00464080808601891
319 0.00396455136066224
320 0.003354370560077
321 0.00281903674015148
322 0.00236005685598664
323 0.00197438040327886
324 0.00165712187984069
325 0.00140125176058304
326 0.00119877933163539
327 0.0010414883507617
328 0.00092070856206472
329 0.000829487192095073
330 0.000762751810994034
331 0.000716888204089963
332 0.00068927715085767
333 0.000678473036832599
334 0.000684100978353621
335 0.0007065346836427
336 0.000747273847254865
