1 0.00220002673308862
2 0.00184942249775581
3 0.00158715079530473
4 0.00139764372033062
5 0.00126444531522577
6 0.00117552702329536
7 0.00112298671911083
8 0.00110108216957711
9 0.00110646864996364
10 0.00113789719048075
11 0.00119508425878184
12 0.0012757995090588
13 0.00137698478019555
14 0.00149456049742496
15 0.0016241345030315
16 0.00176597717665475
17 0.00192195871159015
18 0.00209430539382689
19 0.00228636450367343
20 0.00250529460636154
21 0.00276127051691376
22 0.0030677744108245
23 0.00344119576207991
24 0.00389581902012231
25 0.00444737610303651
26 0.00511487976898323
27 0.00592188885472424
28 0.00690038493851871
29 0.00809139797574187
30 0.00953349251843652
31 0.0112070123893671
32 0.0130342147386738
33 0.0148735037818854
34 0.0165241666914542
35 0.0177754259361885
36 0.0184234055806398
37 0.0183065148045511
38 0.0173822560912819
39 0.0158319245733369
40 0.013909591235687
41 0.0118544449485544
42 0.00984948064265931
43 0.00799847141283932
44 0.00636061069036384
45 0.00496294572201729
46 0.00381167079489893
47 0.00290483754626763
48 0.00221712866184349
49 0.00171064493649031
50 0.00134507931603588
51 0.00108142547643557
52 0.000890889713496569
53 0.000753605398960985
54 0.000655841075341224
55 0.000587962567276525
56 0.000543610861281996
57 0.000518789892636335
58 0.000510960497699903
59 0.000519146652670791
60 0.000543893056277137
61 0.00058721523648601
62 0.000652508654180547
63 0.000745162155447027
64 0.000873293173600966
65 0.00104809313034356
66 0.00128211510100901
67 0.00159006634594562
68 0.00198855442490307
69 0.0024953333770059
70 0.00313092000704789
71 0.00391573748873843
72 0.00486632272161302
73 0.0059929618550347
74 0.00730420399934507
75 0.0088022277230208
76 0.010478588632975
77 0.0122971604628307
78 0.0141314991044689
79 0.015778430079955
80 0.0170087284422089
81 0.0176880899801838
82 0.0177559639586412
83 0.0172142039973775
84 0.0161223914094207
85 0.0145800645605835
86 0.0127224310104069
87 0.0107040081168856
88 0.00869084543290306
89 0.00685897754491682
90 0.00530893799937154
91 0.00406638821856242
92 0.00310884046126902
93 0.00238876301477515
94 0.001856703835032
95 0.00146931288954893
96 0.00119058386229826
97 0.000990424522405466
98 0.00084743106887497
99 0.00074715699048362
100 0.000679849792276224
101 0.000638629245881724
102 0.000619337805738001
103 0.000620092629436528
104 0.000640811543720175
105 0.000682645859752905
106 0.000748489903552995
107 0.000843213416673967
108 0.000973409433471834
109 0.00114817212017326
110 0.00137980390562125
111 0.00168310570183298
112 0.00206936205310785
113 0.00254438438250317
114 0.00310416257164281
115 0.0037307877905411
116 0.0043969122333338
117 0.00506136358956525
118 0.00566823149845668
119 0.00616175810762939
120 0.00653058001201706
121 0.00678921429650734
122 0.00696518775300615
123 0.00709576301608269
124 0.00722883458548949
125 0.00741779298050283
126 0.00772235751752074
127 0.00819425052990732
128 0.0088129467005024
129 0.00952899502121471
130 0.0102744069908057
131 0.0109579788546036
132 0.0114672550913437
133 0.0116799207186616
134 0.0115086088568176
135 0.0109897178591277
136 0.010208411926003
137 0.00925893291365845
138 0.00822485808647755
139 0.00715864197999429
140 0.00610306008284594
141 0.00509520894279381
142 0.00417003729173396
143 0.00336725744504181
144 0.00270370102408011
145 0.00217562199238037
146 0.00176717534467045
147 0.00145575519732467
148 0.00122117201925751
149 0.0010473952309325
150 0.000921780512163582
151 0.000833605420203782
152 0.000775380815872053
153 0.000742497970238901
154 0.000732451113745777
155 0.000743941622815728
156 0.000777361546311179
157 0.000834801082327064
158 0.000919584034958714
159 0.00103687307356011
160 0.00119415800736437
161 0.00140062655714526
162 0.00166271589383528
163 0.00198384507163793
164 0.00236239514242399
165 0.00279269991387647
166 0.00328114688281729
167 0.00384206782430976
168 0.00449622251565188
169 0.00526755551642945
170 0.0061619253037412
171 0.00717091326178326
172 0.00827169090594778
173 0.0094278805775113
174 0.0106060883405039
175 0.0117696053702226
176 0.0128759936596157
177 0.0138632427404657
178 0.0145978626793981
179 0.0149223619726967
180 0.0146988870192918
181 0.0138772389103287
182 0.0125960002524285
183 0.0110490663966944
184 0.0094129354429933
185 0.0078185531224377
186 0.00635515643917369
187 0.00507385705337257
188 0.00399666186803084
189 0.00312882312641988
190 0.00245405515994833
191 0.00194405148343043
192 0.00156672382083128
193 0.00128954352702828
194 0.00108735643312917
195 0.000942172816480938
196 0.000841125613944619
197 0.00077445038452347
198 0.000735832398900445
199 0.000721881008847152
200 0.000731399239811389
201 0.00076446453205528
202 0.000823072230803268
203 0.000911505219424224
204 0.00103645876863954
205 0.00120649055111102
206 0.00143301336977055
207 0.0017299846716498
208 0.0021094053191486
209 0.00257989545322878
210 0.00314318519512029
211 0.00379229973540629
212 0.0045224441708246
213 0.00532585981327191
214 0.00618818344810979
215 0.00708985785034838
216 0.00801453226245743
217 0.00894706816297426
218 0.00987280684845738
219 0.0107745563046012
220 0.0116194441870815
221 0.0123673055521065
222 0.0129761549345148
223 0.0133985845545195
224 0.0135646395398653
225 0.0134081154322431
226 0.0128854905982167
227 0.0120058141645624
228 0.0108781011065602
229 0.00962797628655056
230 0.00836172191846263
231 0.00715169177691955
232 0.00602377690240434
233 0.00499201666385431
234 0.00407139100053258
235 0.00328420605331404
236 0.00263645277222205
237 0.00211933320135742
238 0.00171609212369708
239 0.00140651252714446
240 0.00117216405787082
241 0.000997823468546289
242 0.00087116763984919
243 0.00078168680719582
244 0.000721988946764349
245 0.000687507589481591
246 0.000675815892573754
247 0.000685852005972624
248 0.000718460840435133
249 0.00077672102713868
250 0.000866142491993493
251 0.000994420574239081
252 0.00117288494225426
253 0.0014180485289947
254 0.00175237402926928
255 0.00220108464969939
256 0.00279254468687279
257 0.00355627745551556
258 0.00451301683523356
259 0.00564313422904221
260 0.0068682982661648
261 0.00806235965149076
262 0.00915216423006646
263 0.0101035972754899
264 0.0109081126358336
265 0.0115844871192962
266 0.0121850971786681
267 0.0127844263202222
268 0.0134741376854318
269 0.0143363619168112
270 0.0153465162265209
271 0.0164371432215057
272 0.0175190719889289
273 0.0184564098348967
274 0.0189945811501406
275 0.0188497844186774
276 0.0178031056901645
277 0.0158559572071022
278 0.0134064527883739
279 0.0108778282004301
280 0.00856285363503624
281 0.00661361609199532
282 0.00507360724930256
283 0.00391461350924845
284 0.00306974173131253
285 0.00245179647334335
286 0.00199457049310509
287 0.00165272406341086
288 0.0013952286706483
289 0.00120152039398795
290 0.00105709100715668
291 0.00095157285133588
292 0.000877644748975378
293 0.000830095736771223
294 0.000805753271149404
295 0.000803288220933547
296 0.00082271166728733
297 0.000864105684083995
298 0.000928636370994137
299 0.00101882647356379
300 0.00113839922477577
301 0.00129177513566475
302 0.00148416968497932
303 0.00172143474604975
304 0.00200980218931121
305 0.00235599764579987
306 0.00276629113561828
307 0.003245381808664
308 0.00379205646376349
309 0.00438461067757711
310 0.00498080931591236
311 0.00553143883469283
312 0.00603026481868792
313 0.00649476310552152
314 0.00695475887213442
315 0.00744397837331265
316 0.00797367620891439
317 0.0085491385437456
318 0.00917647338951966
319 0.00985629412372602
320 0.0105607446685453
321 0.0112459733281026
322 0.0118578059899064
323 0.0123277646297283
324 0.0125583156643534
325 0.0124514091713116
326 0.0119345830571992
327 0.0110077852102827
328 0.00981133862915038
329 0.00850527179125775
330 0.00721755467203558
331 0.00603197907900817
332 0.00498571829159616
333 0.00409101439258045
334 0.00334618336941674
335 0.00274292685372333
336 0.00226618066048639
