1 2.04735782984941e-05
2 2.19783983434413e-05
3 2.35889715748375e-05
4 2.53119504026491e-05
5 2.71542347241654e-05
6 2.91230116158742e-05
7 3.1225740688886e-05
8 3.34700450566291e-05
9 3.58637622140089e-05
10 3.84149538122959e-05
11 4.11318258288497e-05
12 4.40224909289668e-05
13 4.70950543820655e-05
14 5.03576172090934e-05
15 5.3818120378128e-05
16 5.7483927207438e-05
17 6.13619490254078e-05
18 6.54586325715889e-05
19 6.9779679786024e-05
20 7.43293271743383e-05
21 7.91105631926741e-05
22 8.41251121264577e-05
23 8.93729858580257e-05
24 9.48513468279117e-05
25 0.000100554895242479
26 0.000106475888983721
27 0.000112603431803542
28 0.000118921561512612
29 0.000125410133081378
30 0.00013204497498076
31 0.00013879746219294
32 0.000145634574916704
33 0.000152518914288513
34 0.000159405937735424
35 0.000166234748644536
36 0.000172935045439483
37 0.000179430165843048
38 0.000185646697410017
39 0.000191544312219144
40 0.000197093912966134
41 0.000202269655740636
42 0.000207058842953236
43 0.000211492759019137
44 0.000215620148099394
45 0.000219497074371497
46 0.000223181703689836
47 0.000226719893347023
48 0.000230156923980299
49 0.000233541477498254
50 0.000236924081432809
51 0.000240352724871306
52 0.000243876790058741
53 0.000247548544678696
54 0.000251421195144658
55 0.000255542374592967
56 0.000259960658146928
57 0.00026472604521948
58 0.00026988387465869
59 0.000275481126160682
60 0.000281568998720993
61 0.00028820041767662
62 0.000295420757723544
63 0.000303276790554001
64 0.000311820196262863
65 0.000321104445225904
66 0.000331173412631086
67 0.000342071362518905
68 0.000353846674779756
69 0.000366547305730934
70 0.000380205268987284
71 0.000394848434110287
72 0.000410504479954768
73 0.000427193577756902
74 0.000444905275340028
75 0.000463613695077962
76 0.000483282042344733
77 0.000503852912938823
78 0.000525220053208525
79 0.000547245387777283
80 0.000569755510415563
81 0.000592511360568906
82 0.000615228039690146
83 0.000637582569373326
84 0.000659193496946834
85 0.000679553435027517
86 0.000698091402917076
87 0.000714204729097034
88 0.000727287195854174
89 0.000736787063361444
90 0.000742195219582693
91 0.000743056233957112
92 0.000739070590957918
93 0.000730345976238762
94 0.000717156091139856
95 0.000699849876475502
96 0.000678890295106599
97 0.00065498214231693
98 0.000628868271107572
99 0.000601250577310212
100 0.000572757631377998
101 0.000543894401330772
102 0.000515091178112109
103 0.000486717514877513
104 0.000459075628139664
105 0.000432385413632614
106 0.000406814137733746
107 0.000382483252317919
108 0.000359460649400579
109 0.000337783548701398
110 0.000317467677657353
111 0.00029850713963201
112 0.000280868429641169
113 0.000264507237785801
114 0.000249374512088128
115 0.00023541596302477
116 0.000222567988976266
117 0.000210766743036157
118 0.000199951052772702
119 0.00019006139630336
120 0.000181036482634508
121 0.000172818550166418
122 0.000165354788335199
123 0.00015859620873846
124 0.000152494881312459
125 0.000147007112960494
126 0.00014209415839941
127 0.000137721169732671
128 0.000133854858147471
129 0.000130465750985006
130 0.000127528669853329
131 0.000125021955900969
132 0.000122925798476824
133 0.000121223676132816
134 0.000119902225857684
135 0.000118949751893222
136 0.000118357504391433
137 0.000118120012549886
138 0.0001182344622528
139 0.000118699028545386
140 0.000119514427694176
141 0.000120684415961566
142 0.000122215247335448
143 0.00012411401377979
144 0.00012639020856361
145 0.00012905628743472
146 0.000132127103155722
147 0.000135617985798298
148 0.000139546469681009
149 0.000143932928145467
150 0.000148799795664518
151 0.000154168903093731
152 0.000160063562692793
153 0.000166509263502093
154 0.000173532684403428
155 0.000181158593952258
156 0.000189411760945958
157 0.000198316213089904
158 0.000207890747490526
159 0.000218151149713581
160 0.000229110505122437
161 0.000240776173406283
162 0.00025314148374463
163 0.000266189460227804
164 0.0002798933164323
165 0.000294212166201847
166 0.000309080008785443
167 0.000324410594607281
168 0.000340098417499062
169 0.000356011834431654
170 0.000371973293164956
171 0.000387772472508458
172 0.000403172113653436
173 0.000417909179111869
174 0.00043169569288739
175 0.000444225600660125
176 0.000455182125480044
177 0.000464299666890551
178 0.000471540918803957
179 0.000476951952673927
180 0.00048060743911954
181 0.000482622057166478
182 0.000483192541363912
183 0.000482546361417074
184 0.000480907305310397
185 0.000478451973154414
186 0.000475345583761932
187 0.000471752495734464
188 0.000467826865886851
189 0.000463689483920173
190 0.000459450243593554
191 0.00045521534544629
192 0.000451079298839964
193 0.000447101942864699
194 0.000443333293001362
195 0.000439821786314201
196 0.000436607610761163
197 0.000433702574617079
198 0.000431111783128821
199 0.000428840743280602
200 0.000426888017655551
201 0.000425223293722629
202 0.000423809932802446
203 0.000422612228754229
204 0.000421591389720304
205 0.000420693957794665
206 0.000419863253253047
207 0.000419032060484646
208 0.000418089661340507
209 0.000416915414644396
210 0.000415390330990547
211 0.000413413923955282
212 0.000410952636664882
213 0.000407991287035626
214 0.000404517152416909
215 0.000400535930681023
216 0.0003961177555922
217 0.000391347254804437
218 0.000386306746962552
219 0.000381065709610938
220 0.000375651679051111
221 0.000370081764255223
222 0.000364372779288186
223 0.000358537554636665
224 0.000352574468948236
225 0.000346479179804677
226 0.000340248399226437
227 0.000333875010856329
228 0.000327334139857276
229 0.000320599292342267
230 0.000313647613342645
231 0.000306458343920561
232 0.00029900817355055
233 0.000291277197843026
234 0.000283244776904431
235 0.00027487265047395
236 0.000266126458514036
237 0.000256982876026852
238 0.000247447532199908
239 0.000237602012536152
240 0.000227541645266572
241 0.000217355789083622
242 0.000207130404472222
243 0.000196956240473878
244 0.000186916162546378
245 0.000177081485434863
246 0.000167510133338888
247 0.000158241695646898
248 0.000149306061631826
249 0.000140726334419066
250 0.000132518937626238
251 0.000124693028620413
252 0.000117252884907092
253 0.000110198964976664
254 0.000103527941079614
255 9.72319820307671e-05
256 9.1301015000317e-05
257 8.57235964868681e-05
258 8.04869957212866e-05
259 7.5576923533699e-05
260 7.09785792328048e-05
261 6.6676912655527e-05
262 6.2656397734104e-05
263 5.89017014069383e-05
264 5.53979190238313e-05
265 5.21305172152013e-05
266 4.90850915799714e-05
267 4.62478176659993e-05
268 4.3605575915764e-05
269 4.11458782153274e-05
270 3.88566878653583e-05
271 3.67266456878814e-05
272 3.47451112877135e-05
273 3.29020874525915e-05
274 3.11880770961537e-05
275 2.95942053107896e-05
276 2.8112226101232e-05
277 2.6734454936922e-05
278 2.54536571066733e-05
279 2.42631148892462e-05
280 2.31566206923055e-05
281 2.2128424534647e-05
282 2.11731564019297e-05
283 2.0285854141741e-05
284 1.94619381613359e-05
285 1.86971499723128e-05
286 1.79875674513433e-05
287 1.73295915612799e-05
288 1.67199109206652e-05
289 1.61554489367381e-05
290 1.56333822444935e-05
291 1.5151133030777e-05
292 1.4706342908361e-05
293 1.42968340036871e-05
294 1.39206215625559e-05
295 1.35759084798112e-05
296 1.3261065892562e-05
297 1.29746028355743e-05
298 1.27151781774787e-05
299 1.24815981512211e-05
300 1.22728023529235e-05
301 1.20878402461819e-05
302 1.19258828847289e-05
303 1.17862230270082e-05
304 1.16682651265444e-05
305 1.15715060872915e-05
306 1.14955486481592e-05
307 1.14401043363081e-05
308 1.14049878053577e-05
309 1.13901038426757e-05
310 1.13954600323585e-05
311 1.14211676804744e-05
312 1.14674311967214e-05
313 1.15345627457175e-05
314 1.16229897108831e-05
315 1.17332539012413e-05
316 1.18660009279912e-05
317 1.20220016463325e-05
318 1.2202164791877e-05
319 1.24075402212092e-05
320 1.26393115870433e-05
321 1.28988233456047e-05
322 1.31875991823644e-05
323 1.35073503409159e-05
324 1.3859971561294e-05
325 1.42475772481796e-05
326 1.46725285962782e-05
327 1.51374485905175e-05
328 1.56452205344858e-05
329 1.61990393558045e-05
330 1.68024521112726e-05
331 1.74593854300211e-05
332 1.8174156495783e-05
333 1.89515404928965e-05
334 1.9796816976992e-05
335 2.07157853466851e-05
336 2.17148554319931e-05
