1 0.000879292539302193
2 0.0008717223520776
3 0.000863059302066994
4 0.000853473121551337
5 0.000843166504378956
6 0.000832344803092415
7 0.000821193669230191
8 0.000809844319837672
9 0.000798410369725363
10 0.000786999640192651
11 0.000775706756085374
12 0.000764592005687532
13 0.000753705033937453
14 0.000743092554362744
15 0.000732791475121083
16 0.000722808731021031
17 0.000713143878647917
18 0.000703796364766483
19 0.000694759065030823
20 0.000685999503634847
21 0.000677480403271271
22 0.00066916621918402
23 0.000661018213020679
24 0.000652980367215365
25 0.000644994585521879
26 0.000637005564277927
27 0.000628951265028965
28 0.000620735410124244
29 0.000612257877398563
30 0.000603444130394534
31 0.000594301354935675
32 0.000584856601782177
33 0.000575136793198408
34 0.000565184125818035
35 0.000555100264931326
36 0.000544995771170489
37 0.000534973901201975
38 0.000525124057492119
39 0.000515503185358196
40 0.000506157545255822
41 0.0004971298124671
42 0.000488456994322814
43 0.000480163959554845
44 0.000472271405991308
45 0.000464798559930086
46 0.000457760518904685
47 0.000451160121598473
48 0.000444997436757776
49 0.000439272852699009
50 0.000433984724787682
51 0.000429122355572627
52 0.000424673734723374
53 0.000420627996013525
54 0.000416973285295244
55 0.000413690586823796
56 0.000410760136499545
57 0.00040816207413455
58 0.000405872359179717
59 0.000403866756822829
60 0.000402122038109634
61 0.000400612136273092
62 0.000399297011570557
63 0.000398133763660346
64 0.000397080180335701
65 0.000396103490077855
66 0.000395206770727413
67 0.000394401965121159
68 0.000393700972943414
69 0.000393117001532688
70 0.000392668549366528
71 0.000392375474038029
72 0.000392257741771166
73 0.000392332631809002
74 0.000392606173966408
75 0.000393081824361432
76 0.000393763362787947
77 0.000394653472902848
78 0.000395749416538592
79 0.000397047289662719
80 0.000398541622124248
81 0.000400219870513529
82 0.000402067689243025
83 0.000404070657038668
84 0.000406212043878016
85 0.00040846614637759
86 0.000410804563252504
87 0.000413198272822627
88 0.000415628360618567
89 0.000418118832460134
90 0.000420705184002017
91 0.000423423813117896
92 0.0004263097766609
93 0.000429389765202682
94 0.000432689012515744
95 0.00043623371545103
96 0.000440048726518093
97 0.000444150212988805
98 0.000448552756939881
99 0.000453271818785084
100 0.000458321049384848
101 0.000463703821458487
102 0.000469421096418211
103 0.000475474094148884
104 0.000481861773599204
105 0.000488573066800159
106 0.000495593767851211
107 0.00050290611690108
108 0.000510480235978988
109 0.000518281505611843
110 0.000526272999810539
111 0.000534411474420116
112 0.000542635218299244
113 0.000550874645833546
114 0.000559055963828709
115 0.00056709767423148
116 0.000574899733461961
117 0.000582353763128586
118 0.000589347007731958
119 0.000595756569169997
120 0.000601430357096689
121 0.000606207142980188
122 0.000609924954970897
123 0.000612434346926814
124 0.000613633872519907
125 0.000613440303765309
126 0.000611779650273609
127 0.000608612894222705
128 0.000604008192797014
129 0.000598066318517219
130 0.000590894529859445
131 0.000582616552860447
132 0.000573404876597193
133 0.000563440409349665
134 0.000552892134164548
135 0.000541898730463851
136 0.000530586359186543
137 0.000519073883655194
138 0.000507469242282015
139 0.000495860470748525
140 0.000484325804867746
141 0.000472936930807959
142 0.000461756249820441
143 0.000450829020913562
144 0.00044019323369715
145 0.000429882893935683
146 0.000419926032852956
147 0.000410338591928558
148 0.000401132264642305
149 0.00039231709412871
150 0.000383899681355208
151 0.000375877729916765
152 0.000368246767396531
153 0.000361002305581178
154 0.00035413852518879
155 0.000347644390418156
156 0.000341508185970051
157 0.000335717640545468
158 0.000330256188901097
159 0.000325107102013238
160 0.000320254741177922
161 0.000315683313210098
162 0.00031137343041006
163 0.000307305732644967
164 0.000303461971656374
165 0.000299823116107762
166 0.000296364049014393
167 0.000293059119741046
168 0.000289883852203171
169 0.000286816167738385
170 0.000283840176180885
171 0.000280941933148656
172 0.000278108043792703
173 0.000275332230846715
174 0.000272634585706222
175 0.000270040881223257
176 0.000267575927850567
177 0.0002652617123487
178 0.000263111737134879
179 0.000261137285886435
180 0.000259349519419031
181 0.000257759135867262
182 0.000256375192978025
183 0.000255206526427613
184 0.000254261473016076
185 0.000253545580437346
186 0.000253064115219338
187 0.000252822926294678
188 0.000252827676060445
189 0.000253081409214167
190 0.000253587079743134
191 0.000254348407322486
192 0.000255369073562984
193 0.000256650222347383
194 0.000258192916739556
195 0.000259998957436716
196 0.000262070010989169
197 0.000264404947363802
198 0.000267002307007722
199 0.000269861104611321
200 0.000272979800222162
201 0.000276353211998125
202 0.000279975221317145
203 0.000283839634692796
204 0.000287939208183556
205 0.000292262809017823
206 0.000296797756990452
207 0.000301529561367374
208 0.000306438703824277
209 0.00031150324336343
210 0.000316699633914536
211 0.00032200125746743
212 0.000327374109652082
213 0.000332780428509277
214 0.000338179934146854
215 0.000343528324979839
216 0.00034877266309827
217 0.000353855638834475
218 0.000358717224764545
219 0.000363304639435422
220 0.000367602633761917
221 0.00037160636291865
222 0.000375311977963223
223 0.000378714788872047
224 0.000381803643649773
225 0.000384566231335875
226 0.000386990948069573
227 0.000389077114196232
228 0.00039086585046255
229 0.000392410124412241
230 0.000393764339858593
231 0.000394982311509546
232 0.000396111842528935
233 0.000397199656488152
234 0.000398291315796393
235 0.000399426030911788
236 0.00040064174675671
237 0.000401976902053892
238 0.000403468369307348
239 0.000405145049988655
240 0.000407034353410831
241 0.000409164465630912
242 0.000411562358154799
243 0.000414247426134481
244 0.000417237859778404
245 0.000420552870470257
246 0.000424210510372759
247 0.000428220728430949
248 0.000432592054548071
249 0.000437333891447648
250 0.000442454085116487
251 0.000447951329043836
252 0.000453822104169772
253 0.000460062998925157
254 0.000466667790202056
255 0.000473618522539657
256 0.000480893270176152
257 0.00048846868431122
258 0.00049631702683043
259 0.000504397315578041
260 0.000512662797716768
261 0.000521060996487929
262 0.000529525956110986
263 0.000537984849499939
264 0.000546360287501286
265 0.000554564543306884
266 0.00056248153718722
267 0.000569983617246801
268 0.00057693798749267
269 0.000583218270865816
270 0.000588738190755248
271 0.000593422633184875
272 0.000597198240719558
273 0.00059999978311309
274 0.000601787589226022
275 0.00060253219428687
276 0.000602209382501462
277 0.00060082985196101
278 0.000598526450773224
279 0.000595463783228858
280 0.000591806611535415
281 0.000587712015035618
282 0.000583310283418341
283 0.000578722752324653
284 0.000574064538470329
285 0.000569435838073171
286 0.000564930840730442
287 0.000560640779239088
288 0.000556649919149629
289 0.000553023338415203
290 0.000549820644145041
291 0.000547100774461907
292 0.000544918766991471
293 0.000543315186150578
294 0.000542328057216837
295 0.000541997094659178
296 0.000542360383559798
297 0.000543443435674911
298 0.000545270932794065
299 0.000547870834292531
300 0.000551270889823471
301 0.000555487307980657
302 0.000560536074199532
303 0.00056643683059931
304 0.000573208651669151
305 0.000580856685772082
306 0.000589384381173795
307 0.000598797526549914
308 0.000609100250746833
309 0.000620282873905805
310 0.000632331986994063
311 0.000645228696043448
312 0.000658932534105077
313 0.000673394045010878
314 0.000688558632564591
315 0.000704360827136021
316 0.000720707894559902
317 0.000737492100793063
318 0.00075459456461825
319 0.000771871117345456
320 0.000789108979770428
321 0.000806062905962234
322 0.000822468601994829
323 0.000838073934006246
324 0.000852734916856296
325 0.000866335358170238
326 0.000878759204018055
327 0.000889933379605329
328 0.000899957753932075
329 0.00090898632960838
330 0.00091718461892134
331 0.000924712225984485
332 0.000931673554719835
333 0.000938162005645244
334 0.000944267215510272
335 0.000950051560473957
336 0.000955571860358611
