1 0.0064081841542133
2 0.00509104541472436
3 0.00408058176235901
4 0.00332850246236808
5 0.00277939850300099
6 0.00238827692890485
7 0.00212230145370244
8 0.00195835305510265
9 0.00188369278528543
10 0.00189597857037466
11 0.00200292524081577
12 0.00222003726945402
13 0.00257874429227765
14 0.00313535110393446
15 0.00397599780531461
16 0.00519146068409625
17 0.00687392533951272
18 0.00909055970152587
19 0.0118325100404367
20 0.0149672131140461
21 0.0181777653344302
22 0.0209470931498711
23 0.0227535959065706
24 0.0236297701736592
25 0.0239145039702002
26 0.0240393544843668
27 0.0243151119133692
28 0.0244714936003706
29 0.0240875760483106
30 0.0229175776111851
31 0.0212934274142372
32 0.0196291451955265
33 0.0182413966827303
34 0.0173042168472087
35 0.016731564523988
36 0.0164070003923768
37 0.0162344644340768
38 0.0161087795034503
39 0.0158556554686969
40 0.0152958439280988
41 0.0142884132131373
42 0.0128208683210852
43 0.011142424900495
44 0.0094969608103908
45 0.00803870314302554
46 0.0068258936246216
47 0.00581359497752391
48 0.00495293410731081
49 0.00420946822506983
50 0.00356486425368381
51 0.00302406637913573
52 0.002587334578487
53 0.00224807178467803
54 0.00199730715184314
55 0.00182693334109029
56 0.0017322265975539
57 0.0017124135799825
58 0.00176801505691235
59 0.00190784411566118
60 0.00215317984516318
61 0.00254163090205152
62 0.00312987847006391
63 0.00400792190028197
64 0.00531934489525895
65 0.00726517880214537
66 0.00998712705325844
67 0.0134655740294389
68 0.0173590005688807
69 0.0209823512081224
70 0.0238441634647678
71 0.0256810045644632
72 0.0264217330751184
73 0.0261513979707657
74 0.0250107200212537
75 0.02319853067528
76 0.0209454121375127
77 0.0184954291471663
78 0.0161175329858228
79 0.0140025034545983
80 0.0122587339003812
81 0.0109529542847754
82 0.0101204066303286
83 0.0097989513103781
84 0.0100171057727685
85 0.0106495832080204
86 0.011532999842261
87 0.0124618229306433
88 0.0131963839970546
89 0.0135968570625228
90 0.0135695976492588
91 0.0130574573228659
92 0.0120803630007915
93 0.0107911700697132
94 0.00936343530758819
95 0.00793971492881569
96 0.00661860478369128
97 0.00545388400280124
98 0.00446650765519203
99 0.00365516962537649
100 0.00300678645622863
101 0.00250615125914546
102 0.00213449864502647
103 0.00187345151338688
104 0.00170719858949685
105 0.00162074169822669
106 0.00160688807339178
107 0.00166710777751408
108 0.00181036069908884
109 0.00205738711645423
110 0.00244644142836627
111 0.00303808669475352
112 0.00390629065285073
113 0.00514684100606614
114 0.00687751474511974
115 0.0092148418761951
116 0.0121896390803372
117 0.0156618987856674
118 0.0192338916029237
119 0.0223173344492601
120 0.0246004672262411
121 0.0260085570749412
122 0.0266217825104559
123 0.0265964438633032
124 0.0260212736948881
125 0.0249851002544694
126 0.0235940440109214
127 0.0219835662010344
128 0.0203671334856567
129 0.0189308215401087
130 0.0178119148902646
131 0.017089103583325
132 0.0167261613042385
133 0.016679820192561
134 0.0168890821006553
135 0.0171545456122581
136 0.0172311431696947
137 0.0168738373838777
138 0.0159308722682819
139 0.0145220943309791
140 0.0128406812937808
141 0.0110644108272663
142 0.00933051774533944
143 0.00772149641975144
144 0.00628545912248769
145 0.00504481407272492
146 0.00400797318449331
147 0.00318356971811502
148 0.00255753764726526
149 0.00210214124719849
150 0.001785670514203
151 0.00157403830395195
152 0.00144353017551366
153 0.00138086286621628
154 0.0013806635863706
155 0.0014430181730146
156 0.00157585898666659
157 0.00179664752083133
158 0.0021333011195832
159 0.00263056536186596
160 0.00335897131354428
161 0.00441711772968087
162 0.00588801482670336
163 0.00781108717985326
164 0.0101257144227374
165 0.0126365969635286
166 0.0151511306534946
167 0.0174740307999382
168 0.0194087836501271
169 0.0207957627057407
170 0.021568469651519
171 0.021737016521569
172 0.0213677785329591
173 0.0205751533178027
174 0.0195285323191678
175 0.0183943061057923
176 0.0173117606856575
177 0.0163911207773275
178 0.0157197018695283
179 0.0153747149815918
180 0.0154401935109335
181 0.0159519473810927
182 0.0166598315585242
183 0.0171992837679093
184 0.0172330615440638
185 0.0167164508684271
186 0.0157208188670986
187 0.0143535559647288
188 0.0127400030967963
189 0.011004849974967
190 0.00926113262558528
191 0.0076011569372613
192 0.00610107355774866
193 0.00483294949371952
194 0.00381931642113976
195 0.00304390592709927
196 0.00247124551711695
197 0.00205790399539104
198 0.00176845734438548
199 0.00157781292457595
200 0.00146916457841692
201 0.00143034256535515
202 0.00145745925564946
203 0.0015558494906789
204 0.00174103261579083
205 0.00204024184503559
206 0.00250023187185689
207 0.00319426663514733
208 0.00421386369777485
209 0.00567563800694525
210 0.00771738971193908
211 0.0104580166885492
212 0.0138552077327943
213 0.0175811240823115
214 0.0209411154771057
215 0.0231001236640238
216 0.0238805167825798
217 0.0235540345590754
218 0.0225620791971426
219 0.0213157936884481
220 0.0199924172051504
221 0.0186955971643889
222 0.0175066303803896
223 0.0164974115227616
224 0.0157630437034924
225 0.0153962532882325
226 0.0154980350153029
227 0.0161609449854204
228 0.0173419065841094
229 0.0189668116245108
230 0.0209409174827346
231 0.023111927012229
232 0.0252226122621126
233 0.026918397498962
234 0.0277864293426047
235 0.0274378907539165
236 0.0256298840089058
237 0.0223893111293877
238 0.0181787266187873
239 0.0139461851246697
240 0.0103395426183296
241 0.00758012444295807
242 0.00560881972718263
243 0.00422872404834438
244 0.00327033794673919
245 0.00261157684550188
246 0.00216672051848905
247 0.00187557916671166
248 0.00170032020471975
249 0.00162036069164481
250 0.0016276468828548
251 0.00172112643404888
252 0.00191146072394549
253 0.00222437169461643
254 0.00270403278843704
255 0.00341359372210714
256 0.00444548040890694
257 0.00593234518316903
258 0.00802312074440389
259 0.0106915969458125
260 0.0135943622706737
261 0.0160943024497032
262 0.0178279287903092
263 0.0187007511425124
264 0.0187966705101822
265 0.0183162498976444
266 0.0175036767035397
267 0.0165941405307752
268 0.0157879014901015
269 0.0152271832745608
270 0.0149500945106093
271 0.0149813543160654
272 0.0153633752357791
273 0.0161412196540161
274 0.0172895022416115
275 0.018761098052544
276 0.0204929210318666
277 0.0223781991730879
278 0.0242079489407963
279 0.0256933501272699
280 0.0265004030143263
281 0.0263536852291662
282 0.0252438897564694
283 0.0233064238568605
284 0.0207422150409376
285 0.0177652986685259
286 0.0146117942286293
287 0.0115166392672928
288 0.00871140161336584
289 0.00642562749099996
290 0.00471388576111404
291 0.00350834598699713
292 0.00269502789588766
293 0.00215069904255672
294 0.00178972860907757
295 0.00155886073224319
296 0.00142571289564711
297 0.00137077677309296
298 0.00138640819419385
299 0.00147597920996986
300 0.00165410100532476
301 0.00194710977213222
302 0.00240087028805483
303 0.00309233420708789
304 0.00413951536853972
305 0.00567926997810644
306 0.00785741734872906
307 0.0107867161448101
308 0.0144541469320147
309 0.0185754463681111
310 0.0224949884169222
311 0.0253854643797347
312 0.0270505409192585
313 0.0277403726267119
314 0.0278971890442503
315 0.0279084012600285
316 0.0276798390994237
317 0.027005265738558
318 0.0257143397556656
319 0.0238019620281984
320 0.0216708351027904
321 0.0197169821444579
322 0.0182153884583208
323 0.0173066167121694
324 0.0169047703076687
325 0.0169134742488468
326 0.0172691579978442
327 0.0178947982853038
328 0.0185820623200741
329 0.0190591419064295
330 0.0190324974676319
331 0.0182759786300562
332 0.0168018229698822
333 0.0147523885067488
334 0.0123741579605408
335 0.0100294793841654
336 0.00796868761912485
