1 0.0264702789423331
2 0.0212557936376486
3 0.0166624163562405
4 0.0128316676333871
5 0.00977085698084888
6 0.00740536111782882
7 0.00562278234338907
8 0.00430315511613196
9 0.00333917281808999
10 0.00264291742329312
11 0.00214598636517322
12 0.00179688036536067
13 0.0015593429167088
14 0.00140951713405284
15 0.00133275064959687
16 0.00131978987378302
17 0.00136941046138998
18 0.00148945407711011
19 0.0016976952102195
20 0.00202139169973358
21 0.00250436901698174
22 0.00321581518202689
23 0.0042598818159498
24 0.00577770691486453
25 0.00795752206747748
26 0.0110370881765934
27 0.0152832509261269
28 0.0209184445303218
29 0.0280143940563229
30 0.0364024126868254
31 0.0457996271060813
32 0.0557704476431974
33 0.0657154707359329
34 0.0749185196295064
35 0.0826012124737056
36 0.0880290057917978
37 0.0906160532753776
38 0.0901145329171538
39 0.0869549175970328
40 0.0818469090656793
41 0.0755436803996294
42 0.068630650189541
43 0.0612229522222291
44 0.0534102340927667
45 0.0453778910994238
46 0.0374340058954481
47 0.0300411486969312
48 0.0235307016689842
49 0.0180527876065778
50 0.0136247572416312
51 0.0101886058014041
52 0.00760962149302039
53 0.00572197983510976
54 0.00436185550040616
55 0.00337973372471022
56 0.00266589435961233
57 0.00214386288812245
58 0.00176020584104564
59 0.00147757699127114
60 0.00126987185404227
61 0.00111938563630429
62 0.00101565033579422
63 0.000952300193104014
64 0.000926376924698581
65 0.000938184478420792
66 0.000990640613950705
67 0.00109167851132536
68 0.00125673656289304
69 0.00151207209643416
70 0.00189867668908037
71 0.00248331927758717
72 0.00337637567691997
73 0.00475013195939892
74 0.00681326918600375
75 0.00979137380234697
76 0.0138559033092795
77 0.0190227706194428
78 0.0252002681503879
79 0.0321193140049464
80 0.0393560576470173
81 0.04667612243941
82 0.0540415095822602
83 0.0615940345725378
84 0.0694773777507088
85 0.0771004829418521
86 0.0834618055079611
87 0.0874036407318321
88 0.0878936390459388
89 0.0845253173837878
90 0.0774438097802433
91 0.0673081906057124
92 0.0554078300195006
93 0.0437155035336366
94 0.033592270478817
95 0.0255713196409508
96 0.0195589551594602
97 0.0150465560186896
98 0.0116123528956624
99 0.00896654529171379
100 0.00691198013285073
101 0.00532016874632209
102 0.00409182568061902
103 0.00314696556522077
104 0.00242576725404138
105 0.00189039750887542
106 0.00150474037936113
107 0.00123465089616244
108 0.00104911139258707
109 0.000926453270534742
110 0.000853249399305068
111 0.000822100199699688
112 0.000829856214198556
113 0.00087854369068061
114 0.000976464922943901
115 0.00114004800484584
116 0.00139628212543141
117 0.00179061688848562
118 0.00239990373338133
119 0.00335016891830141
120 0.00482562465732369
121 0.00709428399546883
122 0.0105278281677068
123 0.0155847235701522
124 0.0226786423761879
125 0.0319536515753107
126 0.0429631287703404
127 0.0545754594621615
128 0.0658296620190634
129 0.0760504271515842
130 0.0848492073472036
131 0.0919492522740361
132 0.0964488726770353
133 0.0973552573280305
134 0.0942132555111757
135 0.0879042152751799
136 0.0797072258298662
137 0.0708073931473761
138 0.0620788505602113
139 0.0539044691135344
140 0.0464803648152323
141 0.0399089030979708
142 0.034175038025612
143 0.0290872770582891
144 0.0244899551691135
145 0.0202986156814509
146 0.0165022894738884
147 0.0131745569483376
148 0.0103540117691764
149 0.00803063724907539
150 0.00616885109886901
151 0.00472932323146445
152 0.00365019974236096
153 0.00286116596180998
154 0.00229421622435956
155 0.00188465068277764
156 0.00158612109610076
157 0.00136855846141748
158 0.00121501782867698
159 0.00111475196220822
160 0.00106152978297074
161 0.00105325938171996
162 0.00109123834383471
163 0.00118256507075955
164 0.00134272782944875
165 0.00159961539513418
166 0.00199991433147591
167 0.00262385925912938
168 0.00361194969606289
169 0.00519627001947625
170 0.00766576713077457
171 0.0113360860866408
172 0.0164279040626344
173 0.0228998001232932
174 0.0306008935557058
175 0.0392213330366499
176 0.0482528554044415
177 0.0570784657302586
178 0.0652309314912917
179 0.0724150151785465
180 0.0785025610192088
181 0.083387830685458
182 0.0865005570611354
183 0.0871799625187211
184 0.0849931628011093
185 0.0800589701774796
186 0.0728184012130204
187 0.0639046500353599
188 0.0541743183500683
189 0.0447929798075832
190 0.0365679330676756
191 0.0298536119442131
192 0.0245967711261003
193 0.020321787433981
194 0.0166600795900146
195 0.0134083806938989
196 0.0105139063280904
197 0.00807523433359957
198 0.00612789282405942
199 0.00463474062572262
200 0.00352285179261808
201 0.00270813770703882
202 0.00211782511976342
203 0.00169465409288807
204 0.00139546069704509
205 0.00118870674241022
206 0.00105286956043793
207 0.000973996775909667
208 0.000942861720178385
209 0.000956289411718256
210 0.00101747114624227
211 0.00113653965106578
212 0.0013314194833309
213 0.00163322561673006
214 0.00209460506920981
215 0.00280021685526131
216 0.00386905572215699
217 0.0054702758741481
218 0.00783508250306661
219 0.0112483276255405
220 0.0159804661096314
221 0.0221724713982819
222 0.0296592726457409
223 0.0378907763630552
224 0.0463614334008782
225 0.0546459653552804
226 0.0624066639843232
227 0.0693653644583642
228 0.0750482847444303
229 0.0789559669708729
230 0.0806844760382855
231 0.0800844553364445
232 0.0775857826838081
233 0.0738111982088576
234 0.0692999531783555
235 0.064255772032175
236 0.0588144808358365
237 0.0531215240736357
238 0.0472792251132017
239 0.0412456121769458
240 0.0350440178115235
241 0.0288104343589946
242 0.0228151267665674
243 0.0174706207796703
244 0.0130162393203299
245 0.0094955593756977
246 0.00682984761374766
247 0.00488531789716426
248 0.00350662237589013
249 0.00254869082319758
250 0.00189167220746494
251 0.00144271856316025
252 0.00113705354812003
253 0.00093130289923828
254 0.000796643975579035
255 0.000713339644232248
256 0.000669716349018191
257 0.000660311538576981
258 0.000684597308904993
259 0.000746409033052882
260 0.000855587596579829
261 0.00103060415199612
262 0.00130279518162963
263 0.00172556703237696
264 0.00239087408158752
265 0.00345276047891222
266 0.00513719048727877
267 0.00776784023267782
268 0.011773552599263
269 0.0176368915851377
270 0.0257221572989255
271 0.0359821350517821
272 0.0476022323740227
273 0.0589850949195551
274 0.0687790516620435
275 0.0760653906141291
276 0.0803795497945327
277 0.0817074211215023
278 0.080362928835612
279 0.0768899859617242
280 0.071943066190411
281 0.0660391752239726
282 0.0591686026507931
283 0.051363863468245
284 0.0429541760665417
285 0.0346599646220916
286 0.0270846298990673
287 0.0205781808394917
288 0.0152679487863976
289 0.0111209853050695
290 0.0079968883418771
291 0.00570897513910043
292 0.00407035458565596
293 0.00291910532015753
294 0.00212148231865216
295 0.00157404202044672
296 0.00120029061709724
297 0.00094440323456871
298 0.00076918685771384
299 0.000650588249793095
300 0.000573074906227926
301 0.000526414227299931
302 0.000504743981761897
303 0.000505657830962562
304 0.000529617473443636
305 0.000579591963426072
306 0.000662116263825042
307 0.000788847671750911
308 0.000979101454647998
309 0.00126388888668908
310 0.00169369849427078
311 0.00234856762138448
312 0.00334055589460286
313 0.0048248105950363
314 0.0070042755339253
315 0.0101099546812253
316 0.0143159865225092
317 0.0196137343336338
318 0.0256506708112592
319 0.0317504491032941
320 0.037567836150156
321 0.043100378236971
322 0.0486186982683687
323 0.0544394958685199
324 0.0600756235797653
325 0.0646159107802673
326 0.0670033007752936
327 0.0665302311630287
328 0.063873985159703
329 0.0601159783435206
330 0.0562399612319569
331 0.0528279984848178
332 0.0495306072288679
333 0.0458884045340759
334 0.0416341923366736
335 0.0368378930940123
336 0.0316899562038005
