1 0.00164762830101317
2 0.00165911239847536
3 0.00166829724078602
4 0.00167541714062069
5 0.00168072913151301
6 0.00168450275719313
7 0.00168700312869994
8 0.00168845315622911
9 0.00168906700898302
10 0.00168906065268673
11 0.00168863298630245
12 0.00168791144558918
13 0.00168700554133844
14 0.00168602464152128
15 0.00168506123010393
16 0.00168414098986499
17 0.00168327291017505
18 0.00168246596607328
19 0.00168171268429933
20 0.00168093989164485
21 0.00168005813040607
22 0.00167897814472949
23 0.00167759279468018
24 0.00167572283875737
25 0.00167317205214504
26 0.00166974610476648
27 0.00166524516044867
28 0.00165944030433503
29 0.00165210041102416
30 0.00164301876953959
31 0.00163206326367383
32 0.00161912814001957
33 0.00160411907109784
34 0.0015869721203042
35 0.00156770596519658
36 0.00154636720225223
37 0.00152301239179831
38 0.00149773624884338
39 0.00147075241966433
40 0.00144229995751125
41 0.00141261190759963
42 0.00138192672872169
43 0.00135052407931882
44 0.00131867950257979
45 0.00128664946597248
46 0.00125466229734176
47 0.00122289443060006
48 0.00119149876262253
49 0.00116061380684726
50 0.00113037153035631
51 0.00110091852006319
52 0.00107239212299678
53 0.00104491391512524
54 0.00101858332780615
55 0.000993457422535991
56 0.000969578089141199
57 0.000946977359137287
58 0.000925667559175639
59 0.000905654915072337
60 0.000886944249185653
61 0.0008695347463565
62 0.000853406670854389
63 0.000838537694041241
64 0.00082490816076317
65 0.000812497370970312
66 0.000801272485778936
67 0.000791201049869114
68 0.000782254903816324
69 0.000774406508648441
70 0.000767618383619601
71 0.000761854108898867
72 0.000757081677464861
73 0.000753269731583464
74 0.000750376953699909
75 0.000748362405436469
76 0.000747188632044639
77 0.000746818472259448
78 0.000747206288186712
79 0.000748305943458359
80 0.000750070313945018
81 0.000752442285155673
82 0.000755362687546948
83 0.000758772645738708
84 0.000762609608173937
85 0.000766796180225452
86 0.000771250119486004
87 0.000775887505282737
88 0.000780630159837176
89 0.000785428882356494
90 0.000790241018882302
91 0.000795022863216941
92 0.000799748918800942
93 0.000804470595180641
94 0.000809260027220166
95 0.000814191075404293
96 0.00081933548616097
97 0.00082475104389579
98 0.000830493200299478
99 0.000836619151356228
100 0.000843183741689392
101 0.000850226470189335
102 0.000857784199520535
103 0.000865895596288973
104 0.000874597532622239
105 0.000883913591295249
106 0.000893865048925618
107 0.000904470593686078
108 0.000915733745435069
109 0.000927654414106164
110 0.000940232806398145
111 0.000953463849650329
112 0.000967319999395908
113 0.000981766402002413
114 0.000996765935343234
115 0.0010122730228617
116 0.0010282149210832
117 0.00104450779501955
118 0.00106106208797067
119 0.00107777530248971
120 0.00109451011946902
121 0.00111111362122647
122 0.00112742410277188
123 0.00114328074215594
124 0.00115855323443678
125 0.00117311609791169
126 0.00118684021171054
127 0.0011996003025326
128 0.00121129653071265
129 0.00122183607303398
130 0.00123112725290312
131 0.00123908358557434
132 0.00124563459064138
133 0.00125071686899144
134 0.00125429709838866
135 0.0012564498974019
136 0.00125728125752982
137 0.00125690187976023
138 0.0012554266621721
139 0.00125297548830697
140 0.00124967041021386
141 0.00124563416466142
142 0.00124099475748561
143 0.0012359006698482
144 0.00123050396629566
145 0.00122495445900974
146 0.00121939574098981
147 0.00121395414403484
148 0.00120875010443119
149 0.00120390206598906
150 0.00119951650922622
151 0.00119565782665533
152 0.00119237994870529
153 0.00118973694909928
154 0.00118777737763473
155 0.0011865267596231
156 0.00118600578697555
157 0.00118622681829854
158 0.00118716512600032
159 0.00118878760304966
160 0.00119106217520246
161 0.00119396425357173
162 0.00119749663539094
163 0.00120166977928833
164 0.00120649523412131
165 0.00121198141924367
166 0.00121812070796917
167 0.00122490190421341
168 0.00123231438427205
169 0.00124033899544
170 0.00124892041972231
171 0.00125799316823883
172 0.00126749018972593
173 0.00127732848485033
174 0.00128736561957296
175 0.0012974403118384
176 0.00130738619312869
177 0.00131704495828511
178 0.00132630664618858
179 0.00133507200528559
180 0.00134323991789779
181 0.00135071583917403
182 0.0013574367207424
183 0.00136334783555464
184 0.00136841077213447
185 0.0013726511103873
186 0.0013761121408505
187 0.0013788390510738
188 0.00138090892004824
189 0.00138252150546861
190 0.00138390845044425
191 0.0013853025571628
192 0.00138691855452868
193 0.00138889593643052
194 0.00139135610005258
195 0.00139442171956247
196 0.00139820789045482
197 0.00140279447950479
198 0.00140825421679285
199 0.00141466238929485
200 0.00142208419964778
201 0.00143053535870052
202 0.00144002054979178
203 0.0014505463633667
204 0.00146211179550014
205 0.00147467914993176
206 0.00148820112810718
207 0.00150261536335533
208 0.00151779967457263
209 0.00153361267689421
210 0.00154990721402428
211 0.00156653497229265
212 0.00158336204035838
213 0.00160025389833807
214 0.00161707023716058
215 0.00163365569113578
216 0.00164981141486679
217 0.00166532198395297
218 0.00167996516126828
219 0.00169349482275023
220 0.00170558706411973
221 0.00171589455862364
222 0.0017240674235584
223 0.00172979831664999
224 0.00173295135296635
225 0.00173344240156686
226 0.00173119928095153
227 0.00172618962294849
228 0.00171850121838062
229 0.00170825984781318
230 0.00169560076838104
231 0.00168063999854971
232 0.00166339367564441
233 0.00164386252267729
234 0.0016221084206641
235 0.00159839479397396
236 0.00157302958808232
237 0.00154631245029198
238 0.0015185365316288
239 0.00148999875139042
240 0.0014609841700587
241 0.00143176039999098
242 0.00140255899281129
243 0.00137352427996887
244 0.00134477260272591
245 0.00131641120665963
246 0.00128854566371219
247 0.00126130049513407
248 0.00123479605543006
249 0.00120914177367772
250 0.00118443293748117
251 0.00116074012857843
252 0.00113812334129746
253 0.00111663698466171
254 0.00109632211600384
255 0.00107718272813836
256 0.00105921416039233
257 0.00104241227688814
258 0.00102676896473177
259 0.00101225862702693
260 0.00099885355918465
261 0.000986522725250328
262 0.000975213981491142
263 0.000964873157312207
264 0.000955449937903679
265 0.000946895662611937
266 0.000939157556684792
267 0.000932184191482308
268 0.000925927028932428
269 0.000920346832672213
270 0.000915433277886223
271 0.00091118411524011
272 0.000907598377181346
273 0.000904669710247727
274 0.000902366458017036
275 0.000900651890535669
276 0.000899490715770971
277 0.000898845245189096
278 0.000898664338515472
279 0.000898894048547464
280 0.000899480987894054
281 0.000900363241684723
282 0.000901443507686081
283 0.000902615316775694
284 0.000903784058890242
285 0.000904904114337767
286 0.000905942025485781
287 0.000906864199922111
288 0.000907662353574148
289 0.000908429931338978
290 0.000909286165852474
291 0.000910350757151449
292 0.000911734382557691
293 0.000913509840868163
294 0.000915741206756147
295 0.000918493781779025
296 0.000921830687217622
297 0.000925801885001724
298 0.000930455555131067
299 0.000935842130147913
300 0.000942009140647885
301 0.000948984772022566
302 0.000956794067373383
303 0.000965464496942134
304 0.000975020299509442
305 0.000985464719131813
306 0.00099679659691669
307 0.00100901593456201
308 0.0010221192551447
309 0.00103608546532156
310 0.00105088827158422
311 0.00106649238433162
312 0.00108282871100857
313 0.0010998156887102
314 0.00111736627400359
315 0.00113539414830411
316 0.00115383439302593
317 0.00117262438987642
318 0.00119169704128519
319 0.00121097669938393
320 0.00123036688660305
321 0.00124976094707353
322 0.00126904575877267
323 0.00128810951853693
324 0.00130686599023655
325 0.00132523309619197
326 0.00134312562302415
327 0.00136044446371038
328 0.00137704281025155
329 0.00139275784348387
330 0.00140742233115768
331 0.00142087743514049
332 0.00143301001024271
333 0.0014437198314945
334 0.00145295050078679
335 0.0014608169474188
336 0.00146748336302
