1 0.00368894496966574
2 0.00319030465320977
3 0.00277008646862367
4 0.00241759334605243
5 0.00212454156511028
6 0.00188351410121935
7 0.00168774152598166
8 0.001531149477036
9 0.00140872746878886
10 0.00131660881397568
11 0.00125208951254362
12 0.00121371316570563
13 0.00120131747787049
14 0.00121623894498409
15 0.00126136126784707
16 0.00134056840671658
17 0.00146021956907631
18 0.00163033270424902
19 0.00186545793011805
20 0.00218457148414458
21 0.00261403189492487
22 0.00319085366252241
23 0.00396458478862881
24 0.00499193758659904
25 0.00633817864827652
26 0.00807465620973026
27 0.010254006915395
28 0.0128132648336093
29 0.0155302052942668
30 0.0180480597644307
31 0.0200931459413381
32 0.0214681294293563
33 0.0220496259962163
34 0.0218127897417877
35 0.0208512296805481
36 0.01932828434701
37 0.0174347061266373
38 0.0153623031018889
39 0.0132908864304642
40 0.0113528978807165
41 0.00962803147160182
42 0.00814698874753722
43 0.0068941745548336
44 0.00584386785061706
45 0.00497002863239416
46 0.00424762756159987
47 0.0036532366007406
48 0.00316627211840722
49 0.00276918276794185
50 0.00244673918481123
51 0.00218465683100199
52 0.00197138192160128
53 0.00179796677827766
54 0.00165773456052061
55 0.00154647763339863
56 0.00146119674589225
57 0.00139961214933645
58 0.00135976928246598
59 0.00134048597784407
60 0.00134146540688533
61 0.0013634958833933
62 0.00140912313399056
63 0.00148246547550538
64 0.00158957011406833
65 0.00173864028018681
66 0.00193900858971015
67 0.00220318410833397
68 0.00254848404220429
69 0.00299722745499806
70 0.00357247714921786
71 0.00429957220086701
72 0.00520571328929686
73 0.00631290430198119
74 0.00761337678613515
75 0.00906037604565011
76 0.0105579405197986
77 0.0119722700052418
78 0.0132063437388288
79 0.0141863923558484
80 0.0148592549000866
81 0.0152069647535968
82 0.0152393976458419
83 0.0149872794075409
84 0.0144940737402297
85 0.0138040933752622
86 0.0129643169739476
87 0.0120223687739696
88 0.0110217290801062
89 0.00999611839951137
90 0.00897396810938832
91 0.00797922358674664
92 0.00703147490371646
93 0.0061469978679139
94 0.00533663275257001
95 0.00460594020775522
96 0.00395723335621918
97 0.00339253072088769
98 0.00290983220507637
99 0.00250368042372804
100 0.00216633546453167
101 0.00188812891330044
102 0.0016600950793669
103 0.00147456989745033
104 0.00132532618381192
105 0.00120790790882342
106 0.00111888522739277
107 0.00105552176535536
108 0.0010152619751202
109 0.000996597376830994
110 0.00099929315484968
111 0.00102428381332166
112 0.00107328122209387
113 0.00114949170907416
114 0.00125814191869797
115 0.00140676224036788
116 0.0016048398119119
117 0.00186516906977584
118 0.00220512826188177
119 0.0026469435795354
120 0.00321421090439083
121 0.0039324235447295
122 0.00482769120689153
123 0.00592229106455151
124 0.00722522174787297
125 0.00872393440586608
126 0.0103747025049054
127 0.0120940530095865
128 0.0137560945951908
129 0.0151973422669986
130 0.0162338263901845
131 0.0167148599568358
132 0.0166311222672223
133 0.0160538984635945
134 0.0150895875268215
135 0.0138499718116846
136 0.0124463645508587
137 0.0109802001007312
138 0.00953611898936251
139 0.00818076959157594
140 0.0069568994206509
141 0.0058855072212091
142 0.0049692822288787
143 0.00419473749288747
144 0.00354501352821262
145 0.00300354019175921
146 0.00255478945447062
147 0.00218474473648086
148 0.00188100951415753
149 0.00163284903566098
150 0.00143147452052462
151 0.00127061758139712
152 0.00114511464882496
153 0.00105073878739322
154 0.000984085311025539
155 0.000941958048273752
156 0.000922425583221423
157 0.000924983587533492
158 0.000950365632902853
159 0.0010009542634367
160 0.00108122593347232
161 0.00119812004953557
162 0.00136093168964284
163 0.00158301574237565
164 0.00188367193551471
165 0.00229017375554934
166 0.00283930270958284
167 0.00358165068805206
168 0.00458693666209266
169 0.00594248805992135
170 0.00771774640695848
171 0.00994448275316683
172 0.0125825177744151
173 0.01549033977421
174 0.0184623947791516
175 0.0212203919866764
176 0.0234308227131138
177 0.0247877630042432
178 0.0251753498074263
179 0.0246227607520807
180 0.023259997719924
181 0.0212772208078451
182 0.0188715437781966
183 0.0162442726567054
184 0.0135951128382291
185 0.0111210529945309
186 0.00894720856664732
187 0.00712424305197113
188 0.00564654701785139
189 0.00446922999786031
190 0.00354185406248926
191 0.00281784840732346
192 0.00225644617316093
193 0.00182328331114824
194 0.00149037995099344
195 0.00123550018416694
196 0.00104106256355668
197 0.000892842093671309
198 0.000780204238662494
199 0.000695422142319537
200 0.000632864291847234
201 0.000588289585765875
202 0.000558768288368945
203 0.000542467117699462
204 0.000538419989348542
205 0.000546307414851963
206 0.00056656176136196
207 0.000600394348338506
208 0.000649720335046899
209 0.000717458782234252
210 0.000807844209621283
211 0.000926705467920463
212 0.00108153264752277
213 0.00128222749924081
214 0.00154191496093799
215 0.00187720818192851
216 0.00230616956547779
217 0.00284847347514793
218 0.00352444157401786
219 0.00435148900632951
220 0.00533526681361649
221 0.00646323870801163
222 0.00769726385522455
223 0.00897198270051115
224 0.0102132937512378
225 0.0113364815637618
226 0.0122500728001336
227 0.0128722100201385
228 0.0131613276446355
229 0.0131080958818494
230 0.0127298170309483
231 0.0120603804451041
232 0.0111290675014787
233 0.00998120024070066
234 0.00869418001850861
235 0.00739333994469954
236 0.00617898049638371
237 0.00510944247337778
238 0.00420594027494677
239 0.00345883581774939
240 0.00284997935124234
241 0.0023597535672849
242 0.00196899425872063
243 0.00165997225540161
244 0.00141752929665037
245 0.00122922999244925
246 0.00108487960207381
247 0.000975634931912509
248 0.00089483513436771
249 0.00083779974732784
250 0.000801325386919814
251 0.00078313129554405
252 0.000782062169726157
253 0.000798091210722279
254 0.000832205586509825
255 0.000886123791127288
256 0.000962723041132456
257 0.00106637121412282
258 0.00120301225952874
259 0.00137953803449071
260 0.00160451681330219
261 0.00188871514861126
262 0.00224567086865862
263 0.00269183463317842
264 0.00324666235145024
265 0.00393099120868196
266 0.00475928502151012
267 0.00573700121325291
268 0.00685593327946192
269 0.00809174127103135
270 0.00941505009718785
271 0.010785452520734
272 0.01214857324982
273 0.0134311047432154
274 0.0145204136011974
275 0.0152862189027602
276 0.0156043405950512
277 0.0153955080327732
278 0.0146889532192577
279 0.0135732225250074
280 0.0121648036052338
281 0.0105977064411573
282 0.00902114177155489
283 0.0075484146933306
284 0.00624469967315649
285 0.00513262953688796
286 0.00421071832981548
287 0.00346402913600126
288 0.00286960034875321
289 0.00239887233040754
290 0.00202697880329445
291 0.00173402738588829
292 0.00150380103231314
293 0.00132202560993595
294 0.00117773251336225
295 0.00106280054518961
296 0.000971414096983027
297 0.000900097741753151
298 0.000846450267827928
299 0.000808785358813968
300 0.000785986413416097
301 0.000777181956351586
302 0.000782111319269983
303 0.000801243626444996
304 0.000835712959424172
305 0.000887015600543808
306 0.000957428512798473
307 0.0010502710250985
308 0.0011699428968244
309 0.00132148919990485
310 0.00151110625743297
311 0.00174683532927911
312 0.00204039760791316
313 0.00240746111974842
314 0.00286852761872178
315 0.00344838743784395
316 0.00416826013404001
317 0.00504581746077756
318 0.00609263331402618
319 0.00730602515229256
320 0.00865054296654537
321 0.0100515536216531
322 0.0113922856676269
323 0.0125296117574387
324 0.0133511276190212
325 0.0137731390148592
326 0.0137451314368991
327 0.0132706319209367
328 0.012438920579748
329 0.0113687900737115
330 0.0101760623677618
331 0.00895988421514476
332 0.00779657962063752
333 0.00673659594278569
334 0.00580384590939428
335 0.0049945344716311
336 0.00429816098909566
