1 0.0973849966095203
2 0.105336968436242
3 0.10489081419188
4 0.0968220113369049
5 0.08776558426603
6 0.0840051726604981
7 0.0892706640303616
8 0.100799231265781
9 0.113184205011501
10 0.118638378359312
11 0.11119083548614
12 0.0962306956220103
13 0.08103969883744
14 0.070213720676406
15 0.0654631656316526
16 0.0651635326725496
17 0.067740947756873
18 0.0719113917007883
19 0.0761917002412346
20 0.0785817880442924
21 0.0769084705321781
22 0.0695824641802473
23 0.0573596170193306
24 0.0447837888212546
25 0.0349803487396123
26 0.0289402229528788
27 0.0261789810911621
28 0.0240635118883659
29 0.0203276046337392
30 0.014650476602874
31 0.00933516828887096
32 0.00561150427474642
33 0.00340002180450267
34 0.0022017196010972
35 0.00156426241306248
36 0.00124141806125659
37 0.00112026970029189
38 0.00116569675008555
39 0.00139697956650112
40 0.00191841710585302
41 0.00300315574494738
42 0.00527945078590443
43 0.00988349123235026
44 0.0184985374820364
45 0.0325054638180763
46 0.0509285531130923
47 0.0702332109887615
48 0.0851052795105497
49 0.0904671326518817
50 0.0851196513410099
51 0.0752860093645605
52 0.0674652437072002
53 0.0661722164376215
54 0.0746347564550601
55 0.0909653334770307
56 0.109764202210063
57 0.12269402642547
58 0.126693515975487
59 0.122122964813937
60 0.110827618768764
61 0.0958305922444169
62 0.0813746430598684
63 0.070399107873547
64 0.0644747157216821
65 0.0639970992764581
66 0.0663065890006112
67 0.0680154568521686
68 0.0655306979348828
69 0.0572702823661414
70 0.0472158813388321
71 0.0389819316064131
72 0.0342849419056609
73 0.0334719957330862
74 0.0346800259303564
75 0.0356736432982259
76 0.0340876419029206
77 0.028682212473128
78 0.0212599011917891
79 0.0140803117508973
80 0.00853249801517428
81 0.0050191841693412
82 0.00306954009973679
83 0.00209042477939849
84 0.00167821585131905
85 0.001605021534809
86 0.00182641667674078
87 0.00246942736787677
88 0.00391348735711359
89 0.00683465826169848
90 0.0122163308665354
91 0.0207601658531253
92 0.0316348518777026
93 0.0430945698779449
94 0.0530619290024844
95 0.0596976237296063
96 0.0623095743815033
97 0.0624867556539108
98 0.0626454384992523
99 0.0653182164582358
100 0.0726131743961158
101 0.0833463546658659
102 0.0944193123253448
103 0.101111378597802
104 0.0996825698754072
105 0.0937837122023765
106 0.0886813298827248
107 0.0876742480776223
108 0.0893730314367522
109 0.0913918803219695
110 0.0912244550272227
111 0.0870143228094556
112 0.0795511490957404
113 0.0703382319999515
114 0.0607069883797846
115 0.0518015037979952
116 0.0448499751002347
117 0.0405903673582742
118 0.0395670625122407
119 0.0421389523638902
120 0.0467671953307226
121 0.050836927116031
122 0.0509169182433115
123 0.0447890927862232
124 0.0347791634958773
125 0.0242846622777989
126 0.0155527653701477
127 0.00936743040496734
128 0.00552704136405308
129 0.00334159502107081
130 0.00216524203634777
131 0.00156448431483344
132 0.001285122204771
133 0.00121723111855228
134 0.00134180345162238
135 0.00170448708322893
136 0.002458480600606
137 0.00396639324127683
138 0.00699474190646785
139 0.0127732535195804
140 0.0227026800791482
141 0.0369571432761413
142 0.052730096030624
143 0.0667095656509936
144 0.0766742935910096
145 0.0819076587862094
146 0.0831751959631791
147 0.0824748879307756
148 0.0821180187540079
149 0.0844247236819639
150 0.0911802934690683
151 0.10097331923832
152 0.1108522161192
153 0.116802620354368
154 0.115538926679301
155 0.109010796429605
156 0.10060715647859
157 0.0928383979836577
158 0.0862351640622625
159 0.0808624980288541
160 0.0767663750235109
161 0.0738670522537157
162 0.0716189428111679
163 0.0694296668385278
164 0.0667744952874937
165 0.0633170968624507
166 0.0592180856718137
167 0.0547419520516987
168 0.0501237743702539
169 0.0453025462880595
170 0.0393713830638815
171 0.0318475747522745
172 0.0231868497514711
173 0.0149108026451057
174 0.00885096428110109
175 0.00515766127786108
176 0.00314043687632124
177 0.00210632247315598
178 0.0015782965823338
179 0.00132687671513458
180 0.0012567282104235
181 0.00134425817204137
182 0.00161734678911762
183 0.00217631685732382
184 0.00323971738911348
185 0.00517084108447691
186 0.00853097106371767
187 0.014023773620757
188 0.0222242415113152
189 0.0333425647681431
190 0.0467145767721743
191 0.0603761910242313
192 0.071631410475793
193 0.0795152801125616
194 0.0845805015753224
195 0.0882088695887252
196 0.091748138570072
197 0.0947701885051026
198 0.096298450911248
199 0.0953513060087362
200 0.0915800713639719
201 0.0866573777019163
202 0.0824962569083068
203 0.0807117922538847
204 0.0821129800476316
205 0.0845679355839465
206 0.0850298624962672
207 0.0813683159239361
208 0.0754096084472282
209 0.0696437261335422
210 0.0659944626277856
211 0.0655123348869542
212 0.0671416382542667
213 0.0693894666228304
214 0.0706427588290336
215 0.0694657117044482
216 0.0656258655451467
217 0.0594408544400877
218 0.0514963884358443
219 0.0424907528375998
220 0.0330142159032611
221 0.0238344775836423
222 0.0157762992877267
223 0.00956018379850681
224 0.00555352846177633
225 0.00327922970064544
226 0.002087380286031
227 0.00150534887977524
228 0.00124711598130305
229 0.00119261226994375
230 0.00132269320495371
231 0.0017035812408766
232 0.00251774672290514
233 0.00420402218161317
234 0.00772363697916349
235 0.0145755941267224
236 0.0261055337608218
237 0.0411053269192946
238 0.0541407320979063
239 0.0619302964843675
240 0.0650508505679874
241 0.0661872959761624
242 0.068162441556315
243 0.0716900273285293
244 0.0770163018267856
245 0.0845118693219608
246 0.0942788559070395
247 0.104534878970069
248 0.112236391827494
249 0.113770706642763
250 0.107202660419485
251 0.0962694535576571
252 0.0854107070601816
253 0.0777371495904286
254 0.0747121119563797
255 0.0750239623344758
256 0.0770824982225774
257 0.0793474399058606
258 0.0804186185841214
259 0.0799471315680901
260 0.0779280153818952
261 0.074434146002677
262 0.0695982428111053
263 0.0636291853187319
264 0.0568066207801472
265 0.0494686440698476
266 0.0419990362885352
267 0.0347544078774115
268 0.0280258459735134
269 0.0219837621120736
270 0.0166303257710423
271 0.0120071573863974
272 0.00818824792427544
273 0.00528113569116657
274 0.00338144761358763
275 0.00228359577000298
276 0.00172822879133819
277 0.00153778022337303
278 0.00160525449448761
279 0.00193688588946964
280 0.0026611863475175
281 0.00408932120534478
282 0.00682321153387414
283 0.0119617584206427
284 0.0212334000312909
285 0.0362871287286745
286 0.0566883200588196
287 0.0772581613974234
288 0.0897593648882937
289 0.0933216202751456
290 0.0924064292723534
291 0.0926168117637231
292 0.098256996351631
293 0.10817966618693
294 0.119328672864025
295 0.127498252212305
296 0.12878065892144
297 0.124015535724895
298 0.115707481350297
299 0.10629932753084
300 0.0976000301921578
301 0.0902704006451058
302 0.0846267778898283
303 0.0809204570781593
304 0.0791087600418432
305 0.0780267995133984
306 0.0763152435252434
307 0.0727376764389209
308 0.0667931902040141
309 0.0599147477822539
310 0.0535948991217856
311 0.0485398922045383
312 0.0441277118983122
313 0.0396731114628866
314 0.0347431248698149
315 0.0291757267050001
316 0.023100663046755
317 0.0169479699752704
318 0.0113206317661504
319 0.00685845641989791
320 0.00396798045899747
321 0.00234195678484431
322 0.00150661491729194
323 0.00111593425894468
324 0.000960861917221038
325 0.000960053246989383
326 0.00111104905776245
327 0.00148005615499668
328 0.00221699219838462
329 0.003631590665512
330 0.00632489878629845
331 0.0113498728255201
332 0.0201015412775324
333 0.0335748011359487
334 0.0509800443425302
335 0.0698885128212627
336 0.0866471980665605
