1 0.000907522950995856
2 0.000476166999952196
3 0.00026149300167229
4 0.000153099619972516
5 9.56541802721479e-05
6 6.35539118814261e-05
7 4.47858216129198e-05
8 3.34970123614713e-05
9 2.66323595570485e-05
10 2.25435042824918e-05
11 2.03424359261173e-05
12 1.95741279287763e-05
13 2.00853583356527e-05
14 2.1979311917158e-05
15 2.56431571117929e-05
16 3.184939933462e-05
17 4.20357249131973e-05
18 5.88488585763466e-05
19 8.72941477722884e-05
20 0.000137445306507158
21 0.000230276443047634
22 0.00041153830984012
23 0.000782037109943749
24 0.0015401554436453
25 0.00304640308777861
26 0.00586369529836477
27 0.0106192794372904
28 0.0173669377991519
29 0.0246061088709911
30 0.029563835835656
31 0.0317052452230004
32 0.0324819863934902
33 0.0340002568043168
34 0.0381611704160301
35 0.0447478965825303
36 0.0524609292224719
37 0.0589153798600014
38 0.0613123721809701
39 0.0591780049750717
40 0.0534228985325205
41 0.0454641429310318
42 0.036809408977698
43 0.0287749283677187
44 0.0220860425898601
45 0.0169353668047733
46 0.0131169503837223
47 0.010104540426243
48 0.00757056152204714
49 0.00539334235405006
50 0.00359894498405064
51 0.00228502753412434
52 0.00141325642644174
53 0.000871785647648877
54 0.000548034376092712
55 0.000355770942496037
56 0.000241180957971062
57 0.000172446950653454
58 0.000130740454819683
59 0.000105535657775423
60 9.10780920591764e-05
61 8.43354837099624e-05
62 8.39094410421059e-05
63 8.97850136776381e-05
64 0.000103413501616415
65 0.000128339390101204
66 0.000171849229592743
67 0.000248641996667082
68 0.000389285425735765
69 0.000657893327999196
70 0.00117867287868572
71 0.00218979068899149
72 0.00412589456008487
73 0.00767362968889188
74 0.013467385800972
75 0.0212433635731689
76 0.028745360784195
77 0.0326570158605574
78 0.0334244941994038
79 0.0337915948457235
80 0.0362222950329124
81 0.0406586208290369
82 0.0462338677109181
83 0.0515545897972611
84 0.0549932770847409
85 0.0563210344516709
86 0.0559596889851321
87 0.0544964127563672
88 0.0522183594764939
89 0.0481786579578658
90 0.0415989835700025
91 0.0326355816313015
92 0.0227508634722579
93 0.0142509763940013
94 0.00819168083905965
95 0.00441832356496553
96 0.00228938534342603
97 0.00117041461855093
98 0.000606686291522681
99 0.00032760855037101
100 0.000188433012554227
101 0.000115804904303631
102 7.59174316045423e-05
103 5.2999187865782e-05
104 3.93614336555518e-05
105 3.1152212442386e-05
106 2.63366469564015e-05
107 2.38368628032763e-05
108 2.31325810239977e-05
109 2.41035597617155e-05
110 2.70032437918451e-05
111 3.25420796392564e-05
112 4.20603008752471e-05
113 5.80792941367616e-05
114 8.53523288410285e-05
115 0.000133318907293291
116 0.000223329832200616
117 0.000405863557917443
118 0.000809389339904641
119 0.00176515813253236
120 0.003954742924503
121 0.00842335374174811
122 0.0157899987882568
123 0.0246426453369878
124 0.0327808858046116
125 0.0387772820635865
126 0.0424988993900974
127 0.0447872577017903
128 0.0465630041659927
129 0.0488516684555121
130 0.0528942167346066
131 0.0595432150502734
132 0.0662408246490357
133 0.0683242900509182
134 0.0625006515386926
135 0.0523278630416811
136 0.0422171537253491
137 0.0346318081031892
138 0.0300368040979548
139 0.0268385408926459
140 0.0236660382775053
141 0.0197164205971081
142 0.015000721135647
143 0.0104940972314762
144 0.00687020914130204
145 0.00428606512257833
146 0.0025936547876346
147 0.00154546200636046
148 0.000919833988226829
149 0.00055469119097146
150 0.000343381045771842
151 0.000220132301661558
152 0.000147262339589808
153 0.000103588362210288
154 7.71384793212702e-05
155 6.10084128143091e-05
156 5.13695674950405e-05
157 4.61659357698195e-05
158 4.44215513256943e-05
159 4.5913713524791e-05
160 5.11431768613529e-05
161 6.15372769709063e-05
162 7.98654355480936e-05
163 0.000111532695973911
164 0.00016719324648255
165 0.000268855934750093
166 0.000466730763777385
167 0.000881770466908993
168 0.00182725687544111
169 0.00411044377694977
170 0.00924639610708571
171 0.0188209257536956
172 0.0314603436034594
173 0.0407129350684663
174 0.0436768925587234
175 0.0427379581457111
176 0.0418940186577502
177 0.0442137629354534
178 0.0494708854832486
179 0.0565438505877188
180 0.0636551108700646
181 0.0684045971560945
182 0.0691565929501317
183 0.0650580020779846
184 0.0565703708418052
185 0.0461288005489216
186 0.0360045630664945
187 0.0274873562642805
188 0.0208811090115635
189 0.015720360504394
190 0.011616451853905
191 0.00834303817449071
192 0.00578446235622847
193 0.00389361247199704
194 0.00256709239941343
195 0.00167258916784698
196 0.00108674113137042
197 0.000710998898412858
198 0.000473039773038626
199 0.000323208139527718
200 0.00022889000518698
201 0.000169159331455448
202 0.000131278089085504
203 0.000107650491377464
204 9.38063195095828e-05
205 8.71701742118595e-05
206 8.66395346628466e-05
207 9.23099487489649e-05
208 0.000105355026472942
209 0.000128619106084813
210 0.000167713147873004
211 0.000233445000813226
212 0.000347866479414502
213 0.000557024329319328
214 0.000961985275907562
215 0.00177980995509792
216 0.00336223338715174
217 0.00611748148279618
218 0.0101156668440268
219 0.0145870291925103
220 0.0187605527148827
221 0.0223509451450519
222 0.025606284657879
223 0.0290781863963487
224 0.0328581838805899
225 0.0368488005893596
226 0.0409050492359839
227 0.044821794590666
228 0.0482987347590868
229 0.0509806342486132
230 0.0525038875668935
231 0.0524240338117793
232 0.0499391398379714
233 0.0445354961617492
234 0.0366387652344548
235 0.0279430481107235
236 0.0199622437059473
237 0.0135077301253193
238 0.00875011029046304
239 0.0054612035157864
240 0.00330167635687315
241 0.00194388723606007
242 0.00112303592144192
243 0.00064742268404789
244 0.000379595687285142
245 0.000230695895989108
246 0.000147636859360935
247 9.97951663054339e-05
248 7.12396190734931e-05
249 5.36988903929912e-05
250 4.27472503013501e-05
251 3.59878981105931e-05
252 3.20960013143505e-05
253 3.03760972566818e-05
254 3.05528670532673e-05
255 3.26822133403054e-05
256 3.71982843642263e-05
257 4.50711407711728e-05
258 5.81270432950502e-05
259 7.95816920821059e-05
260 0.000115287286597726
261 0.000176335176357081
262 0.00028540232764092
263 0.000490431116513639
264 0.000897668618521522
265 0.00173939907573015
266 0.00341624851821636
267 0.00645060576493733
268 0.0111094762636741
269 0.0167997975400256
270 0.0226910495392784
271 0.0282237390558701
272 0.0333153670409725
273 0.0382561904473171
274 0.0429697267819615
275 0.0472423066279591
276 0.0508751676877649
277 0.0535575779140158
278 0.0544249212901075
279 0.0525723485340072
280 0.0475135777491407
281 0.0395587840356043
282 0.0299882387160801
283 0.0204751340167059
284 0.0125415994660732
285 0.00705553149003013
286 0.00376142162841192
287 0.00196154585580564
288 0.00102956359646666
289 0.000552555580773577
290 0.000307033871630839
291 0.000178836379192805
292 0.000110307929780977
293 7.21685805643264e-05
294 5.00561967656271e-05
295 3.67883545653368e-05
296 2.86391027424218e-05
297 2.36254692055827e-05
298 2.06647030228038e-05
299 1.9176134495463e-05
300 1.88868282151203e-05
301 1.97385856166495e-05
302 2.18802606373837e-05
303 2.57151302761025e-05
304 3.20244208384958e-05
305 4.2211617000325e-05
306 5.88137095733402e-05
307 8.65083114248835e-05
308 0.000134141707253087
309 0.00021888865287525
310 0.000375158126117879
311 0.000672622484635596
312 0.00124561994219957
313 0.00234729395649875
314 0.00443341742308587
315 0.00823279386864122
316 0.014521410537268
317 0.0234292989331066
318 0.033358006335728
319 0.0410797981234763
320 0.0452937717060276
321 0.0468362741067573
322 0.0475278462492053
323 0.0490011757151456
324 0.050992176233566
325 0.0526683295132742
326 0.0531008399055337
327 0.0515078373852644
328 0.0477926897125165
329 0.0422571179016301
330 0.0354573320094236
331 0.0279805702005052
332 0.0201841841307831
333 0.0128679282559841
334 0.00711435661099166
335 0.00355737372440739
336 0.00170520858600754
