1 0.00574271124618101
2 0.00569333328679689
3 0.00564406349747224
4 0.0055955219354375
5 0.00554814431422053
6 0.00550231119345713
7 0.00545835827566992
8 0.00541648201321222
9 0.00537684171217334
10 0.00533959331591465
11 0.00530484980048831
12 0.00527256281069816
13 0.00524264753232642
14 0.00521502332964312
15 0.00518957910883359
16 0.00516607119165183
17 0.0051442280100983
18 0.00512378392826726
19 0.00510447039044721
20 0.00508599124568597
21 0.00506804692544302
22 0.00505034220641323
23 0.00503258829063073
24 0.00501450959353196
25 0.00499583682437012
26 0.0049763049148137
27 0.00495562263129136
28 0.00493338186569722
29 0.00490915283867177
30 0.0048825451033665
31 0.00485329332742564
32 0.00482117149763185
33 0.00478596563723812
34 0.00474754910804468
35 0.00470610042997806
36 0.00466187307265275
37 0.0046151191885962
38 0.0045661369313646
39 0.00451541063528147
40 0.00446345626115399
41 0.00441077024130066
42 0.00435784095815808
43 0.00430518460692066
44 0.00425330548954178
45 0.00420268378076465
46 0.00415375450164875
47 0.00410684462096386
48 0.00406224491336148
49 0.00402023437971337
50 0.00398105954659946
51 0.00394487038846655
52 0.00391179275498504
53 0.00388195271159161
54 0.00385546064873038
55 0.0038323618167423
56 0.00381269048454462
57 0.00379647149539821
58 0.0037836718264993
59 0.00377425110152974
60 0.00376817803739617
61 0.00376541009724997
62 0.00376583279915231
63 0.00376931967745113
64 0.00377575146034306
65 0.00378499708716739
66 0.00379685833267584
67 0.00381112183531543
68 0.0038275755398141
69 0.00384598295716175
70 0.00386600776106182
71 0.00388728383042529
72 0.00390943801997179
73 0.00393209254631318
74 0.0039548747549797
75 0.00397740680592877
76 0.00399930234440974
77 0.00402018865768453
78 0.00403977350960766
79 0.00405778237846409
80 0.00407395640848104
81 0.00408810957244474
82 0.00410007505717417
83 0.0041096877082415
84 0.00411682988626527
85 0.00412156777378753
86 0.00412401728056554
87 0.004124298546139
88 0.00412256090942493
89 0.0041190589810569
90 0.00411407457853489
91 0.00410788999304649
92 0.00410078559969665
93 0.00409303471755541
94 0.00408490757101518
95 0.00407667244189857
96 0.00406859056374629
97 0.00406090136923571
98 0.00405383762955223
99 0.00404763071372938
100 0.0040425030832314
101 0.00403864511857767
102 0.00403623962152507
103 0.00403547038678395
104 0.00403650129848373
105 0.00403941216923279
106 0.00404426393169021
107 0.00405110306674669
108 0.00405990922186578
109 0.00407064712424112
110 0.0040832837881442
111 0.00409776318025638
112 0.00411392981006756
113 0.00413160232273236
114 0.0041505977389149
115 0.00417071930661775
116 0.00419172098970967
117 0.00421334059746424
118 0.00423531069285892
119 0.00425733936035389
120 0.00427905253057402
121 0.00430004951140077
122 0.00431992219502062
123 0.00433827009805709
124 0.00435474458103561
125 0.00436900849751692
126 0.00438072366051833
127 0.00438958867321276
128 0.00439544949467601
129 0.00439819344464482
130 0.00439771405341842
131 0.00439391686954383
132 0.0043867353300016
133 0.00437611607565931
134 0.00436206922542386
135 0.00434483168074756
136 0.00432469880155733
137 0.00430196730154129
138 0.00427695109595197
139 0.00425003164762333
140 0.0042216020644997
141 0.00419204780040881
142 0.00416175534808802
143 0.00413114039021067
144 0.00410061675650685
145 0.00407058631578805
146 0.0040414314939288
147 0.00401349307152533
148 0.00398709516859897
149 0.00396255427329738
150 0.00394015663033031
151 0.00392008881100377
152 0.00390251293980291
153 0.00388759210195145
154 0.00387547460696043
155 0.00386624481746171
156 0.0038599754644493
157 0.00385672872212859
158 0.00385650711463602
159 0.00385930364138801
160 0.00386511835358673
161 0.00387393508881741
162 0.00388565118847345
163 0.00390014578881476
164 0.00391730199846284
165 0.00393699965336311
166 0.00395909518791144
167 0.00398343919216781
168 0.0040098816883339
169 0.00403826672409633
170 0.00406841780022994
171 0.00410014999508934
172 0.00413327354896971
173 0.00416759024009018
174 0.00420288390611513
175 0.00423892815408097
176 0.00427548870492882
177 0.00431232103971058
178 0.00434916405381051
179 0.00438574572370615
180 0.00442178514960975
181 0.0044570061599782
182 0.0044911786103243
183 0.00452408028543355
184 0.00455552454346817
185 0.00458548377910473
186 0.00461397272764904
187 0.0046410086976203
188 0.00466666714851501
189 0.00469125093335033
190 0.00471512688694663
191 0.00473867006749431
192 0.00476226334243313
193 0.00478629728364517
194 0.00481117035846668
195 0.00483728945184775
196 0.00486504413009395
197 0.00489472676212766
198 0.00492661127975325
199 0.00496098055687332
200 0.00499809234776796
201 0.00503807255071948
202 0.00508101813913499
203 0.00512703231438514
204 0.00517619350708934
205 0.00522845911241198
206 0.00528375513405585
207 0.00534199571919087
208 0.00540304978993549
209 0.00546677025439114
210 0.00553300338086681
211 0.00560158167236498
212 0.00567230378014279
213 0.00574495108698875
214 0.00581929284365385
215 0.00589502722010538
216 0.00597160017418828
217 0.00604836854324336
218 0.00612465616700124
219 0.00619976407013297
220 0.00627300235489172
221 0.00634366356653087
222 0.00641101533177263
223 0.00647434311971564
224 0.00653307582828394
225 0.00658667600998622
226 0.00663460459602685
227 0.0066763762014351
228 0.00671171979888645
229 0.0067404312765391
230 0.00676232416192611
231 0.00677728278963842
232 0.00678541938008983
233 0.00678691950047829
234 0.00678206107294178
235 0.00677142873626012
236 0.006755691371667
237 0.00673552441549795
238 0.00671167920811717
239 0.00668519856255767
240 0.00665718688973638
241 0.00662873237792857
242 0.00660085107130969
243 0.00657432575868991
244 0.00654987326421809
245 0.00652820110954219
246 0.00650995220247061
247 0.00649553537543734
248 0.00648530410192302
249 0.00647961705449963
250 0.00647878452222667
251 0.00648290266776282
252 0.00649202286915806
253 0.00650620818036101
254 0.00652547446924838
255 0.00654961131810584
256 0.00657835604553203
257 0.0066114505885944
258 0.00664858893344864
259 0.00668926095729281
260 0.0067328975845095
261 0.00677889202945482
262 0.00682651809166728
263 0.00687500348436541
264 0.00692355402730876
265 0.00697139612763112
266 0.00701790848183176
267 0.00706249806337829
268 0.00710455904402656
269 0.00714355349244112
270 0.00717925341191637
271 0.00721151131764641
272 0.00724018283696846
273 0.00726515264165441
274 0.00728641167353567
275 0.00730398237540047
276 0.00731789333360861
277 0.00732814629449397
278 0.0073346173864238
279 0.00733715524593158
280 0.00733561444781392
281 0.00732995844534666
282 0.0073205657673169
283 0.0073079209863526
284 0.00729253681761714
285 0.00727503152764885
286 0.00725604636991908
287 0.00723621730064724
288 0.00721616945815854
289 0.00719650325328762
290 0.00717780815619031
291 0.00716066778854161
292 0.00714565310850443
293 0.00713330049058472
294 0.00712413729907766
295 0.00711869194012485
296 0.0071174278068801
297 0.00712054011728088
298 0.00712816348175758
299 0.00714044141256296
300 0.00715745466001955
301 0.00717900278653427
302 0.0072048184108587
303 0.00723463769504766
304 0.00726815292568223
305 0.00730487179126125
306 0.00734424959644096
307 0.00738573238995283
308 0.00742871779245173
309 0.00747243984922141
310 0.00751607694439132
311 0.00755879264664985
312 0.00759974933618847
313 0.00763809713227011
314 0.00767297203565467
315 0.00770349722578425
316 0.00772878119370929
317 0.00774792907880923
318 0.00776005103086253
319 0.0077643900394083
320 0.00776069122466097
321 0.00774884472373884
322 0.00772876661109244
323 0.00770047251495318
324 0.00766429345658909
325 0.00762065227413588
326 0.00756998698180688
327 0.00751283136891556
328 0.00745005839845351
329 0.00738261322983896
330 0.00731142187154889
331 0.00723732353419528
332 0.00716088383770894
333 0.0070825897950889
334 0.00700300739026887
335 0.0069230566542709
336 0.0068437110929232
