1 0.00174880656368898
2 0.00179341892935155
3 0.00183848649339031
4 0.00188399087249207
5 0.00192991280025595
6 0.00197623229607149
7 0.00202291498588411
8 0.00206986831534667
9 0.00211697831833021
10 0.00216412269156973
11 0.00221114799783033
12 0.00225779746188295
13 0.0023037729896114
14 0.00234875773293265
15 0.00239243202997476
16 0.00243452150035636
17 0.00247475786703923
18 0.00251286629029918
19 0.00254859815601877
20 0.00258182918838314
21 0.00261247363045979
22 0.00264045455962813
23 0.00266570099701899
24 0.00268813834680035
25 0.00270769790854857
26 0.00272432036185832
27 0.00273798909736146
28 0.00274883059451512
29 0.00275701638664152
30 0.00276274279597095
31 0.00276627210584632
32 0.00276788800584835
33 0.00276787925678796
34 0.00276652830142364
35 0.00276408115849319
36 0.00276077497967707
37 0.00275684676192894
38 0.0027525185257893
39 0.00274795449779637
40 0.00274330378267941
41 0.00273871451037472
42 0.00273433025835324
43 0.0027302794537098
44 0.00272668629302285
45 0.00272367450533985
46 0.00272133338457933
47 0.00271961562957778
48 0.00271844033469926
49 0.00271772708966103
50 0.00271742331148111
51 0.00271758656464357
52 0.00271830213741451
53 0.00271965571154724
54 0.00272174114841867
55 0.00272468356679826
56 0.00272861697159154
57 0.00273364538506768
58 0.002739747606603
59 0.00274687159668213
60 0.00275496588834556
61 0.00276395462314184
62 0.00277366237089159
63 0.00278388685592978
64 0.00279442311113686
65 0.00280502893699485
66 0.00281532103304499
67 0.00282487609969731
68 0.00283326559962339
69 0.00284011699886805
70 0.00284529612205548
71 0.0028487307039478
72 0.00285035129980301
73 0.00285013341033136
74 0.00284822279650181
75 0.00284480965176897
76 0.00284008585593466
77 0.00283422343641797
78 0.00282731233956553
79 0.00281942242984501
80 0.00281063246167629
81 0.00280105520224302
82 0.00279081118486633
83 0.00278001983124101
84 0.00276881132083028
85 0.00275736235057184
86 0.00274585890244095
87 0.00273448392753562
88 0.00272341141855114
89 0.00271278888352806
90 0.00270275574725855
91 0.00269344962316418
92 0.00268499549228235
93 0.00267747287377206
94 0.00267095011102503
95 0.00266549586866081
96 0.00266116612133405
97 0.00265796470709862
98 0.00265588357878
99 0.00265491611801166
100 0.00265504511527298
101 0.00265620671410502
102 0.00265832618674161
103 0.0026613296538129
104 0.00266512117680442
105 0.00266951427237677
106 0.00267429898947944
107 0.00267925942602217
108 0.00268415938790157
109 0.00268875626978286
110 0.0026928058841645
111 0.0026960639542806
112 0.00269829005402657
113 0.00269924510768177
114 0.00269869129566994
115 0.00269644150585022
116 0.00269250486614219
117 0.00268694170304723
118 0.00267981491030909
119 0.00267120184106332
120 0.0026612303102902
121 0.00265004076398211
122 0.00263777333058937
123 0.00262459839725676
124 0.00261080823809517
125 0.00259672067639759
126 0.00258264708639753
127 0.00256888793993529
128 0.00255572032625271
129 0.0025434116138138
130 0.00253222454914083
131 0.00252239218479423
132 0.00251404152611347
133 0.00250727417324216
134 0.00250218948948468
135 0.00249887386916167
136 0.00249741298431995
137 0.00249789627698835
138 0.00250040748105476
139 0.00250499470642767
140 0.0025117012455664
141 0.00252057604446826
142 0.00253164710956938
143 0.00254483994554826
144 0.00256005617859625
145 0.00257719934863738
146 0.0025961573909405
147 0.00261675083429541
148 0.00263877981034257
149 0.00266203918056252
150 0.00268631007158977
151 0.00271133634111551
152 0.00273684483391817
153 0.00276255195612855
154 0.00278814478534458
155 0.00281322408219505
156 0.00283735798355734
157 0.00286012352552075
158 0.00288117640094347
159 0.00290018858278415
160 0.00291682846647172
161 0.00293074710111563
162 0.00294153203755248
163 0.00294875843337266
164 0.00295200962912457
165 0.00295092766489549
166 0.00294535431760669
167 0.00293519768468865
168 0.00292038844152081
169 0.0029008951721253
170 0.00287676634493736
171 0.00284808757742151
172 0.00281496715908619
173 0.00277761982757437
174 0.00273660916651911
175 0.00269257296484716
176 0.00264612983816759
177 0.00259787118083549
178 0.00254834974232443
179 0.00249808474128351
180 0.00244756250033296
181 0.00239721036417014
182 0.00234732547578712
183 0.0022981577167537
184 0.00224993496301604
185 0.0022028597244557
186 0.00215711506638784
187 0.00211286733085522
188 0.00207026135377828
189 0.00202940457321908
190 0.00199038832575535
191 0.00195329541515423
192 0.00191818654025826
193 0.00188505913789972
194 0.00185389627956631
195 0.00182468239108301
196 0.00179739074088855
197 0.00177194668212579
198 0.00174826870267301
199 0.00172628123530477
200 0.00170591098301554
201 0.00168707702215752
202 0.00166970070576759
203 0.00165370854172436
204 0.00163903810757773
205 0.0016256562867266
206 0.00161353925100877
207 0.00160266612940806
208 0.00159301954840044
209 0.00158458497008268
210 0.0015773504613024
211 0.00157129710132647
212 0.00156637048721928
213 0.00156250969104525
214 0.00155965652630876
215 0.0015577454006211
216 0.00155667367188957
217 0.0015563306604613
218 0.0015566069141601
219 0.00155739176322977
220 0.00155856699576172
221 0.00156001242713021
222 0.0015616076161825
223 0.001563237876596
224 0.00156481277772241
225 0.00156624771524064
226 0.00156745780291483
227 0.00156836138996682
228 0.001568890471187
229 0.00156898060935052
230 0.00156856768718944
231 0.00156762336673525
232 0.00156626084144906
233 0.00156462851704763
234 0.00156287316837991
235 0.00156113610279263
236 0.00155955679316748
237 0.00155827418000954
238 0.00155741745798852
239 0.0015570781689488
240 0.00155733881818172
241 0.00155828259949369
242 0.00155998523130974
243 0.0015624897182979
244 0.0015658319816181
245 0.00157004952804841
246 0.00157517270467965
247 0.00158119782163606
248 0.00158811355136291
249 0.00159590971773077
250 0.00160456814480715
251 0.00161403495674889
252 0.00162424681018119
253 0.00163513952537869
254 0.00164663776651153
255 0.00165862414861711
256 0.00167096791454478
257 0.00168353446247558
258 0.00169619126012467
259 0.00170882654190138
260 0.00172133146335531
261 0.00173358492744722
262 0.00174542572064328
263 0.00175667938861803
264 0.00176716775334405
265 0.00177669827630289
266 0.00178503057773916
267 0.00179191085204145
268 0.00179708485637654
269 0.00180035673093119
270 0.00180176177446085
271 0.00180139801091091
272 0.0017993687862992
273 0.0017957825848794
274 0.0017907544558684
275 0.00178440269563664
276 0.00177684718572348
277 0.00176819199928224
278 0.00175847561236415
279 0.0017477215421584
280 0.00173595500602496
281 0.0017232118902522
282 0.00170956526263663
283 0.00169509696190718
284 0.00167989350879407
285 0.00166406174815781
286 0.00164771140793708
287 0.00163094919389337
288 0.00161389313555859
289 0.00159671500475206
290 0.00157959408972356
291 0.00156270222250773
292 0.00154619951193798
293 0.00153022177913217
294 0.00151489490253588
295 0.00150033984676636
296 0.0014866641757598
297 0.00147393608155101
298 0.00146221338897001
299 0.00145155329076094
300 0.00144200587872997
301 0.00143359410956808
302 0.00142633563390191
303 0.00142025007169723
304 0.00141535098623615
305 0.00141162152875135
306 0.00140903958379882
307 0.00140758594719673
308 0.0014072424824909
309 0.0014079868550599
310 0.00140979752115237
311 0.00141265891115346
312 0.00141657226562269
313 0.00142154478434765
314 0.00142758602100314
315 0.00143469796827439
316 0.00144284480973174
317 0.001451981811399
318 0.0014620648003799
319 0.00147305258571307
320 0.00148491512896453
321 0.0014976252446985
322 0.00151115564510274
323 0.00152548409991408
324 0.00154060977008102
325 0.00155653771041914
326 0.00157327356165095
327 0.00159082914283089
328 0.00160923981667247
329 0.00162854856712318
330 0.00164880064799659
331 0.00167003896956099
332 0.00169228943062019
333 0.00171557447435075
334 0.00173990754227925
335 0.00176526123109399
336 0.00179159573222198
