1 0.00454994680650345
2 0.00381342703029937
3 0.00322924619445727
4 0.00275930148064939
5 0.00237887129616599
6 0.00206970346592419
7 0.0018188187596328
8 0.00162012434068386
9 0.00146895070058499
10 0.00136140716265745
11 0.00129465861476694
12 0.00126632467399012
13 0.00127654301876156
14 0.00132893249248991
15 0.00143094983998567
16 0.00159325010889915
17 0.00183301013247711
18 0.00217743932752017
19 0.00266583537418969
20 0.00334317021722664
21 0.00426364863340683
22 0.00548982041486681
23 0.00708636102414748
24 0.0091123908581958
25 0.0116019541303596
26 0.0145374364516063
27 0.017852783436928
28 0.0215581771656916
29 0.0257286888839727
30 0.0304579957855126
31 0.0356952357800906
32 0.0412779823377129
33 0.046950876124032
34 0.0523150841044744
35 0.0566599087533757
36 0.0591321750843118
37 0.0589484403322848
38 0.0558191675046507
39 0.0506019852704936
40 0.0444134908312837
41 0.0381779587990605
42 0.0324326328402504
43 0.0271762433837046
44 0.0223549141392595
45 0.0179658669569241
46 0.0140725857041234
47 0.0108234315046467
48 0.00825578513800612
49 0.00630860994029349
50 0.00487214991671027
51 0.00381659543926578
52 0.00303930580851731
53 0.00246590962162859
54 0.00204316447566513
55 0.0017339282100152
56 0.00151182164142169
57 0.00135815847806324
58 0.00125957965345809
59 0.00120801065878269
60 0.00120013033214038
61 0.00123664811451559
62 0.00132098326497089
63 0.00146136922174799
64 0.00167266584497515
65 0.00197722143494335
66 0.00240137846036413
67 0.00297867179304108
68 0.00375089869486933
69 0.00476625560536108
70 0.00607403568049819
71 0.0077153405869845
72 0.0097082332917459
73 0.012043639094763
74 0.0147386039263285
75 0.0178262963608197
76 0.0213497287560919
77 0.0253564377288173
78 0.0298595561455401
79 0.0348453084706763
80 0.0402180534174407
81 0.0455613016051543
82 0.0502128764312967
83 0.053369575255167
84 0.0543217861853511
85 0.0529180700971145
86 0.0493766076814568
87 0.0441520123125054
88 0.0379132071113398
89 0.0315451685715827
90 0.0257127328067989
91 0.020766046347154
92 0.0167700478274396
93 0.013537612679206
94 0.0108933565466889
95 0.00871272601020336
96 0.00691596652289402
97 0.00546946433039898
98 0.00433224195374148
99 0.00345495935935662
100 0.0027874063581686
101 0.0022811904876074
102 0.0018979176461965
103 0.00160877063076967
104 0.00139210581411047
105 0.0012312280666916
106 0.00111412723505245
107 0.00103287816086177
108 0.000983692124538846
109 0.000965360748748676
110 0.000979183026967488
111 0.00102923337876313
112 0.00112204239566693
113 0.00126919181908228
114 0.00149018975709562
115 0.00181576273317214
116 0.00228998799542167
117 0.0029795141242098
118 0.00398622570130656
119 0.00545968144063614
120 0.00758905810008153
121 0.0106016072585355
122 0.0147386794047808
123 0.020190104904112
124 0.0269711204467475
125 0.0347775361706221
126 0.0428646467176252
127 0.0501262725494231
128 0.0556179483384232
129 0.0586519152128275
130 0.0588639039216607
131 0.0563971172109503
132 0.0521785055905212
133 0.0472592881704725
134 0.0423830217716374
135 0.0376962157211206
136 0.0332215777424641
137 0.0289850233050472
138 0.0250097859904522
139 0.0213074947190008
140 0.0178928350133655
141 0.0147838323824487
142 0.0120059599275196
143 0.00960003108190991
144 0.00757702415786518
145 0.00591796381119575
146 0.00458855251261503
147 0.00355226544898058
148 0.0027633772759246
149 0.00217400011760614
150 0.00174014598251309
151 0.0014236905564335
152 0.00119560240786084
153 0.00103498274107739
154 0.000927032814427554
155 0.000860892166295685
156 0.000830189752196446
157 0.000832469105279197
158 0.000868418606824144
159 0.000942697359799286
160 0.00106514153563433
161 0.00125243453171419
162 0.00152963949349886
163 0.00193593647375644
164 0.00253298640774912
165 0.00341507947302326
166 0.0047128250593583
167 0.00660644073618738
168 0.00933524575289893
169 0.0131870281928309
170 0.0184255805744872
171 0.0251848584816049
172 0.0333132023401241
173 0.042235865455843
174 0.0510079935789297
175 0.0583808507491587
176 0.0630117160905724
177 0.0639774530673241
178 0.061597821990352
179 0.0568189309495959
180 0.0507226964680976
181 0.0442499370785069
182 0.0380204593132079
183 0.0324173644100979
184 0.0275709619066291
185 0.0232792253740632
186 0.0193696292016755
187 0.015763801754966
188 0.01248112972384
189 0.00964623448591292
190 0.00731844395490866
191 0.00548170386616551
192 0.00407900375249024
193 0.00304006972131067
194 0.00228909940427512
195 0.00175652869945473
196 0.00138404859869171
197 0.00112361432101402
198 0.000942006942955659
199 0.000817443862414012
200 0.000735753369765294
201 0.000687735286041839
202 0.000668310447705189
203 0.000675856904887921
204 0.00071188070302957
205 0.000780935372152512
206 0.000891994125636049
207 0.00106016989258401
208 0.00130847678507218
209 0.00167295818749225
210 0.00221042107925465
211 0.00300889766223602
212 0.00419670021855723
213 0.00596099915442377
214 0.00856933382841353
215 0.0123764376690739
216 0.0177504612889343
217 0.0249636303762135
218 0.0340038731887843
219 0.0443359532477975
220 0.0547334386737846
221 0.063330611866418
222 0.0680110918431192
223 0.0674408159736439
224 0.0626404925455041
225 0.0555321935023371
226 0.0478895551744708
227 0.040841466085474
228 0.0346007703674571
229 0.0291638878971883
230 0.024493204488538
231 0.0205377145013661
232 0.0172586682258713
233 0.0145967903400031
234 0.0124574686560808
235 0.0106842561842766
236 0.00915526976449617
237 0.00779221881942696
238 0.00655865895801909
239 0.00546871851830045
240 0.00453206238416245
241 0.003745198765038
242 0.00309546077855435
243 0.00256349465751752
244 0.00213035081571448
245 0.00177924349864773
246 0.00149661085098934
247 0.00127373139176049
248 0.00110260341958605
249 0.00097591072998101
250 0.000887310974911957
251 0.000830691636328339
252 0.000802183438707338
253 0.000800475318958726
254 0.000826671433188933
255 0.000884100023554204
256 0.000979547415738423
257 0.00112479930287089
258 0.00133845624018531
259 0.00164706913302912
260 0.00209063472879658
261 0.00272947098801548
262 0.00365167447740112
263 0.00498636482767759
264 0.00692139225334605
265 0.00970219133947351
266 0.0135124845885415
267 0.0183538218980879
268 0.0238746088576578
269 0.0293299906983493
270 0.0340775099969619
271 0.0376379893012862
272 0.0397127605477085
273 0.0402440648132689
274 0.0394721594252105
275 0.0377807285854985
276 0.0355796062700043
277 0.0331949768497694
278 0.0307279125019922
279 0.0282257909981387
280 0.0257321694374767
281 0.023255560796862
282 0.0207030569948092
283 0.0180153823862062
284 0.0152334229867045
285 0.0125387619235649
286 0.0100839507299586
287 0.00795374616357107
288 0.00618143162722865
289 0.00477065009033581
290 0.00368799779029254
291 0.00288064685691548
292 0.00228999187548964
293 0.00185591573223482
294 0.00153386168582442
295 0.00129310848243771
296 0.00111280713479712
297 0.000980083121127375
298 0.000886107900845053
299 0.00082492102214625
300 0.00079280576071166
301 0.000787228468782222
302 0.000807923937737663
303 0.000857296030115034
304 0.000940580146298167
305 0.00106566185012776
306 0.00124484121246626
307 0.0014968866541106
308 0.00184928953957642
309 0.00233958010317793
310 0.00302003770683371
311 0.00396158520263318
312 0.0052509716374311
313 0.00698994699537862
314 0.00928789377579412
315 0.0122382934336297
316 0.0158586321673796
317 0.0200350132519927
318 0.0244688163650571
319 0.0287249119984568
320 0.0325629259903526
321 0.0358983447312394
322 0.0387552214893433
323 0.0411341795499265
324 0.0425929996246297
325 0.0425715519404095
326 0.0406323282916945
327 0.036752279977301
328 0.0316898153560238
329 0.0262942833236072
330 0.0211980830048468
331 0.0167729999267183
332 0.0131703295899739
333 0.010379945520968
334 0.00828827237832068
335 0.00671092997268759
336 0.00550281781045965
