1 0.00106049612570306
2 0.00104471980707666
3 0.00102820447517498
4 0.00101118745813392
5 0.00099384749695475
6 0.000976342108527042
7 0.000958814666299465
8 0.00094138079529299
9 0.000924143742425883
10 0.000907199412433973
11 0.000890629562601083
12 0.000874481989840363
13 0.000858793821543196
14 0.000843599076076381
15 0.000828924009392423
16 0.000814773338712071
17 0.000801146292125892
18 0.000788041759573845
19 0.000775451712111371
20 0.000763342143093525
21 0.000751674433289441
22 0.000740412053112581
23 0.000729528267926483
24 0.000719028669901265
25 0.000708925994613547
26 0.000699232135509382
27 0.000689958969257332
28 0.000681120534343044
29 0.000672730892785883
30 0.000664799399977832
31 0.000657318796951556
32 0.000650278358371841
33 0.00064366811418306
34 0.000637475583940492
35 0.000631676257477918
36 0.000626243674506049
37 0.000621152607879961
38 0.000616376229161445
39 0.000611878006435517
40 0.000607620008339809
41 0.000603565517513312
42 0.000599674806393379
43 0.000595892942534952
44 0.000592162348941802
45 0.000588426881068605
46 0.000584638299012921
47 0.000580775434971971
48 0.000576824148028084
49 0.000572770767186813
50 0.000568605187345735
51 0.00056432992698143
52 0.000559950600245061
53 0.000555472792255473
54 0.000550909127163673
55 0.000546300012890542
56 0.000541691558703072
57 0.000537124959691366
58 0.00053262652977787
59 0.000528218347768054
60 0.000523921753734889
61 0.000519755344842963
62 0.000515729012140406
63 0.000511850344923743
64 0.000508126736649036
65 0.00050456364566524
66 0.000501159420116498
67 0.000497910775542608
68 0.00049481458105285
69 0.000491864786676016
70 0.000489043355935292
71 0.000486329688205841
72 0.000483703676844007
73 0.000481149169490673
74 0.000478664289248019
75 0.000476250670857156
76 0.000473909927260316
77 0.000471648143203761
78 0.000469489184059272
79 0.000467460965177814
80 0.000465587967420695
81 0.00046388234825231
82 0.000462353229952005
83 0.000461009783655728
84 0.000459859830092461
85 0.000458905589060053
86 0.00045814806342287
87 0.000457588492417487
88 0.000457226629772044
89 0.000457055568759262
90 0.00045706692783535
91 0.00045725254966255
92 0.000457611639650364
93 0.000458172314176118
94 0.000458970260547302
95 0.000460041744214411
96 0.000461422127858044
97 0.000463141012620972
98 0.000465227412290477
99 0.000467711630079083
100 0.000470623684968998
101 0.000473988054798466
102 0.000477829131992446
103 0.000482173196246242
104 0.000487047053198801
105 0.000492473412014565
106 0.000498475555432681
107 0.000505077329053746
108 0.000512297985245278
109 0.000520157113973502
110 0.000528676390911929
111 0.000537877382511158
112 0.000547774458511442
113 0.00055838108145992
114 0.00056971194697078
115 0.000581780152915432
116 0.000594588355648566
117 0.00060813603740051
118 0.000622421864946602
119 0.000637440873613996
120 0.000653176116919973
121 0.00066960494341409
122 0.000686700900583961
123 0.00070442679709464
124 0.000722713543688227
125 0.00074147653266688
126 0.000760621053898383
127 0.000780049856815916
128 0.000799688810413383
129 0.000819465009956946
130 0.000839298890551849
131 0.000859123016302851
132 0.000878942105438008
133 0.00089878261035491
134 0.000918674598904704
135 0.000938651234483834
136 0.000958749303658175
137 0.000979009448131123
138 0.000999481418524403
139 0.00102024055637718
140 0.00104137393613643
141 0.00106297567432638
142 0.00108513264523321
143 0.00110787855299016
144 0.00113123383766948
145 0.00115521975894072
146 0.00117986861552908
147 0.00120525608019947
148 0.00123147392909789
149 0.00125862074778477
150 0.00128679557486645
151 0.00131607657709842
152 0.00134654007020272
153 0.00137826749437065
154 0.00141133110625139
155 0.00144574739952621
156 0.00148151632639174
157 0.00151861972041715
158 0.00155697212563457
159 0.00159646034791138
160 0.00163695682604591
161 0.00167829837287566
162 0.00172022055293145
163 0.00176241034496422
164 0.0018045246623667
165 0.00184615484447272
166 0.00188671479417687
167 0.00192553854124991
168 0.00196191879246964
169 0.00199517940117391
170 0.00202488879130879
171 0.00205068573481319
172 0.00207222142736405
173 0.00208920099758679
174 0.00210149903445869
175 0.00210905764083394
176 0.00211185138096549
177 0.00210986683620532
178 0.00210304143716176
179 0.00209132621519133
180 0.00207470790703232
181 0.00205324753140644
182 0.00202718934159668
183 0.00199684037099691
184 0.00196253776298694
185 0.00192467287852382
186 0.00188365297947116
187 0.00183988538085112
188 0.00179380804461761
189 0.00174598407287768
190 0.00169697751315663
191 0.00164731177277821
192 0.00159744828854608
193 0.00154773412578446
194 0.00149846526693416
195 0.00144990657036088
196 0.00140228283284881
197 0.00135575341728991
198 0.00131044717653664
199 0.00126647403572069
200 0.00122393478078594
201 0.00118294560655074
202 0.00114361042416996
203 0.00110601391484925
204 0.00107021273386976
205 0.00103620756467997
206 0.00100398253732504
207 0.000973512149573973
208 0.00094474622269165
209 0.000917630207190697
210 0.000892111555760309
211 0.000868133969210711
212 0.000845620941906314
213 0.000824495698525519
214 0.000804687084931462
215 0.000786122337663351
216 0.000768707381215551
217 0.000752348953653054
218 0.000736960975832658
219 0.000722472068955867
220 0.000708848405738991
221 0.000696066446488747
222 0.00068410434800839
223 0.000672941009053744
224 0.000662553324317511
225 0.000652919237620708
226 0.000644018679066008
227 0.000635832423711654
228 0.000628338867412945
229 0.000621517435174114
230 0.000615349615285186
231 0.000609827615771441
232 0.000604979948029616
233 0.00060084442711783
234 0.000597455372996462
235 0.000594831068461545
236 0.00059298772709003
237 0.000591944244405043
238 0.000591720010210947
239 0.000592327752187013
240 0.000593781228143038
241 0.000596097896134304
242 0.000599296214206716
243 0.000603387000631787
244 0.000608382029227821
245 0.000614296948040596
246 0.000621148332390116
247 0.000628944436791094
248 0.000637693696559036
249 0.000647407538191909
250 0.000658096914399739
251 0.000669761699547976
252 0.000682399636748924
253 0.000696009170270964
254 0.000710584949579684
255 0.000726104431353854
256 0.000742538337027443
257 0.000759853835041774
258 0.000778009973439964
259 0.000796944726843319
260 0.000816584339234656
261 0.000836857181686996
262 0.000857728471257705
263 0.000879170231692717
264 0.000901150413914106
265 0.000923627051138047
266 0.000946530207301273
267 0.000969776400371017
268 0.000993273542965552
269 0.00101690774202889
270 0.00104050192800402
271 0.00106385044079694
272 0.00108673168618756
273 0.00110893117372743
274 0.00113031302404613
275 0.00115076023546955
276 0.00117015403598885
277 0.00118838266415245
278 0.00120536706699288
279 0.00122103930097534
280 0.00123533525512807
281 0.00124818389165405
282 0.00125947329154495
283 0.00126908355520536
284 0.00127692476750089
285 0.00128301656319253
286 0.00128741287928708
287 0.00129017565594459
288 0.00129139685783893
289 0.00129126632305117
290 0.00129000139139569
291 0.0012878219559744
292 0.00128493418909679
293 0.00128148585699843
294 0.00127760960259654
295 0.00127343704341437
296 0.00126908315827311
297 0.00126460074124121
298 0.00126002678051052
299 0.0012553977748245
300 0.00125075842068333
301 0.00124618747034281
302 0.00124177117825574
303 0.00123759460578372
304 0.00123373577630702
305 0.00123024806008081
306 0.00122717854355645
307 0.0012245742053534
308 0.00122247004928201
309 0.00122085329705264
310 0.00121969980070958
311 0.00121897712006432
312 0.00121861769646374
313 0.00121854550070013
314 0.00121868476471731
315 0.00121894594578744
316 0.00121918394970132
317 0.00121923969776011
318 0.00121895413708276
319 0.00121816326250128
320 0.00121668275746894
321 0.00121432489122508
322 0.001210905057887
323 0.00120627525235957
324 0.00120042050946921
325 0.00119336173519519
326 0.00118512338878017
327 0.00117571984624033
328 0.00116511572002939
329 0.00115326824031296
330 0.00114014157395136
331 0.00112571754577829
332 0.00111002544411143
333 0.00109310988863511
334 0.0010750522930748
335 0.00105606219652321
336 0.00103637219700727
