1 0.0104965320998688
2 0.00709480891438247
3 0.00478114813103471
4 0.0032736595135195
5 0.00229504149394867
6 0.00165536720757991
7 0.00123482590030007
8 0.00095933033200011
9 0.000782012961699663
10 0.000673856671316462
11 0.000618895990512314
12 0.000612953913368642
13 0.000662867339712565
14 0.000792565681961691
15 0.00105380069633941
16 0.00152570872622335
17 0.00233949936098227
18 0.00369513514648731
19 0.00582717774611454
20 0.00877815815972837
21 0.0120520382824333
22 0.0143998740242524
23 0.01459276654718
24 0.0132459100758665
25 0.0116014564087259
26 0.0105657664124016
27 0.0106222796449153
28 0.0117731409727875
29 0.0141452354518929
30 0.0180501238481198
31 0.023643215389999
32 0.030633440270835
33 0.037865611656055
34 0.0434756807152852
35 0.04668224546902
36 0.0475639360458138
37 0.046637350695802
38 0.0445914312842135
39 0.0420171882626702
40 0.0394101068008487
41 0.0371694407640403
42 0.0355269862415024
43 0.0343548934788335
44 0.0334726544860996
45 0.0327239036482168
46 0.0318799406162553
47 0.0303997519148426
48 0.0277902165178139
49 0.023846275120255
50 0.0188846363027969
51 0.0138212009691843
52 0.00940701209335153
53 0.00599412646616713
54 0.00362651223498301
55 0.0021741051991582
56 0.00135765220295328
57 0.000921349883025424
58 0.000687865218848588
59 0.000567591115556157
60 0.000520008793278532
61 0.000531702759009282
62 0.000611352386830911
63 0.000796911450307534
64 0.00118721416175099
65 0.00200833969991046
66 0.00361761386454276
67 0.006413449151706
68 0.0103477395500869
69 0.0142992951741864
70 0.0170150456424017
71 0.0178093598624861
72 0.0167370020962294
73 0.0145383818162525
74 0.0124587144280823
75 0.0113506194198159
76 0.0118500865102354
77 0.014800146700744
78 0.0203468902087758
79 0.027477974231073
80 0.0333749819015226
81 0.0366536298393929
82 0.0374130892236887
83 0.0364557270527857
84 0.0348098269219762
85 0.0333887432121166
86 0.0329708833171057
87 0.0343522599789864
88 0.0382291211829553
89 0.0438420902681113
90 0.0494275974052535
91 0.0523103624766555
92 0.0501394796273774
93 0.0436712266439292
94 0.0350007530132344
95 0.0261412857430364
96 0.0184169123543586
97 0.0123349842599167
98 0.00790929376279244
99 0.00489069457378141
100 0.00294725588169508
101 0.00177181036962654
102 0.00109114536679861
103 0.000706796784180885
104 0.000492586672065559
105 0.000372200902118381
106 0.000306107564083837
107 0.000274882833218579
108 0.000269601875009262
109 0.00028867564384065
110 0.000337300190686663
111 0.000429300470645029
112 0.000590909069059359
113 0.000872119324339655
114 0.00136832353117595
115 0.0022485499006119
116 0.00371961815415811
117 0.00591699935091334
118 0.00864926772428081
119 0.011249996367581
120 0.0132656038863813
121 0.0146280096210026
122 0.0155554414801849
123 0.0163963301743414
124 0.0173891863367965
125 0.018776312830661
126 0.0208848600344792
127 0.0240533422984676
128 0.0280991994157221
129 0.032417270968022
130 0.0359756729912426
131 0.0377931431910492
132 0.0384685984602957
133 0.0392085612050121
134 0.0410015198377923
135 0.0435709431425161
136 0.0462141144938549
137 0.0480633667483776
138 0.0482703322093869
139 0.0465416220499808
140 0.0429236127033392
141 0.0377158511152862
142 0.0314549428270599
143 0.0248458716101585
144 0.0185566543526641
145 0.0130854062734905
146 0.008745681402681
147 0.00567795090425722
148 0.00369000823436199
149 0.0024739724328522
150 0.00175626415815692
151 0.00133275273795592
152 0.00108690389547993
153 0.000957651186306349
154 0.00091149167118986
155 0.000917224161540818
156 0.000949937287479123
157 0.000995125100481297
158 0.00107666680921813
159 0.00124024047853491
160 0.00156796215012612
161 0.00220973314121304
162 0.00332463114833577
163 0.00503964162408279
164 0.00726533139646614
165 0.00950333091445862
166 0.0112099232693392
167 0.0119718234085272
168 0.0116189305061367
169 0.0103795074854082
170 0.00897417809806317
171 0.00797270461970551
172 0.00772842522450609
173 0.00853100379600973
174 0.0104410495221346
175 0.013556779071878
176 0.017869626288728
177 0.0230418764989107
178 0.0287573837775865
179 0.0346031903159225
180 0.039995028291231
181 0.0443509864987239
182 0.0475815641989243
183 0.0499103554115456
184 0.0516062684185591
185 0.0525584001534172
186 0.0525661760006377
187 0.0514720040325546
188 0.0491606668402365
189 0.0455129669489905
190 0.0405572879065782
191 0.0345355678283606
192 0.027892506732884
193 0.0212051905072819
194 0.0150606852189585
195 0.00991907791540654
196 0.00605844573016509
197 0.00353486713457249
198 0.00204503378695278
199 0.00121776628389045
200 0.00077075279400689
201 0.000524499207877476
202 0.000386168887782463
203 0.000309539652408607
204 0.000271448329111581
205 0.000260337155117687
206 0.000272607308954379
207 0.000311352338395244
208 0.000388504004271087
209 0.000530843084936391
210 0.000796066309888437
211 0.00130099448266054
212 0.00221685385218445
213 0.00373326843588043
214 0.00589049017053373
215 0.00834795530500768
216 0.0106358604043123
217 0.0123248364010246
218 0.0131398664298022
219 0.0130924684457789
220 0.0126053218523661
221 0.0121785564630512
222 0.0122624437514369
223 0.0132292666258858
224 0.015099450176023
225 0.0178216170275646
226 0.0212629263672562
227 0.0251608287737557
228 0.0293850639986916
229 0.0338253757925327
230 0.038327294501934
231 0.0425944784648223
232 0.0458305299567745
233 0.0470241302639689
234 0.0455963732328233
235 0.0424485644702924
236 0.0387907871426024
237 0.0355840745410358
238 0.033119070074671
239 0.0301248329633658
240 0.025471358847614
241 0.0190224093393071
242 0.012139189679256
243 0.00691951080926371
244 0.0037619639403587
245 0.0020850824048751
246 0.00124660167182944
247 0.000816618275651669
248 0.000589223611736837
249 0.000470700499452236
250 0.000417863113595363
251 0.000411526236365347
252 0.000448215776435329
253 0.000538206444430603
254 0.000708266972147807
255 0.00100401175576916
256 0.00150259960514572
257 0.0023268018299422
258 0.003638591269203
259 0.0055170193630455
260 0.00775801254878829
261 0.00979993005405401
262 0.0113095031071413
263 0.0122718860234616
264 0.0128834522621075
265 0.0133719676506932
266 0.0136433276293415
267 0.0135133805106692
268 0.0128312318205613
269 0.0116459000638521
270 0.0104750591310618
271 0.00977710048695532
272 0.00991669102754402
273 0.0112699365343723
274 0.013911386948605
275 0.0178042808338176
276 0.0225604857375186
277 0.0272959038698686
278 0.0315578349216792
279 0.035208037531878
280 0.0382729319357538
281 0.04074431016236
282 0.0419467124720223
283 0.04105691952716
284 0.0378048062710668
285 0.0332849906584259
286 0.0286809492098861
287 0.024767187694534
288 0.0217237178411359
289 0.0187977500450113
290 0.0154142267122219
291 0.0114997302069406
292 0.00760768835743658
293 0.00463015135560511
294 0.00273420677735941
295 0.00165297182516978
296 0.00107131150445146
297 0.000756036757326339
298 0.000585535709207118
299 0.000501563685094771
300 0.000478032974478671
301 0.000506367408834776
302 0.000594417540715348
303 0.000771024538669355
304 0.00109777463092304
305 0.00167927711316879
306 0.00269128432869868
307 0.00440601626409802
308 0.00715168576949738
309 0.0109728441515321
310 0.0151158453612863
311 0.0180154665331575
312 0.0188815355277685
313 0.017911277387288
314 0.0158197277408397
315 0.0134319701363454
316 0.0114937669049163
317 0.0104344523783028
318 0.0105805767161423
319 0.0123786223435253
320 0.0160085794961229
321 0.021517708223607
322 0.0282840130808722
323 0.0346855597371898
324 0.0398236051959287
325 0.0434813697398813
326 0.0458396348404564
327 0.0472412099155929
328 0.047689114850769
329 0.0471277927765806
330 0.0455624043381185
331 0.0429670992343396
332 0.039059053775636
333 0.0337393514827167
334 0.0273887476729939
335 0.0209656560812617
336 0.0152458982529048
