1 0.000999780643286518
2 0.00101422202829905
3 0.00102898664289647
4 0.00104416439999428
5 0.00105982936893933
6 0.00107605450398336
7 0.00109291101976212
8 0.0011104501513841
9 0.00112871996093602
10 0.00114777130996587
11 0.00116765005555858
12 0.0011883720677832
13 0.0012099454268579
14 0.00123237809487667
15 0.00125566861064936
16 0.00127977694390643
17 0.00130464938797577
18 0.00133022698046689
19 0.00135643532759981
20 0.00138315343630968
21 0.00141023979734836
22 0.00143754128832633
23 0.0014648771285187
24 0.00149198921284701
25 0.0015185854276597
26 0.00154435552894625
27 0.00156898417055043
28 0.00159218936448196
29 0.00161369207711
30 0.00163322484202425
31 0.00165058865063178
32 0.00166560555600866
33 0.00167810354544306
34 0.00168792689674849
35 0.00169496351241733
36 0.00169912217212696
37 0.00170032554906337
38 0.00169855619443215
39 0.00169399110670463
40 0.00168686436044261
41 0.00167741873128844
42 0.00166591864812852
43 0.00165269484888252
44 0.00163809082718512
45 0.00162244336587708
46 0.00160608555675868
47 0.00158936079336584
48 0.00157260477074494
49 0.00155613957734989
50 0.00154025496919673
51 0.00152515378644351
52 0.00151101262143608
53 0.00149800227508564
54 0.00148627926373381
55 0.00147595852629975
56 0.00146714504480272
57 0.00145993373416872
58 0.00145437740183702
59 0.00145052200127347
60 0.00144841861123211
61 0.00144811218877115
62 0.00144960640801115
63 0.00145289968623812
64 0.00145799708479855
65 0.00146489525993429
66 0.00147353666959771
67 0.00148385301141912
68 0.00149577916655803
69 0.00150925810505723
70 0.00152425793703559
71 0.0015407545921962
72 0.00155872563842755
73 0.00157814096159936
74 0.00159893477568222
75 0.00162102996523071
76 0.0016443458809225
77 0.00166878228587001
78 0.00169417103753155
79 0.00172031756743663
80 0.00174699983110908
81 0.00177392135050572
82 0.00180075175531445
83 0.00182714098108455
84 0.00185272697372713
85 0.00187715921434615
86 0.00190008035425199
87 0.00192112160942243
88 0.00193994595228313
89 0.0019563749866396
90 0.00197027602032363
91 0.00198152401133274
92 0.00199002619579295
93 0.00199579392623078
94 0.001998873919896
95 0.00199932435155779
96 0.00199726095327259
97 0.0019929961427738
98 0.00198689442931239
99 0.00197932180681707
100 0.00197063957022966
101 0.0019611924884095
102 0.00195131700911016
103 0.0019413434886609
104 0.00193157224984497
105 0.00192220409059499
106 0.00191341275830986
107 0.00190535247547491
108 0.00189810905751702
109 0.00189175130279359
110 0.00188634813145282
111 0.00188194772502389
112 0.0018785145630989
113 0.00187599370254506
114 0.00187433184341335
115 0.0018734546295506
116 0.00187319907000445
117 0.00187338054519194
118 0.00187381477354586
119 0.00187430531679871
120 0.00187460693659368
121 0.00187446211977837
122 0.00187361366383038
123 0.00187180352913966
124 0.00186876819473696
125 0.00186424602788108
126 0.00185798113832452
127 0.00184975796360318
128 0.0018394993750557
129 0.00182716895336696
130 0.00181273900446939
131 0.00179623068658655
132 0.00177782997271143
133 0.00175776253938233
134 0.00173623709663419
135 0.00171340183870735
136 0.00168938918741431
137 0.00166432980230478
138 0.00163838021322682
139 0.00161180351892847
140 0.00158487713409629
141 0.00155786275789375
142 0.00153101097281225
143 0.0015045754967065
144 0.00147879753145762
145 0.00145390150117452
146 0.00143008489927965
147 0.00140748710151541
148 0.00138622758396926
149 0.00136641904184325
150 0.00134815752086831
151 0.0013314911479385
152 0.00131645720587145
153 0.00130309456155897
154 0.00129143614603444
155 0.00128148527267965
156 0.00127324219639838
157 0.0012667048695186
158 0.00126184541137196
159 0.00125863466542464
160 0.00125705006133245
161 0.00125706590772722
162 0.00125862464074925
163 0.00126166470093822
164 0.00126612926725731
165 0.0012719558965382
166 0.00127904649048453
167 0.00128729460445464
168 0.00129659390988176
169 0.0013068283688092
170 0.00131784426825868
171 0.00132947470165863
172 0.00134154732576757
173 0.00135386865826311
174 0.0013661775339773
175 0.00137818798646945
176 0.0013896042961783
177 0.00140013225539725
178 0.00140951227100958
179 0.00141749134335634
180 0.00142381508523544
181 0.00142825906637188
182 0.0014307184273137
183 0.00143112452900563
184 0.00142946719680321
185 0.00142594416462628
186 0.00142080867340265
187 0.00141431655502752
188 0.00140671673012214
189 0.00139822863333856
190 0.0013890619500442
191 0.00137942247659324
192 0.00136949903694691
193 0.00135942689877153
194 0.00134932554168934
195 0.0013393110108434
196 0.0013294859365121
197 0.00131991021552614
198 0.00131063216820847
199 0.00130169879719592
200 0.00129314551403665
201 0.00128496561326069
202 0.00127714244032323
203 0.00126965989070157
204 0.00126249509544364
205 0.00125559686679804
206 0.00124890801987526
207 0.00124236286716262
208 0.00123585825160524
209 0.00122928350039742
210 0.00122253030660018
211 0.00121549266992521
212 0.00120806660074352
213 0.0012001509348811
214 0.00119164788480825
215 0.00118247336911103
216 0.00117258649215555
217 0.00116195919639869
218 0.00115056647451675
219 0.00113839626008856
220 0.00112547776235268
221 0.00111185097641526
222 0.00109755664155127
223 0.00108265239524462
224 0.00106725972698569
225 0.00105151138491556
226 0.0010355341169006
227 0.00101944044752273
228 0.00100330582202662
229 0.000987193927945461
230 0.000971164815988344
231 0.000955270677848194
232 0.000939543721713296
233 0.000924009956139647
234 0.000908702312206021
235 0.000893685598624839
236 0.000879028586974562
237 0.00086479530444906
238 0.000851040885977077
239 0.00083779909153356
240 0.000825096992658323
241 0.000812959825738089
242 0.00080140746468872
243 0.000790443762808385
244 0.000780068778173429
245 0.000770282747518166
246 0.000761082705011238
247 0.000752452477659132
248 0.000744373657450877
249 0.00073682909025962
250 0.000729799744672634
251 0.000723255665237472
252 0.000717165460751572
253 0.000711499273394538
254 0.000706225397271166
255 0.000701300622891029
256 0.000696680088137597
257 0.000692320369272886
258 0.000688177900575696
259 0.000684204653465844
260 0.000680352379352358
261 0.000676568780142424
262 0.000672782180901065
263 0.000668917398930112
264 0.000664901010820746
265 0.00066066961461828
266 0.000656193997045946
267 0.000651454127838681
268 0.00064643101033939
269 0.00064112592292488
270 0.00063561663187082
271 0.0006299975321377
272 0.000624359961557199
273 0.000618786546267394
274 0.000613334940436802
275 0.000608055300993151
276 0.00060299607394603
277 0.00059820284803914
278 0.000593714705050769
279 0.000589568501670184
280 0.000585800420263234
281 0.00058244424787469
282 0.000579525829258479
283 0.000577069343212871
284 0.000575097944866418
285 0.000573629347752409
286 0.000572680760622104
287 0.000572270629119494
288 0.000572416813624061
289 0.000573130751214329
290 0.000574423589615292
291 0.000576308293552052
292 0.000578797825549942
293 0.000581899393655701
294 0.00058562018138609
295 0.000589969288230169
296 0.00059495569273671
297 0.000600581927856871
298 0.000606850009732286
299 0.000613763400489086
300 0.000621324729166635
301 0.000629528864827433
302 0.000638369013334505
303 0.000647838678909
304 0.000657928874093511
305 0.000668619802508359
306 0.000679887796440984
307 0.000691707503186494
308 0.000704049161001838
309 0.000716870735058379
310 0.0007301241546744
311 0.000743765110656021
312 0.000757777468126643
313 0.000772151540005349
314 0.000786876425065506
315 0.000801936116635514
316 0.000817297419697272
317 0.000832920223833061
318 0.00084876101194444
319 0.000864768425835732
320 0.000880869614002527
321 0.000896981927253346
322 0.000913017023143011
323 0.000928876263378772
324 0.000944436286086063
325 0.000959562144841335
326 0.000974112296746403
327 0.000987980492042042
328 0.00100122462400252
329 0.00101395101491615
330 0.00102627373243634
331 0.00103832085630009
332 0.00105025515203178
333 0.00106225441966512
334 0.00107449573409674
335 0.00108712769728196
336 0.00110029660061451
