1 0.00695681547230879
2 0.00634821265606017
3 0.0058591395530324
4 0.00547801601139353
5 0.00519769964518554
6 0.00501440330139659
7 0.00492713148793771
8 0.0049361256429726
9 0.00504626216952994
10 0.00526885840630964
11 0.00562197590694487
12 0.00612807298675218
13 0.0068194259704237
14 0.00774249274666248
15 0.00895873391594011
16 0.0105343548221915
17 0.0125467827051898
18 0.0150862547335174
19 0.018243619155129
20 0.0220636824593677
21 0.026525477259141
22 0.0315129854213693
23 0.0367983034906081
24 0.042088881392366
25 0.0470146044213747
26 0.0511423519761833
27 0.0540764332000148
28 0.0556936162575704
29 0.0560326990820666
30 0.0552187527353067
31 0.0534152828968911
32 0.0508195090894632
33 0.0476459024525299
34 0.0440959754327189
35 0.040319293773987
36 0.0364449440484417
37 0.0325873765597409
38 0.028850062004966
39 0.025338698609679
40 0.0221281832688161
41 0.0192588533735093
42 0.0167431396190915
43 0.0145720518167233
44 0.0127241724232442
45 0.0111715581567683
46 0.00988127541584136
47 0.00881291415096656
48 0.00793068640154848
49 0.00720545020856347
50 0.00661430673413084
51 0.00614129160407948
52 0.0057744017121895
53 0.00550483668468794
54 0.00532732870613828
55 0.00524107636560562
56 0.00524945990955878
57 0.00535940729453082
58 0.00557838379595645
59 0.00591913009644169
60 0.00640221389213819
61 0.00705557375442915
62 0.00790774540702389
63 0.0089933638309475
64 0.0103554253981742
65 0.0120416067765728
66 0.0140879885703807
67 0.0165163645117511
68 0.0193260619875294
69 0.0224859559281095
70 0.0259419986877769
71 0.0296020403807438
72 0.0333265125911063
73 0.0369405152464518
74 0.0402870290772927
75 0.0432148972911145
76 0.0455787528176827
77 0.0472702213593944
78 0.0482928397018721
79 0.0487070846742993
80 0.0485819351631373
81 0.0479283261507714
82 0.0467547586353028
83 0.0450867271073863
84 0.0429569557441252
85 0.0403805374689355
86 0.0373896503590466
87 0.0340444017699566
88 0.0304557881883473
89 0.0268317281402803
90 0.0233551453832149
91 0.0201511055376488
92 0.0172925949051527
93 0.0148113398130094
94 0.0127073481605007
95 0.0109598436517962
96 0.0095359033402663
97 0.00839568463586615
98 0.00750181477877752
99 0.00682289810789613
100 0.00633265279363004
101 0.00600523274878698
102 0.00582315943295156
103 0.00577863437257729
104 0.00587243479073152
105 0.0061119732775179
106 0.00651469120988745
107 0.00710940799975871
108 0.00793398020348877
109 0.00904180194854573
110 0.0105076026086469
111 0.0124274334414824
112 0.0148982065924116
113 0.0180210353641868
114 0.0218946048710648
115 0.0265883259644839
116 0.0320764839334532
117 0.0382017530491677
118 0.0446392280907259
119 0.050923927531073
120 0.0566545829248073
121 0.0614628219952251
122 0.0650126932166027
123 0.0670661457805743
124 0.0676058863791432
125 0.0667489868813628
126 0.0646915145478859
127 0.0616567911211382
128 0.0578118042528794
129 0.0533288442465774
130 0.0483970688358749
131 0.0432258579104046
132 0.0380651646891548
133 0.0331243072089309
134 0.0285559093098009
135 0.0244714378006524
136 0.0209237919662104
137 0.0179169219080871
138 0.0154169102835942
139 0.0133547991603859
140 0.011662867410759
141 0.0102829694259838
142 0.00916416143049809
143 0.00825753246221158
144 0.00752335198295656
145 0.00693093950845974
146 0.00645729167257448
147 0.00608725805408988
148 0.00581011554960565
149 0.00561845416522453
150 0.0055083700055955
151 0.00548055460687747
152 0.00553949012629524
153 0.00569384776983279
154 0.0059569867280802
155 0.00634630206252062
156 0.00688687962874144
157 0.00761281409932003
158 0.00856312046683779
159 0.00978822563428041
160 0.0113546745639799
161 0.0133435331684516
162 0.0158306723342647
163 0.0188880834702985
164 0.0225770916843412
165 0.0269184477327674
166 0.0318086872215065
167 0.0369993767478357
168 0.0420832575443854
169 0.0465620684693436
170 0.0501141391855031
171 0.052531833110441
172 0.0536919186750957
173 0.0535986174416422
174 0.0524812548612746
175 0.050649498918391
176 0.0484150039676628
177 0.0460159518057016
178 0.043482338666941
179 0.0408042890153902
180 0.0379834396725065
181 0.0350464137697608
182 0.0320753778412263
183 0.0291519144792841
184 0.0263419903706944
185 0.023699281906243
186 0.0212606699438089
187 0.0190471956909636
188 0.0170629449219266
189 0.0152890199191299
190 0.0137036058748384
191 0.0122869879169345
192 0.0110248186746409
193 0.00991549347999186
194 0.0089559735078464
195 0.00813967579099664
196 0.00745870349175026
197 0.00690634471382929
198 0.00647669573496913
199 0.00616552383831324
200 0.00597019142748511
201 0.00588709038145085
202 0.00591695338785994
203 0.00606692461408435
204 0.00635039746542525
205 0.00678417121247709
206 0.00739363139120979
207 0.00821318720500745
208 0.0092770030262924
209 0.0106248441298595
210 0.0123035340212632
211 0.014360406185928
212 0.0168203879572699
213 0.019679637558164
214 0.0228932470582529
215 0.0263699435254166
216 0.0300032720841435
217 0.0336535954241419
218 0.0371417461242776
219 0.0402639767327791
220 0.0428310910110947
221 0.0446710142248396
222 0.0456394206851592
223 0.0456594258459047
224 0.0448024604356406
225 0.0432079721701306
226 0.0410406403776834
227 0.0384695529250639
228 0.0356468196502859
229 0.0327076986268875
230 0.0297672949628859
231 0.0269133630853371
232 0.0241968001720708
233 0.0216506599542703
234 0.0192968086258151
235 0.0171485213580297
236 0.0152102123330209
237 0.013478918728396
238 0.0119484739303429
239 0.010615920538615
240 0.00947379905208797
241 0.00851034655237411
242 0.00771256208519713
243 0.00706957602235916
244 0.00657175997513455
245 0.00621173591062477
246 0.00598389733236055
247 0.00588012480838232
248 0.00589736138461948
249 0.00603993141875683
250 0.00631848418292717
251 0.00674514943949357
252 0.00733885371690616
253 0.00812791040562179
254 0.00914844009821677
255 0.010433759994786
256 0.0120176355133726
257 0.0139328691932545
258 0.0162064474367814
259 0.0188552323814478
260 0.021876279114931
261 0.0252375157207089
262 0.028872418783062
263 0.032670488274147
264 0.0364719801275151
265 0.0400752877313186
266 0.0432677058951675
267 0.0458298463119103
268 0.0475504441139512
269 0.0482718957196768
270 0.0479802103640182
271 0.04674396499617
272 0.0446815590621934
273 0.0419460030189832
274 0.0387075206402431
275 0.035141209841559
276 0.031414709538898
277 0.0276893847341716
278 0.0241362469758092
279 0.0208796407326002
280 0.017989476051931
281 0.0154879569740638
282 0.0133534122221375
283 0.0115513285210834
284 0.010042900299622
285 0.0087846201741698
286 0.00773741192825909
287 0.00686826150102512
288 0.00615035491709879
289 0.00556423187139886
290 0.00509409385555295
291 0.004727037493476
292 0.00445289730514255
293 0.00426356339166454
294 0.00415423704733505
295 0.00412390602227334
296 0.00417483996008172
297 0.00431043678167111
298 0.00453830528670164
299 0.00487186411198295
300 0.00533037385861
301 0.00593605655553282
302 0.00671779313294901
303 0.00771347046576865
304 0.0089682101985089
305 0.0105214441376716
306 0.0124072808843449
307 0.0146498031908578
308 0.0172516880804428
309 0.0201753724575313
310 0.0233308128486028
311 0.0265846232306069
312 0.0298324838521048
313 0.0329758936064748
314 0.0359123915188093
315 0.0385312048804563
316 0.0406847417241053
317 0.0422199376089118
318 0.04300105677813
319 0.0429431908000361
320 0.042078492005323
321 0.040498522511388
322 0.0383247906825978
323 0.035700588014269
324 0.0327891286266967
325 0.0297445137707044
326 0.0266981326231369
327 0.0237545988734724
328 0.0209918161105922
329 0.0184608363848432
330 0.0161892177733916
331 0.0141858295650467
332 0.0124457445946598
333 0.0109549396554888
334 0.00969228105962495
335 0.00862854091134331
336 0.007736186684238
