1 0.00371159636706764
2 0.00372426875609502
3 0.00373896291002906
4 0.00375526731470954
5 0.0037727444200089
6 0.00379094437261019
7 0.00380937978205163
8 0.00382743619117262
9 0.00384445809083851
10 0.00385977911610669
11 0.00387276510050761
12 0.00388294056148213
13 0.00388987169755025
14 0.00389312924841711
15 0.00389239196639164
16 0.00388774897981653
17 0.00387940030492986
18 0.0038675552792774
19 0.00385243795709329
20 0.00383430674706666
21 0.00381343046862812
22 0.00379007922726255
23 0.00376457137044207
24 0.00373741509277667
25 0.00370915573779799
26 0.00368032457887613
27 0.00365143282352386
28 0.00362295701064098
29 0.0035953542246243
30 0.00356904453577873
31 0.00354434383910705
32 0.00352153745525097
33 0.00350090523972122
34 0.00348270015758442
35 0.00346708162351967
36 0.00345418803290249
37 0.00344416135237771
38 0.0034371262744505
39 0.00343312543115274
40 0.00343218699232198
41 0.00343434718628912
42 0.00343962837603225
43 0.00344797222430321
44 0.0034593055904978
45 0.00347356200463599
46 0.00349065854104068
47 0.00351042684566075
48 0.0035326775897208
49 0.00355722115442658
50 0.00358384112243417
51 0.0036122161436784
52 0.00364199087878994
53 0.0036727990874523
54 0.00370424239158609
55 0.00373582812377487
56 0.00376702639995436
57 0.00379726256375262
58 0.00382583438498114
59 0.00385199348786299
60 0.00387497615229354
61 0.00389410041991763
62 0.00390905096884418
63 0.00391961376714583
64 0.00392558736021377
65 0.00392689217077681
66 0.00392389348207566
67 0.00391707732370226
68 0.00390693850380611
69 0.00389398600997774
70 0.0038787683003602
71 0.00386184003910723
72 0.00384374946753446
73 0.00382501981911853
74 0.00380609896540402
75 0.0037874097980962
76 0.003769366999023
77 0.00375235794557572
78 0.00373668556159925
79 0.00372262928620319
80 0.00371045791641241
81 0.00370040698397034
82 0.0036927046131501
83 0.00368758104948158
84 0.00368524218718245
85 0.00368578711543066
86 0.00368929348790109
87 0.00369584624094163
88 0.00370551317010315
89 0.00371826970912913
90 0.00373407313373703
91 0.00375288704772712
92 0.00377465453615766
93 0.00379921718107378
94 0.00382639092213349
95 0.00385599067382995
96 0.00388779949116599
97 0.00392147691527168
98 0.00395664218901303
99 0.00399290151597072
100 0.0040298221618051
101 0.00406685603262135
102 0.00410340976353769
103 0.00413886911390345
104 0.00417257948626286
105 0.00420378485411515
106 0.00423169106507778
107 0.00425553360677557
108 0.00427471242845227
109 0.00428867472938486
110 0.00429687926366218
111 0.00429894277042851
112 0.00429506551075196
113 0.00428561153024386
114 0.00427096437101061
115 0.00425155851866853
116 0.00422798151636555
117 0.00420085821703122
118 0.00417080910998305
119 0.00413847294932581
120 0.00410458274674724
121 0.00406987829897314
122 0.00403507655894049
123 0.00400083935528712
124 0.00396768144127927
125 0.00393606975661022
126 0.00390645702770467
127 0.00387925502852359
128 0.00385475209388551
129 0.00383320469497232
130 0.00381486877463847
131 0.00379997870584012
132 0.00378868040960027
133 0.00378110422520384
134 0.00377736720580264
135 0.00377750678514419
136 0.00378154956352312
137 0.00378953425652053
138 0.00380148403407596
139 0.00381732199986573
140 0.00383695323210224
141 0.00386029143819855
142 0.00388723016799796
143 0.00391755703796029
144 0.00395103204700716
145 0.00398741256302685
146 0.00402642014738914
147 0.00406764296007666
148 0.00411062215616247
149 0.00415487994872454
150 0.00419988867721864
151 0.00424497978281589
152 0.0042894261556516
153 0.00433247110484988
154 0.0043733256027662
155 0.00441115750279185
156 0.00444510931213367
157 0.00447436293460974
158 0.00449831169599277
159 0.00451641016372365
160 0.00452812717956485
161 0.00453314081707881
162 0.00453190968338
163 0.00452510686580749
164 0.00451342364125162
165 0.00449759158743199
166 0.00447846448092769
167 0.00445692052003316
168 0.00443382677849601
169 0.00440999727714702
170 0.00438607802995587
171 0.00436266367470344
172 0.00434033630771673
173 0.00431963208934043
174 0.00430094087553888
175 0.0042846136610095
176 0.004270999223131
177 0.00426041092641959
178 0.00425302363646161
179 0.00424898251264975
180 0.0042484397195137
181 0.00425152698441721
182 0.00425827047590717
183 0.00426867702463114
184 0.00428273369477251
185 0.00430031955890608
186 0.00432129072490938
187 0.00434550794194799
188 0.0043727984762245
189 0.00440284228175946
190 0.00443527734907619
191 0.00446973388001773
192 0.00450579532144147
193 0.00454288326127955
194 0.00458036275847295
195 0.0046175777822362
196 0.00465381811488916
197 0.00468821923857016
198 0.00471986035745082
199 0.00474780129265864
200 0.00477115625000532
201 0.00478930656310302
202 0.00480170909447846
203 0.00480783523446923
204 0.00480726119065021
205 0.00479992558898788
206 0.00478587926303333
207 0.00476523070872512
208 0.00473823357312811
209 0.00470519286059096
210 0.00466643160746242
211 0.00462233294626005
212 0.00457346901164423
213 0.00452045411081212
214 0.00446389336631582
215 0.00440440974561115
216 0.00434273141391124
217 0.00427958739377298
218 0.00421567225818706
219 0.0041516186716516
220 0.00408792273886336
221 0.00402502666748715
222 0.00396334585159188
223 0.00390324996192731
224 0.003845006885686
225 0.0037888482659414
226 0.00373499145638342
227 0.00368362505359755
228 0.00363486428947024
229 0.00358880326947781
230 0.00354553244699905
231 0.00350511735923383
232 0.00346753461525739
233 0.00343274286903073
234 0.00340068799513405
235 0.00337125117729452
236 0.0033443039127158
237 0.0033197253687024
238 0.00329738034325356
239 0.00327705556464562
240 0.00325852476156718
241 0.00324156913919128
242 0.00322595683177468
243 0.0032113842065032
244 0.00319753467286918
245 0.00318409752725392
246 0.00317075059076503
247 0.00315711007845769
248 0.00314278218745319
249 0.00312738067054491
250 0.00311058430832533
251 0.00309230493089521
252 0.00307251469218032
253 0.00305118930576688
254 0.00302839442642527
255 0.00300453892034793
256 0.0029801060473759
257 0.00295556473236434
258 0.00293135589955778
259 0.00290785409968433
260 0.00288540907510201
261 0.00286434702459016
262 0.0028449333135038
263 0.00282741484138354
264 0.00281203504300702
265 0.00279902046039139
266 0.00278853741902297
267 0.00278074058224906
268 0.00277578996958955
269 0.00277383830289436
270 0.00277498973214278
271 0.0027793443538299
272 0.00278701371431525
273 0.00279810750371322
274 0.00281269071770242
275 0.00283082712422774
276 0.00285259414235266
277 0.0028780673969108
278 0.00290727209505645
279 0.00294022888045387
280 0.00297696909455127
281 0.00301752029905328
282 0.00306186206564803
283 0.00310996445954145
284 0.0031617841798781
285 0.00321721238107288
286 0.00327611738837231
287 0.0033383579220954
288 0.00340376006326794
289 0.00347204970269696
290 0.00354290591348305
291 0.00361597770948488
292 0.00369085120475067
293 0.00376695209719069
294 0.00384362502822869
295 0.00392016090483104
296 0.0039957983105533
297 0.00406972998166441
298 0.0041411007482155
299 0.00420901016579679
300 0.00427253854983364
301 0.0043308170013551
302 0.00438298042822506
303 0.0044281580659055
304 0.0044656368514701
305 0.00449533820817641
306 0.00451738149071414
307 0.00453193132693721
308 0.00453929825975647
309 0.00454024790696614
310 0.00453568026611679
311 0.00452649074744887
312 0.00451349055813531
313 0.00449746976399414
314 0.00447921487507188
315 0.00445947384659285
316 0.00443886251549983
317 0.00441795629575771
318 0.00439732020198679
319 0.00437747092242219
320 0.00435876506312743
321 0.0043415160953243
322 0.00432603356527689
323 0.00431259011615573
324 0.00430132112573366
325 0.00429232949333629
326 0.00428572059720891
327 0.00428156708606991
328 0.00427980218267165
329 0.00428032744941493
330 0.00428304816726264
331 0.00428784441359872
332 0.004294484961571
333 0.00430271117956497
334 0.00431223265731395
335 0.00432263058923235
336 0.00433345096116913
