1 0.0346101625851611
2 0.0287196270432338
3 0.0238770050388569
4 0.0200074974084273
5 0.0169840792118972
6 0.0146776143919321
7 0.0129726611366011
8 0.0117666705952677
9 0.0109870582713442
10 0.0105937643247096
11 0.0105731769203557
12 0.010921077173746
13 0.0116641827567172
14 0.0128699815547853
15 0.014646859208146
16 0.0171212890906039
17 0.0204568749306639
18 0.024860916189865
19 0.0305660679449447
20 0.0377549475174457
21 0.046510089060418
22 0.0567365644899715
23 0.068144053293935
24 0.0804974037946038
25 0.0935390226636063
26 0.106946273148957
27 0.120168702325985
28 0.131787303923247
29 0.139939701620723
30 0.143085772990039
31 0.14139065065783
32 0.135766690476581
33 0.127340774508472
34 0.117364477453657
35 0.107299733662604
36 0.0983559497935299
37 0.0914055431533129
38 0.0868925558049855
39 0.0844124159194958
40 0.0834963385617256
41 0.0837789411659819
42 0.0847975766123632
43 0.0854910691391512
44 0.0846252210322493
45 0.0810630510604421
46 0.0743038387397026
47 0.0653723174949476
48 0.0555791678199862
49 0.0459877693070636
50 0.0373220991969102
51 0.029987919179095
52 0.0240942580123791
53 0.0195560974454412
54 0.0161822061184497
55 0.0137183172786902
56 0.0119590285380515
57 0.0107566407362382
58 0.0100023901626265
59 0.00963107099784561
60 0.00961763896995644
61 0.00997030535080238
62 0.0107162407147546
63 0.011919561054165
64 0.0136939716729516
65 0.0162064955473462
66 0.0196494082998609
67 0.0242547386564746
68 0.0302898472305197
69 0.0380137132654379
70 0.0475518408335098
71 0.058795557198419
72 0.0712851621024062
73 0.0842011742168096
74 0.0967041121054747
75 0.107906998541119
76 0.116904599368414
77 0.122971154018305
78 0.125962646462
79 0.126075329246838
80 0.123729062785899
81 0.119596957193332
82 0.114405784595935
83 0.10883231286906
84 0.103414861837601
85 0.0984065067564098
86 0.093968712603612
87 0.0902356621595822
88 0.0872175213253322
89 0.0845133179104537
90 0.0816676027333203
91 0.0782809226797356
92 0.0740646615827942
93 0.0689677195450645
94 0.0630496442437496
95 0.0564429636856401
96 0.0494188637910621
97 0.0425050676954202
98 0.0361288587205966
99 0.0305365342898016
100 0.0258204714376736
101 0.0219507475656777
102 0.0188506622025931
103 0.016430540675345
104 0.0146055398937177
105 0.0133096722198827
106 0.0124989723404447
107 0.0121489423328144
108 0.0122349624046822
109 0.0127681906714944
110 0.0138089060077891
111 0.0154604022945417
112 0.0178185974652726
113 0.0209978588342893
114 0.0251289309573283
115 0.0303410540324602
116 0.0367583664320841
117 0.0444523878872327
118 0.0533872384679185
119 0.0634039478244865
120 0.074339405526827
121 0.0859708167830171
122 0.0979860349902485
123 0.109903041950318
124 0.120760639861812
125 0.129333929887665
126 0.134343850669737
127 0.134926396291473
128 0.131627698366348
129 0.125516582096505
130 0.117722248903655
131 0.109358245242645
132 0.101611062471131
133 0.0954593078102309
134 0.0914224506641081
135 0.0889822422522235
136 0.0874850776867439
137 0.0863514140282237
138 0.0850767588077769
139 0.0833354586071874
140 0.0808683888453927
141 0.0774617305310729
142 0.0730023515400915
143 0.0675804712281406
144 0.061375407291045
145 0.054612329663479
146 0.047613926388102
147 0.040905917443307
148 0.0348823900363289
149 0.0297469541654524
150 0.02555391987013
151 0.0222459272824834
152 0.0197368946054997
153 0.0179471549674806
154 0.0168110485529177
155 0.0162652387276385
156 0.0162893968882579
157 0.0169037234525636
158 0.0181212519940946
159 0.0199877020897275
160 0.0225905865734552
161 0.0260439948457208
162 0.0304373813847088
163 0.0358230701763074
164 0.0421832665674385
165 0.0494208665403724
166 0.0574784887584286
167 0.0662732962899683
168 0.0756578566837645
169 0.085395293325664
170 0.0950863790264471
171 0.10420974182346
172 0.112164189854057
173 0.118337051908725
174 0.122240172414309
175 0.123503212262906
176 0.121893470797709
177 0.117486650444721
178 0.111043108168609
179 0.103462008350737
180 0.0955446206575216
181 0.0878629149266231
182 0.0805554137761164
183 0.073655689359052
184 0.067241552724366
185 0.0615668031384006
186 0.0568454979495651
187 0.0532209284169637
188 0.0507017764893372
189 0.0489157931482874
190 0.0474636652424714
191 0.0459976644787261
192 0.0442281314152778
193 0.041979018360547
194 0.0391439128829163
195 0.035685339256139
196 0.0317299235348979
197 0.0277314118102948
198 0.0240736605744186
199 0.0209795791788186
200 0.0185271528680717
201 0.0166447950468073
202 0.0152510848752254
203 0.0142876071191328
204 0.013718817862775
205 0.0135324841072464
206 0.0137443168236439
207 0.0143892424310972
208 0.0154762183694981
209 0.0170237139777536
210 0.0190655609603305
211 0.0216512871748125
212 0.0248747207246115
213 0.0288574707199956
214 0.0337410403258131
215 0.0396641577634119
216 0.0466682995448595
217 0.0546873697507337
218 0.0635202911578111
219 0.072807895100033
220 0.0820672667947044
221 0.0906836334361523
222 0.0979394228377332
223 0.103185894226347
224 0.106265160977757
225 0.107275078618176
226 0.106440011648556
227 0.104082870701389
228 0.100622278407393
229 0.0964893138064315
230 0.0920835284456137
231 0.087664900795621
232 0.0831080358009831
233 0.0782341165646212
234 0.0729422428064935
235 0.0672812457498859
236 0.0613467700143002
237 0.0552481429539562
238 0.0491304812695873
239 0.0432243000162647
240 0.0377185220174151
241 0.0327318458015591
242 0.0283266717832629
243 0.0245293119276448
244 0.0213288036577652
245 0.018688576735161
246 0.0165553010338931
247 0.0148590899546804
248 0.013538145653699
249 0.0125443789932209
250 0.011843274592343
251 0.0114142950692529
252 0.0112512640545466
253 0.0113642684421905
254 0.0117759282537852
255 0.0125015409238114
256 0.013569385548247
257 0.0150275993747466
258 0.0169477615782059
259 0.0194374384148812
260 0.0226427374110349
261 0.0267412330792746
262 0.0318879264999369
263 0.0382168915923646
264 0.0458221196197537
265 0.0546951996278837
266 0.0645814782327461
267 0.0749430555325428
268 0.0849472469612127
269 0.093650505307667
270 0.100628658995166
271 0.105754554995683
272 0.109062469380502
273 0.110676914845475
274 0.110654987268374
275 0.109081041083794
276 0.106094622859089
277 0.101898991018848
278 0.0968027782090236
279 0.0911276707266145
280 0.0851680096719022
281 0.0791450038455981
282 0.0731182425331127
283 0.0671169607673264
284 0.061174778966628
285 0.0553228524280741
286 0.0495982899888243
287 0.044044752111752
288 0.0387307444464361
289 0.0337885829650016
290 0.0293167185608667
291 0.0253626120527808
292 0.0219436343290075
293 0.0190770491166501
294 0.0167515003668992
295 0.0149347055531688
296 0.0135826485270569
297 0.0126352766360395
298 0.0120486095470392
299 0.011802383474396
300 0.0118967686188978
301 0.0123413211401786
302 0.0131713199156822
303 0.0144569930039572
304 0.0162992849900565
305 0.0187880402703478
306 0.022020234105166
307 0.0260970788122424
308 0.0311109188947859
309 0.0371513158038221
310 0.0442688043654066
311 0.052432771076551
312 0.0614780570464899
313 0.0710757016764894
314 0.0807174126442454
315 0.0897736187333614
316 0.0977158382529777
317 0.104076999654951
318 0.108450388692964
319 0.110644434946907
320 0.111071041236241
321 0.110360048265413
322 0.109172284645166
323 0.108017500842051
324 0.106831624986556
325 0.10541570412443
326 0.103581135599494
327 0.101136561722359
328 0.097844847507974
329 0.0935005427007937
330 0.0879716074069071
331 0.0812599450756448
332 0.0736059438036903
333 0.0653321455114253
334 0.0568213281805545
335 0.048570729096053
336 0.0409660142145963
