1 0.0250019683918057
2 0.0230781478738873
3 0.0214445811181153
4 0.0202206458571447
5 0.0192698676726577
6 0.0184285446742437
7 0.0175714128005776
8 0.0166360851961189
9 0.0155850596539648
10 0.0143964620436643
11 0.0130964489067921
12 0.0118257958128535
13 0.0107084625374065
14 0.00982435869501578
15 0.00921569589644352
16 0.00887857918764959
17 0.00881418088080935
18 0.00904618295665431
19 0.00961713241558363
20 0.0105568419709319
21 0.0119116804845474
22 0.013752883285466
23 0.0161495107210314
24 0.0190550490659365
25 0.0222883219211282
26 0.0255016233813926
27 0.0282542049767888
28 0.0303747230196353
29 0.0318440410746039
30 0.0327040203811622
31 0.0329991681846922
32 0.0327959990472807
33 0.0321833707658824
34 0.031282867535069
35 0.0302983725319198
36 0.0294342437016003
37 0.0288735538047613
38 0.0287431866390159
39 0.0289889654462154
40 0.0295216302240415
41 0.0302553968293006
42 0.0310850400025954
43 0.0318316908473047
44 0.0322844409520822
45 0.0322270237920245
46 0.0315075585757683
47 0.030192163851443
48 0.028417090314098
49 0.0263262190963334
50 0.0240647905326719
51 0.0217867979731095
52 0.0196161252657125
53 0.0176380217671616
54 0.0158999830210054
55 0.0144091050142897
56 0.0131591606830398
57 0.0121242594796171
58 0.0112228762420735
59 0.0103795250323885
60 0.00953825413724855
61 0.00868714658703583
62 0.00791687158741294
63 0.00731100666405807
64 0.00692847523643535
65 0.00680827241116978
66 0.00694559388823975
67 0.00734830613200464
68 0.00805359415499622
69 0.00912341618541885
70 0.0106136058109227
71 0.0125837180399455
72 0.0150903462117591
73 0.0181546508183446
74 0.0216831324323267
75 0.0254303338178312
76 0.0289740418159214
77 0.0317822648116486
78 0.0334764536309065
79 0.0338203134870439
80 0.032804081455594
81 0.0308553456738233
82 0.0284913369177314
83 0.0261481288191519
84 0.0241289352187645
85 0.022568236677761
86 0.0215492442519347
87 0.0211569671429995
88 0.0214591257113296
89 0.0223742244151118
90 0.0238034411264559
91 0.0256486929335095
92 0.0277679000908584
93 0.0298905091472457
94 0.0316420617995633
95 0.0325833906382838
96 0.032364282367247
97 0.0310527107471721
98 0.028890970649126
99 0.0261637465866091
100 0.0231627499325054
101 0.0201765203806474
102 0.0174161097575244
103 0.0150046984875233
104 0.0129720486907485
105 0.0112295063202716
106 0.00969429237809552
107 0.00833142075473793
108 0.00718308612918942
109 0.00627586163941518
110 0.00561302915074473
111 0.00518570033633744
112 0.00497216409606583
113 0.00496563140888579
114 0.00518378317435916
115 0.00566472212740607
116 0.00643401969790688
117 0.00752557513970881
118 0.00898107817664116
119 0.0108362959086909
120 0.0131052607976069
121 0.0157523457864751
122 0.0186611155094931
123 0.0216304825819331
124 0.0244549591122134
125 0.0269111386497188
126 0.0287646868580938
127 0.0298314893018875
128 0.0301037787015471
129 0.0296719081890609
130 0.0286730769272377
131 0.0273178461135252
132 0.0260017628198617
133 0.0251037438722237
134 0.0248811754178256
135 0.0252941246616649
136 0.0262656390155482
137 0.027743897634886
138 0.0296472197296
139 0.0317123872199459
140 0.0335559706615689
141 0.0347145292427683
142 0.0347673868924401
143 0.0336241901228405
144 0.0313761424306715
145 0.0282236966785505
146 0.024500165693188
147 0.0207204418067891
148 0.0172755079451814
149 0.014370622560621
150 0.0120509114144537
151 0.0102195048469411
152 0.00877560262077461
153 0.00764051244672802
154 0.00675799642146458
155 0.00610102965145634
156 0.00565215192423235
157 0.00539677591569773
158 0.00531192933429224
159 0.00538518025022356
160 0.0056182974079337
161 0.00602234160050669
162 0.0066022749693389
163 0.00736339090359841
164 0.00831011301628981
165 0.00944412054828256
166 0.0107741289903619
167 0.0123055643575236
168 0.0140332058973782
169 0.0159328909956588
170 0.0179424074903268
171 0.0199617712179818
172 0.0218549494908905
173 0.0234802864971759
174 0.0247889879097563
175 0.0257787371424034
176 0.0264696025606194
177 0.0268872932920958
178 0.0270209255452225
179 0.0268562834319529
180 0.0263887509703407
181 0.0256525293810882
182 0.0247979200685105
183 0.0239881999689037
184 0.0233493500746961
185 0.0229249565161486
186 0.0227418118254393
187 0.0228322196894588
188 0.0232016071850334
189 0.0237167852124479
190 0.0241995457064173
191 0.0244581851352326
192 0.0243436201197461
193 0.0239035046370115
194 0.0232405127182101
195 0.0224558977434048
196 0.0216143055341557
197 0.0206642985041713
198 0.019540396125813
199 0.0181984572357082
200 0.0166386541722873
201 0.0149476761949236
202 0.0132204284706357
203 0.0115341682513098
204 0.00996531601505835
205 0.00862596391629386
206 0.00758308032566157
207 0.00685200946096305
208 0.00639854234371303
209 0.00619822861888749
210 0.00625171492573753
211 0.00657889119590061
212 0.00718894368198449
213 0.00810458872411106
214 0.00936563945424825
215 0.011018851842364
216 0.0130936142012405
217 0.0155855300153788
218 0.018431586100999
219 0.0214841071009403
220 0.024501238388642
221 0.027144290933447
222 0.0290083779622194
223 0.0297793945826992
224 0.02958308504846
225 0.0287282287620023
226 0.0275488221627417
227 0.0263195377469821
228 0.0251477555895677
229 0.0240927647732173
230 0.0232041458962389
231 0.0225405008093848
232 0.0222181462955477
233 0.0223729490628359
234 0.0230982757316686
235 0.0242361237389939
236 0.0255403017012375
237 0.0267142565250349
238 0.0274795499097082
239 0.0278236082886414
240 0.0278246338764222
241 0.0275756458042262
242 0.027156169551547
243 0.0265721395438645
244 0.0258147098540172
245 0.0248803106265509
246 0.0237620876185336
247 0.0224264952578226
248 0.0208504359046996
249 0.0190354708035931
250 0.0170387324430566
251 0.0150302342261685
252 0.0131560939561063
253 0.0115059942319457
254 0.0101309236924625
255 0.00907158717394322
256 0.00835002842032987
257 0.00798592244606885
258 0.00799872286072614
259 0.00836135791102027
260 0.00906466500309056
261 0.0101220258151792
262 0.0115383737205857
263 0.0133010327940831
264 0.015360591043984
265 0.0176168784881017
266 0.0199425843733654
267 0.0221613705787186
268 0.024045256954646
269 0.0253754966408671
270 0.026106138850727
271 0.0262813072806368
272 0.0259861548359754
273 0.0253357955861069
274 0.0244760311287783
275 0.0235496878599764
276 0.022682892871675
277 0.0219636936916085
278 0.0213882549193152
279 0.0209344628190136
280 0.0205833848984829
281 0.0203230660577381
282 0.0201613477978324
283 0.0201115645596018
284 0.0201743571363457
285 0.0202949914707448
286 0.0204040122329562
287 0.0204306700036044
288 0.0203189004163646
289 0.0200727862032423
290 0.0197129169094788
291 0.0192608467829123
292 0.0187302411739195
293 0.0181043816464774
294 0.0173635986584341
295 0.0164949823007777
296 0.0155010585888395
297 0.0144186854289732
298 0.0132894795187409
299 0.0121499305890253
300 0.0110467076234855
301 0.0100732317638482
302 0.00930511845063353
303 0.00879513230442031
304 0.00857722956919303
305 0.00864378642673702
306 0.00899982706515226
307 0.00967933317762177
308 0.0107297847134647
309 0.0121382302005325
310 0.0138481991371283
311 0.0157647092523937
312 0.0178011691190175
313 0.0198434862786376
314 0.0217345580143707
315 0.0233099804923883
316 0.0245119284863462
317 0.0253369352503767
318 0.0258081119586582
319 0.0259688872983857
320 0.0258753108973692
321 0.0255908005778469
322 0.0251812920975594
323 0.0247225120009765
324 0.0243294051201748
325 0.0241210362452244
326 0.0242151889148675
327 0.024701382793858
328 0.0255311579586117
329 0.0266210516751633
330 0.0278791036323751
331 0.029161259047632
332 0.0301503686247478
333 0.0304588159411661
334 0.0298213001232839
335 0.0284532686912237
336 0.0266939029907429
