1 0.00218082685696746
2 0.00142831363959869
3 0.000970495228094861
4 0.000692833386503297
5 0.000522128372279744
6 0.000416499577879385
7 0.000352447717545443
8 0.000316455715587422
9 0.000301403384984185
10 0.00030442284038644
11 0.00032581545928377
12 0.000368540296132324
13 0.000439202530564796
14 0.000549739125448954
15 0.000719371132812468
16 0.000973744711768023
17 0.00134700994756703
18 0.00188132745785535
19 0.00261748912273283
20 0.00356043803795209
21 0.00464138350247955
22 0.00568448631388057
23 0.00645873783018051
24 0.00691681919714419
25 0.00714354096665897
26 0.0072793159224211
27 0.00746912840289563
28 0.00779761982299803
29 0.00834816097949741
30 0.00921128607761518
31 0.0104068486019415
32 0.0119264787488852
33 0.0137352127356596
34 0.0157501315290175
35 0.0178252307611248
36 0.0197395308608148
37 0.0212064293312265
38 0.0219364926103543
39 0.0217748088526805
40 0.0206895808958813
41 0.0187684251824149
42 0.0162037441155861
43 0.0132484266994544
44 0.0102027163549375
45 0.00736063634585771
46 0.00497537886711674
47 0.00322210857755324
48 0.00205609721745582
49 0.00132974077940254
50 0.000892493303116253
51 0.000625306225591099
52 0.000457939163309481
53 0.000351005612315147
54 0.000281965520509397
55 0.000237763399211493
56 0.000210803504505441
57 0.000196721433661392
58 0.000192970214553392
59 0.000198590503079325
60 0.000214003325703257
61 0.000240998010645767
62 0.000282987422652371
63 0.000345687584676766
64 0.000438292583519136
65 0.000574347102746586
66 0.00076868827771872
67 0.00103632149045001
68 0.00138807166626412
69 0.0018268446885657
70 0.00236224136583699
71 0.00300904830981345
72 0.00378585475419962
73 0.0047106652614264
74 0.00577262324251864
75 0.00692860614242702
76 0.0081007370305648
77 0.00920089184445059
78 0.0102354885842555
79 0.011273821756287
80 0.0124076085843621
81 0.0136782512751637
82 0.0151162577557269
83 0.016759896104179
84 0.018601777426635
85 0.0203785080629454
86 0.0216649227195567
87 0.0219769613395603
88 0.0210142667591253
89 0.0190711164481411
90 0.0166183363834049
91 0.0140672891670401
92 0.0116792435923581
93 0.00951960480560423
94 0.00760854914876906
95 0.00595589244997735
96 0.00456967621747385
97 0.00346605452468628
98 0.00262649768864649
99 0.00200955764941504
100 0.00156612163961638
101 0.00124531190132382
102 0.00101019392882793
103 0.00083588476604167
104 0.000706640152429958
105 0.000615579666538417
106 0.000558322476011807
107 0.000531830632646893
108 0.000533200346259965
109 0.00056294834043294
110 0.000626235811226701
111 0.000733598996712795
112 0.000900572415722285
113 0.00115168500012141
114 0.00152515520738625
115 0.00207388924402355
116 0.00284293246889348
117 0.00384778056594912
118 0.00503616098266707
119 0.00627421078395072
120 0.00746657493516703
121 0.00855869735961077
122 0.00952850528315383
123 0.0103772460360876
124 0.0110853304983336
125 0.0116333790256949
126 0.0120124259413018
127 0.0122548644754548
128 0.0125305638162565
129 0.0130602814812953
130 0.0141113645492803
131 0.0159327368559524
132 0.018297392063077
133 0.0206272987526349
134 0.022125586642911
135 0.0222411798772668
136 0.0207147630683133
137 0.0176660001195037
138 0.0137375608122379
139 0.0100163791550679
140 0.00710249504856735
141 0.00508283497424696
142 0.00377931041933378
143 0.00290814299829647
144 0.00228750196502605
145 0.00181660293433507
146 0.00144257108231209
147 0.00114749246040884
148 0.00091852061981106
149 0.000743267704353502
150 0.000611130777366623
151 0.00051424548790385
152 0.000446265908157746
153 0.000402478378124916
154 0.00037971795898096
155 0.00037550654098051
156 0.000389569370495199
157 0.000424302540637045
158 0.000485247949219527
159 0.000582721836857972
160 0.00073481373331383
161 0.000970574030879824
162 0.00132611506101714
163 0.00184633146979185
164 0.00258039927923267
165 0.00356683257663139
166 0.00480896675176703
167 0.00623838830734079
168 0.00768190486925917
169 0.00890935816586359
170 0.00987531453205095
171 0.0106738884095147
172 0.0114780190985922
173 0.0124680873384289
174 0.0136294944940898
175 0.0148667135787695
176 0.0160446941945266
177 0.0170203111761404
178 0.0177601817500451
179 0.0182761197161359
180 0.0185944601719137
181 0.0187199618510358
182 0.0185366991964969
183 0.0179142831772981
184 0.0167994206213271
185 0.0153207887106302
186 0.0136457131732523
187 0.0119202605976506
188 0.0102340267264518
189 0.00857673214971123
190 0.00695302653139056
191 0.0054031790326796
192 0.00400607456944108
193 0.00287146564338387
194 0.00202535552722225
195 0.00143099236990241
196 0.00102925472171999
197 0.000760805436220067
198 0.000582470975773163
199 0.000465482526064967
200 0.000390906090155409
201 0.000345811845305164
202 0.000322700092290835
203 0.000318083972023373
204 0.000331452637371866
205 0.000364622318929661
206 0.000422643224269695
207 0.00051505706714623
208 0.000657710537167298
209 0.000876863473826869
210 0.00121607140085896
211 0.00174160462453833
212 0.00252035354501448
213 0.00359331355436798
214 0.00492136586253223
215 0.00633767387999098
216 0.00762379182783105
217 0.00854214614529032
218 0.00888916716792307
219 0.00861767175679469
220 0.00799832804345983
221 0.00734812184528159
222 0.0069094230182827
223 0.00683940091543789
224 0.00717528186755926
225 0.00798891148260105
226 0.00945155230010149
227 0.011809615859372
228 0.0150497170613774
229 0.0187604759141608
230 0.0219535011117278
231 0.0233156255683749
232 0.0223320586336199
233 0.01928899326139
234 0.0150714419000757
235 0.0108492962658784
236 0.0073596617029091
237 0.0048146515056793
238 0.00310439492794882
239 0.00200304016439217
240 0.00131086804899503
241 0.000881895366990078
242 0.000617127388022105
243 0.000451571022209557
244 0.000346778745812384
245 0.000280497289348355
246 0.000239730511860221
247 0.000216767904977367
248 0.000207538522731965
249 0.000210566101901058
250 0.000226457703135301
251 0.000257689254418734
252 0.000309518376353769
253 0.000391494774739066
254 0.000520129080962961
255 0.000723529483357066
256 0.00105026144545817
257 0.00158545864981484
258 0.00246651747416351
259 0.00383153357690606
260 0.00572671151994013
261 0.00798277986618394
262 0.0102949252873128
263 0.0122561933486967
264 0.0134401590723585
265 0.013608579069317
266 0.012992919978153
267 0.0120007093671196
268 0.0110014724339393
269 0.0102443767595514
270 0.00981420244260507
271 0.00977169114608809
272 0.0102146564852699
273 0.0112480736569851
274 0.0127460832813754
275 0.0144245945466689
276 0.0158241683696863
277 0.016441697856414
278 0.0162197634451882
279 0.0153254654523935
280 0.0139902209850223
281 0.0123990137755473
282 0.0105576167415784
283 0.00851384515277637
284 0.00644274660389862
285 0.00462954569843064
286 0.00321383454918078
287 0.00219323029760395
288 0.00149565636208226
289 0.00103152220829022
290 0.000727366115406203
291 0.000530120834891552
292 0.000403070050421897
293 0.000320699241909327
294 0.000267408207675062
295 0.000234021513693283
296 0.00021521497325829
297 0.000208021425889986
298 0.000211316395469541
299 0.000225588944024004
300 0.000252944616325041
301 0.00029716383297572
302 0.00036472229607945
303 0.000466289537131501
304 0.000618698059719891
305 0.000846307292042844
306 0.00118459417787762
307 0.00168407971517286
308 0.00240526775420073
309 0.0033670622808701
310 0.00449208704291467
311 0.00559794657504025
312 0.0065895110969648
313 0.00746700030244694
314 0.00830045227115106
315 0.00918743003352737
316 0.0101184192449721
317 0.0110372266680919
318 0.0118698752887726
319 0.012560746835336
320 0.0131892617784368
321 0.0138940736811846
322 0.0148455736113898
323 0.0162173483406376
324 0.018043286050611
325 0.0203080400640371
326 0.022967473399725
327 0.0258323938173282
328 0.0281878262665386
329 0.0290105869495087
330 0.0273752178998375
331 0.0232240514440469
332 0.018019009510135
333 0.0131334461526244
334 0.00922913244621765
335 0.00638075704474352
336 0.00442307945542559
