1 0.00791293485138651
2 0.00719602585830088
3 0.00660783470218018
4 0.00614050895292779
5 0.00578247051137805
6 0.00552426537538139
7 0.00535718961442056
8 0.00526501278793361
9 0.00523264528128445
10 0.00524760326945712
11 0.0053011653393756
12 0.00539492026855376
13 0.00553387439040352
14 0.00572441096259493
15 0.0059729182447975
16 0.0062802581462882
17 0.00664592512304996
18 0.00706923393498753
19 0.0075478437580994
20 0.00807369505276872
21 0.00863435433522421
22 0.0092131162913966
23 0.00979024919827886
24 0.0103489724487798
25 0.0108718145938608
26 0.0113395025706181
27 0.0117386320081852
28 0.0120850469832958
29 0.0124056247951272
30 0.0127242316643638
31 0.0130400827094397
32 0.0133453845058432
33 0.0136317057107717
34 0.0138855277832848
35 0.0140742438765385
36 0.0141597039535909
37 0.0141047432881685
38 0.0138858200982019
39 0.0135233129182186
40 0.0130499326299742
41 0.0124984292411417
42 0.0118976538518668
43 0.011266102909505
44 0.0106186323234785
45 0.00996833720520987
46 0.00932866763611935
47 0.00871901839108692
48 0.00815610853778787
49 0.00765216217041854
50 0.00721466490645666
51 0.00684424660661747
52 0.00654010234226055
53 0.0063017998494972
54 0.00612840892615023
55 0.00601529870783239
56 0.00595834930390345
57 0.00595216985849136
58 0.00598111491441009
59 0.00602715204620584
60 0.00607199114189731
61 0.00609976659262336
62 0.00610611532096022
63 0.0060897728649112
64 0.00604972999935732
65 0.00598859547317942
66 0.00592225354734093
67 0.0058692445216772
68 0.00584751054596067
69 0.00587205359330098
70 0.00594675653822398
71 0.0060737660457524
72 0.00625661890486698
73 0.00649875461122558
74 0.00679818340961643
75 0.00715123718207152
76 0.00755350706276563
77 0.00799853494903722
78 0.00847475012687756
79 0.00896645627275247
80 0.00945608115070829
81 0.00993106570654069
82 0.0103792939564414
83 0.0107874938232915
84 0.0111479550472325
85 0.0114794586858379
86 0.0118106690758089
87 0.0121738576826956
88 0.0125911876111602
89 0.0130293370637136
90 0.0134351405556416
91 0.0137491642184546
92 0.0139124460153412
93 0.013883902583993
94 0.013633660079917
95 0.013143557864667
96 0.0124228030923188
97 0.0115388193322966
98 0.010567578618273
99 0.00957423384252004
100 0.00860842610975883
101 0.00770071221296028
102 0.00686996598133712
103 0.00612671455520955
104 0.00547336391141438
105 0.00490246735141386
106 0.00440511655030651
107 0.00397390005756869
108 0.0036047306397819
109 0.00329375300467441
110 0.00303694991290671
111 0.00283089239441464
112 0.00267385596655005
113 0.00256516816489598
114 0.00250547774153142
115 0.00249647303092342
116 0.00253872763025538
117 0.0026349967193828
118 0.00279150947599969
119 0.00301753147375252
120 0.0033222729898117
121 0.00371745120140394
122 0.00421828381066527
123 0.00484188548935905
124 0.0056002680772077
125 0.00649984331839454
126 0.00753849426042042
127 0.00870249695081199
128 0.00996924657570191
129 0.0113012157380896
130 0.0126422915260153
131 0.0139149871839685
132 0.0150137659245682
133 0.015818379532589
134 0.0162306162887881
135 0.016252341121107
136 0.0159338054371748
137 0.0153444702421684
138 0.0145626746608495
139 0.013668411883393
140 0.0127333609706865
141 0.0118163221216739
142 0.0109565926444115
143 0.0101609837709448
144 0.00942853847242976
145 0.00875755798442199
146 0.00814556690262975
147 0.00758891994272419
148 0.00708381823040315
149 0.00662661852440404
150 0.00621199313760503
151 0.00582824021677013
152 0.00546427316420406
153 0.00511135228590852
154 0.00476472147067147
155 0.0044280256077501
156 0.0041057969377621
157 0.00380339679158122
158 0.0035319671515207
159 0.00330100274596344
160 0.00311726609790517
161 0.00298483550573768
162 0.0029028433834976
163 0.00287094880567315
164 0.00289112509734794
165 0.00296706491219625
166 0.00310128253031284
167 0.00329824726797843
168 0.00356553575066949
169 0.00391326445662722
170 0.00435119104101083
171 0.00489006974097206
172 0.00554169758075437
173 0.00631610976798175
174 0.00721267953994468
175 0.00821910280446213
176 0.00930850794208255
177 0.0104360613747074
178 0.0115384452577084
179 0.0125340517044216
180 0.0133276845192686
181 0.013832146192334
182 0.014018613377792
183 0.0138920289564123
184 0.0134851555992007
185 0.0128727531426459
186 0.0121377024362306
187 0.011354789814513
188 0.0105820072264979
189 0.00984957738056526
190 0.00917656630197921
191 0.00857651404929557
192 0.00805707487313736
193 0.007617173827373
194 0.00725412907941893
195 0.00696588703857076
196 0.00674808918499392
197 0.00658518040380273
198 0.00646091847074567
199 0.0063608771477855
200 0.00627422212780883
201 0.00620038702843742
202 0.0061412624058475
203 0.00609874358025336
204 0.00607421683055986
205 0.00606692252714051
206 0.00607568525891185
207 0.00609948570269573
208 0.00613752332263643
209 0.0061891072771912
210 0.00625360843574204
211 0.00633046214699975
212 0.00641921395639058
213 0.00651945034860432
214 0.00663076745379758
215 0.00675375256859044
216 0.00689311074166895
217 0.00705501604635546
218 0.00724631117859854
219 0.00747419327104738
220 0.00774475250467674
221 0.00806459634902308
222 0.00844160502363409
223 0.00888142645956125
224 0.00937468547057986
225 0.00990518412477595
226 0.0104524413320337
227 0.0109920941437019
228 0.0114991320418217
229 0.011946098361624
230 0.012303226865424
231 0.012543800999344
232 0.0126578121000796
233 0.0126426319181342
234 0.0125001344685911
235 0.0122382819090098
236 0.0118687335661874
237 0.0114055176604094
238 0.0108667756129863
239 0.0102804518391433
240 0.00967391297818352
241 0.00907037270779952
242 0.0084863465134117
243 0.00792616243545335
244 0.0073911023566423
245 0.00688203927037864
246 0.00640125916524512
247 0.00595684979665625
248 0.00555591467788134
249 0.00520316880569843
250 0.0049007672392663
251 0.00464676038356529
252 0.00443870697219784
253 0.00427476610036908
254 0.00415398867656758
255 0.00407694087031475
256 0.0040453521436263
257 0.00406225479056812
258 0.00413198427325082
259 0.0042593894754983
260 0.00445148644183219
261 0.0047163346017721
262 0.0050562359403007
263 0.00547213265766157
264 0.0059645274849668
265 0.00652969151500761
266 0.00714836709610511
267 0.00778836455144986
268 0.00840512291206365
269 0.00895210626976708
270 0.00941809529794226
271 0.00980653240356114
272 0.0101260010628348
273 0.0103865040355178
274 0.0105897969712235
275 0.0107363094686547
276 0.0108276292696833
277 0.0108651813388515
278 0.0108465430561107
279 0.0107689786171532
280 0.0106307544080803
281 0.0104310593001109
282 0.0101695176199212
283 0.00984698731507242
284 0.00946576172199182
285 0.00902932760743263
286 0.00854271567837355
287 0.00801252783900245
288 0.00745097890358992
289 0.00688567597039436
290 0.00634215321963371
291 0.00583921113970503
292 0.00538948736428314
293 0.00499999128798727
294 0.00467464889047077
295 0.00441587540216521
296 0.0042229401333501
297 0.00408538377751841
298 0.00399273877904791
299 0.00393666434550545
300 0.00391147619139139
301 0.00391732258082521
302 0.00395632682636213
303 0.00403149955844179
304 0.0041472186749496
305 0.00431038206133068
306 0.00453024931832
307 0.00481896391742797
308 0.005190410170953
309 0.00565348773839687
310 0.00621674021213703
311 0.00688894847069364
312 0.00767525147215496
313 0.00857702650796268
314 0.00959052935231423
315 0.0107061292262412
316 0.0119118775674078
317 0.0131893984945251
318 0.0145114206842622
319 0.0158392754250065
320 0.0171165963920587
321 0.0182738682123128
322 0.0192332476086288
323 0.0199203977017811
324 0.0202916580784804
325 0.0203231411197478
326 0.0200073740039005
327 0.0193604183600442
328 0.0184373331486892
329 0.0173063503130549
330 0.0160362213005179
331 0.0146935606239862
332 0.0133448099682797
333 0.0120439427464118
334 0.0108299087061705
335 0.00972885036255089
336 0.00875540593713958
