1 0.00725484314853594
2 0.00532076494321855
3 0.00390338174861676
4 0.00289479319157528
5 0.0021857148389016
6 0.00169072659302498
7 0.00134725693511438
8 0.00110893509082896
9 0.000944743915321951
10 0.000834724495707809
11 0.000766079623629762
12 0.000730205202004043
13 0.000722450300467253
14 0.000741503835337773
15 0.000788808653566274
16 0.000867836059554776
17 0.000984977845140606
18 0.00115040647087633
19 0.00137829247419498
20 0.0016842064845065
21 0.00208558811257605
22 0.00260049540955625
23 0.00324517247838588
24 0.00403376081832405
25 0.00497229793213035
26 0.00605158830259868
27 0.00725784584202191
28 0.00864523150074183
29 0.0103328487525242
30 0.0124865544426984
31 0.015215940926065
32 0.0186010255484132
33 0.0226942719131917
34 0.0274654345442236
35 0.0326453385186346
36 0.0377023902362105
37 0.0418687627698336
38 0.0443503712571333
39 0.0448552570095426
40 0.0434441374943481
41 0.0404050359700289
42 0.0362084844210013
43 0.0314781142927977
44 0.02675525155449
45 0.022411443431282
46 0.0186344098116152
47 0.0154339863332214
48 0.0127671401576199
49 0.0105755906941577
50 0.00878715050003081
51 0.00730845326643952
52 0.00606622055682112
53 0.00500953655410847
54 0.0041122221906755
55 0.00338192606343992
56 0.00281466492279827
57 0.00239200024456224
58 0.00208528413957966
59 0.00187136277304703
60 0.00173482347884021
61 0.00166556934734686
62 0.00165406966922048
63 0.00169547763391351
64 0.00178994168672839
65 0.00194120946439482
66 0.00215349559885872
67 0.00243233168426028
68 0.00278405375387986
69 0.00321745799818098
70 0.00375555187066258
71 0.00443339929740679
72 0.00529996012090512
73 0.0064168152486954
74 0.00783099661922186
75 0.00957599435255867
76 0.0116640119649136
77 0.0140724440849314
78 0.0167414960518806
79 0.0195573129114883
80 0.0223672322778359
81 0.0250811240192738
82 0.0276461042538672
83 0.030031960010912
84 0.0322024252219424
85 0.0340100293339679
86 0.0352690576712079
87 0.0358014553159488
88 0.0354609755569185
89 0.0341575282648486
90 0.031885812698774
91 0.0287426246488956
92 0.0249429769597925
93 0.0208269697091496
94 0.016734429247856
95 0.0129414911816188
96 0.00965589110512212
97 0.00702809638886653
98 0.00505733738726194
99 0.00364659836550737
100 0.00266636495091999
101 0.00198842729946113
102 0.00151867025719449
103 0.00119281462275763
104 0.000966928305351699
105 0.000810158463305632
106 0.000702281079331112
107 0.000630243341516828
108 0.000585307201078196
109 0.000562136142127952
110 0.000557935277982074
111 0.00057174883231331
112 0.000603768515841096
113 0.00065559547340728
114 0.000730394766160687
115 0.000832699144273746
116 0.00096709408801043
117 0.00113851283641458
118 0.00135186767219261
119 0.00161279191931478
120 0.00193427815690131
121 0.00233606137954871
122 0.00284576575342263
123 0.00350199455515872
124 0.00435718724924913
125 0.00548487744766461
126 0.00699003113332793
127 0.00901261560975319
128 0.0116885463243483
129 0.0151402670537912
130 0.0194496531876911
131 0.0245828563205418
132 0.0302095407730766
133 0.0356454107351752
134 0.0400054015798462
135 0.0427806770224245
136 0.0437783456929783
137 0.0430437880233375
138 0.0407659462272598
139 0.0370828328174215
140 0.0322581632772096
141 0.0267134927837124
142 0.0210262160926469
143 0.0158996663010634
144 0.0117155802519508
145 0.00853460584664404
146 0.0062280923387637
147 0.00458507275518692
148 0.00342406422287348
149 0.00260799534482749
150 0.00203575850350421
151 0.00163237649599301
152 0.00134689943814783
153 0.00114553772733567
154 0.00100590475371773
155 0.000913290435223204
156 0.000858567941164077
157 0.00083652557954294
158 0.000844145663120283
159 0.000881252610686091
160 0.000950688468230767
161 0.00105794821346968
162 0.00120923717038059
163 0.00141265453280375
164 0.00167839213158971
165 0.00201823180006594
166 0.0024450319349887
167 0.00297086036151418
168 0.00360424253000757
169 0.00435069389500596
170 0.00522756563589369
171 0.00626100789326187
172 0.00748508275142995
173 0.00894761839315284
174 0.0107281913483834
175 0.0129460979083021
176 0.0157762741861564
177 0.0194294639956196
178 0.0239603253956527
179 0.0292454242381237
180 0.0349315533016973
181 0.0403900790632369
182 0.0447800174613573
183 0.0471696409407513
184 0.0469091252045729
185 0.0442719348107896
186 0.0399661459948029
187 0.0347799808831667
188 0.0293741219817696
189 0.0241313024717292
190 0.0193063732741269
191 0.0150622894287307
192 0.0114843406736673
193 0.00860471443412131
194 0.00637617360963468
195 0.00470300450544245
196 0.00347656239284724
197 0.00259720176095492
198 0.00197798384600072
199 0.00154908018166054
200 0.00125682737118405
201 0.00105887092279643
202 0.000927333040610134
203 0.000845101222809082
204 0.000802087531386717
205 0.000792800623515658
206 0.000815888054395174
207 0.000873731327638338
208 0.00097187895187204
209 0.00112047037521345
210 0.00133600086801221
211 0.00164255037698347
212 0.00206884389519755
213 0.00265001890123824
214 0.00342684993140203
215 0.00444474217678385
216 0.00576443897499503
217 0.00745838387031715
218 0.00960560211765355
219 0.0122690272600558
220 0.0154003763155886
221 0.0188008193563654
222 0.0220960185061602
223 0.0248391066878659
224 0.0269185226015157
225 0.0284420613037375
226 0.0296289441286177
227 0.0307151329623797
228 0.0317513254278526
229 0.0327380286401751
230 0.0336768803131265
231 0.0344640918901979
232 0.0345596511979271
233 0.0333425939488323
234 0.0305077461485333
235 0.0265190756120413
236 0.0220270854753416
237 0.0175859610635012
238 0.0135772755467453
239 0.01019890379762
240 0.0075006304790625
241 0.00543496345274438
242 0.00390630530091941
243 0.00280740976135346
244 0.00203449945424321
245 0.00149918963355273
246 0.00113156474987267
247 0.000877596283600851
248 0.000700831193762345
249 0.000577484836880248
250 0.000491921713158666
251 0.000433679945722309
252 0.000396065247024226
253 0.000375053420496065
254 0.000368526207071182
255 0.000375728972830372
256 0.000397383067016601
257 0.000435882035181528
258 0.000495612932715779
259 0.000583300058991667
260 0.00070936639292501
261 0.000889844328839551
262 0.00114919232513526
263 0.00152495127306927
264 0.00207512451021552
265 0.00288443310998821
266 0.00404856589997286
267 0.0056615793193806
268 0.0077831496739026
269 0.0103902817517076
270 0.0133620803485455
271 0.0164410027894909
272 0.0192259395211236
273 0.0213102867587729
274 0.0226798126763048
275 0.0235651390025199
276 0.024303268582562
277 0.0252036899904739
278 0.0262561923549272
279 0.0273539013155806
280 0.028371792541233
281 0.0290999912259564
282 0.0290445671722869
283 0.0276947566529987
284 0.0248682715318206
285 0.0210808808081522
286 0.0169846966381412
287 0.0130962672356419
288 0.00974199187769756
289 0.00707551217686958
290 0.00508344844612733
291 0.00366074273218882
292 0.00267349986382699
293 0.00199164637254438
294 0.00151994950751113
295 0.00119338734664407
296 0.000967584201043324
297 0.000811481008974025
298 0.000704775843766947
299 0.000634606157752002
300 0.000592933146223975
301 0.000574658694159642
302 0.000577354556533824
303 0.000600935853519527
304 0.000647335139753716
305 0.000719886073101262
306 0.000824115129051299
307 0.000968403363235049
308 0.00116476436454351
309 0.00143009171630025
310 0.00178762955479642
311 0.00226932745746259
312 0.0029204381231347
313 0.00380387006328131
314 0.005006281440029
315 0.00663681943482977
316 0.00878384678765542
317 0.0114869150745968
318 0.0146916535387512
319 0.018231101257348
320 0.0219601452105259
321 0.0257431265079301
322 0.0294452584904955
323 0.0329174492830551
324 0.0358974035732825
325 0.0380813572369818
326 0.0391878344651255
327 0.039038152655337
328 0.0376917621032088
329 0.0353396062578282
330 0.0322362587400034
331 0.0286317819785144
332 0.0246794030576772
333 0.0205540545056227
334 0.0164972693020977
335 0.0128221440452984
336 0.00971609705073636
