1 0.0033840530297401
2 0.00343010896191505
3 0.0034747548771306
4 0.00351764651915
5 0.00355853625250843
6 0.00359719901399036
7 0.00363342574510122
8 0.0036670807373544
9 0.00369805019065879
10 0.00372622489035225
11 0.00375149449946566
12 0.00377372902641927
13 0.00379279776827681
14 0.0038085763296113
15 0.00382097933212051
16 0.00383005743726224
17 0.00383590287361948
18 0.0038386169233464
19 0.00383830894028877
20 0.00383509519790193
21 0.00382909825021556
22 0.00382044613771644
23 0.00380931137944902
24 0.00379602857397999
25 0.00378097151529711
26 0.00376451126699314
27 0.00374699418004624
28 0.00372868011765883
29 0.00370980451468217
30 0.00369060839047952
31 0.00367136699416725
32 0.00365235964740106
33 0.00363385993907272
34 0.00361612344324194
35 0.00359935098098544
36 0.0035837276677811
37 0.00356943615983591
38 0.00355663123462821
39 0.00354536296766377
40 0.00353565660795053
41 0.00352753899340607
42 0.00352100831304702
43 0.00351594344558573
44 0.00351219552691802
45 0.00350961788684939
46 0.00350805845045281
47 0.00350733803619985
48 0.00350727121517689
49 0.00350767301505529
50 0.00350838023298389
51 0.00350931610354024
52 0.00351042545604924
53 0.0035116530820666
54 0.00351294279242673
55 0.0035142346401309
56 0.00351546767062366
57 0.00351656454959699
58 0.00351738265661042
59 0.00351776298641481
60 0.00351754659597417
61 0.00351658516518456
62 0.0035147722413714
63 0.00351201247434896
64 0.00350821152976256
65 0.00350329104469721
66 0.00349723277541285
67 0.00349003435748582
68 0.00348169460027194
69 0.00347226278407787
70 0.00346198533658943
71 0.00345115560698498
72 0.00344006374919821
73 0.00342898915091836
74 0.00341817881999446
75 0.00340786950292982
76 0.00339829522870533
77 0.00338967623634267
78 0.00338218526429584
79 0.00337598302104583
80 0.00337120733102919
81 0.00336790497212343
82 0.00336610142973568
83 0.0033658240939502
84 0.00336707560031172
85 0.00336975342717867
86 0.00337372978035877
87 0.00337887785092582
88 0.00338505518487494
89 0.00339205451491008
90 0.00339965130615293
91 0.00340761938853543
92 0.00341572451640908
93 0.00342370573159024
94 0.0034312935125457
95 0.00343821606541327
96 0.00344424527623317
97 0.00344933447083888
98 0.00345348313120316
99 0.00345669152550891
100 0.0034589463800986
101 0.00346017786265401
102 0.00346030258255828
103 0.00345923814510815
104 0.00345688345735604
105 0.00345305929136948
106 0.00344756903144798
107 0.00344025970510616
108 0.0034311425592078
109 0.0034202715954612
110 0.00340770303506559
111 0.00339351040328104
112 0.0033778297007186
113 0.00336081202711021
114 0.00334260754787509
115 0.00332335766048627
116 0.0033031729599424
117 0.00328215543013746
118 0.00326040558451703
119 0.0032380377893864
120 0.00321522582892184
121 0.00319215453195791
122 0.00316900381872686
123 0.00314594679121052
124 0.00312314439770441
125 0.00310075114967089
126 0.00307891712839726
127 0.00305778173831648
128 0.00303745490151185
129 0.00301803744132956
130 0.00299962796645859
131 0.00298233197160998
132 0.00296628811541409
133 0.0029516417891963
134 0.0029385241817077
135 0.00292701515448564
136 0.00291718286163871
137 0.00290909706761309
138 0.00290281079518844
139 0.00289830460848407
140 0.00289554363278339
141 0.00289449627105832
142 0.00289512844806756
143 0.00289738666632744
144 0.00290121445876559
145 0.00290655765104987
146 0.00291335878744683
147 0.00292154091315889
148 0.0029310228400211
149 0.0029417239972181
150 0.00295356877393081
151 0.00296650048056251
152 0.00298046721210592
153 0.00299541695899004
154 0.0030112711533288
155 0.0030278445587913
156 0.003044921668346
157 0.00306229122180257
158 0.00307977325320828
159 0.00309719274279718
160 0.00311437072848188
161 0.00313115507872909
162 0.00314751401045212
163 0.00316344639679094
164 0.00317895141107107
165 0.00319406035546782
166 0.0032089333262245
167 0.00322376570421799
168 0.00323875654279965
169 0.00325411065322104
170 0.00327004499287459
171 0.00328678296168582
172 0.00330455283387849
173 0.00332356265995753
174 0.00334392263863398
175 0.00336572067424894
176 0.00338904812171566
177 0.00341397454364947
178 0.00344046974361153
179 0.00346847779235419
180 0.00349794191926893
181 0.0035287821851796
182 0.00356082755297618
183 0.00359387862565
184 0.0036277422968294
185 0.00366227328167165
186 0.00369733450900484
187 0.00373278345671446
188 0.0037684715369429
189 0.00380424264035359
190 0.00383993431251085
191 0.00387537818069396
192 0.00391038707739503
193 0.00394471543166908
194 0.00397809683957294
195 0.00401025731315349
196 0.00404094586646134
197 0.00407002674353036
198 0.00409739349928568
199 0.00412293995028974
200 0.00414659050095787
201 0.00416839162628655
202 0.00418842425948789
203 0.0042067737883353
204 0.00422352635152482
205 0.00423875845061531
206 0.00425254634335579
207 0.00426493748863896
208 0.00427585500949366
209 0.00428519116726546
210 0.00429283906653762
211 0.00429869118040052
212 0.00430263416259275
213 0.0043045548583021
214 0.00430434266166889
215 0.00430191088478463
216 0.00429725965247974
217 0.00429041331003249
218 0.0042813994602057
219 0.00427028146738391
220 0.00425725539016602
221 0.00424255022032194
222 0.00422639418769329
223 0.00420902472453697
224 0.00419071971717906
225 0.00417176391610589
226 0.00415243755234536
227 0.00413298374914003
228 0.00411351281959708
229 0.00409410109777546
230 0.00407482349443942
231 0.00405573486906783
232 0.0040368148149405
233 0.00401802481848203
234 0.00399932496247513
235 0.00398066768157533
236 0.00396200420484872
237 0.00394328667738739
238 0.00392444755999497
239 0.0039053386230451
240 0.0038857942112928
241 0.00386565219521128
242 0.00384477575874948
243 0.00382311741778092
244 0.00380065282037886
245 0.00377735901328197
246 0.00375324329421581
247 0.00372842811683859
248 0.00370306197718773
249 0.00367729002582831
250 0.0036512116351802
251 0.00362475594481277
252 0.00359781286550856
253 0.00357027606466155
254 0.00354205512087233
255 0.00351311090016588
256 0.00348341837482433
257 0.00345295451850707
258 0.00342171949249204
259 0.00338979848928868
260 0.00335729558023814
261 0.00332433289013706
262 0.0032911113292662
263 0.0032578449845114
264 0.00322473976046564
265 0.00319199431422172
266 0.00315980284710398
267 0.00312835254912339
268 0.00309782307445876
269 0.0030683647690013
270 0.00304003408258937
271 0.00301286369805657
272 0.00298688542031766
273 0.00296212716828432
274 0.00293860378928408
275 0.00291632714095831
276 0.00289530944867968
277 0.00287556033364383
278 0.00285707783132241
279 0.00283985800174606
280 0.00282389809421392
281 0.00280917920416353
282 0.00279561483579915
283 0.00278310406313707
284 0.00277154447981541
285 0.00276081923430346
286 0.0027508097032753
287 0.00274139946552406
288 0.00273247923692183
289 0.00272396213124625
290 0.00271576766498051
291 0.00270781641452054
292 0.0027000545814512
293 0.00269252731895542
294 0.00268530382528518
295 0.00267845262432898
296 0.00267204283700898
297 0.00266614781686319
298 0.00266084169117049
299 0.00265619832785279
300 0.00265229459068361
301 0.00264921974241497
302 0.00264706640956166
303 0.0026459278048316
304 0.00264590790332109
305 0.00264715135379274
306 0.00264981459796392
307 0.00265405682059734
308 0.00266002419689415
309 0.00266780057689074
310 0.00267745748952344
311 0.00268905723747499
312 0.00270261105092759
313 0.0027181200838027
314 0.00273558912411839
315 0.00275503666743489
316 0.00277652595276993
317 0.0028001357250171
318 0.00282595061939027
319 0.00285404878441931
320 0.00288446281161416
321 0.00291721651055058
322 0.00295233738161549
323 0.0029898341518319
324 0.00302962720472059
325 0.00307161096319383
326 0.00311567460801028
327 0.00316168977471157
328 0.00320947446875211
329 0.00325882324876247
330 0.00330951689247072
331 0.00336130729953022
332 0.00341387283120625
333 0.00346685637951242
334 0.00351987397008844
335 0.00357250101325646
336 0.00362428464352953
