1 0.00594717213645583
2 0.00440143267294831
3 0.00340006742775122
4 0.00274722851310506
5 0.0023365468235936
6 0.00210736020108844
7 0.00202679062307858
8 0.00207532128186131
9 0.00225465796233043
10 0.00258998446064692
11 0.00313367686351025
12 0.00397166398412347
13 0.00524178027573917
14 0.00716085499223541
15 0.0100385590026637
16 0.0141711715110506
17 0.019720674591533
18 0.0264927976288209
19 0.033858732014304
20 0.0415172477908599
21 0.0495291946616379
22 0.0582747230808632
23 0.0682310418797409
24 0.0788641276193635
25 0.0889343517440243
26 0.0967581912350577
27 0.101156993373817
28 0.104028401379366
29 0.108413587532943
30 0.116820583503111
31 0.128017652502091
32 0.139167823616739
33 0.146567883369724
34 0.147134769576074
35 0.142290987893006
36 0.134833644797835
37 0.12737073049949
38 0.121315343618828
39 0.11483504554826
40 0.105737926016922
41 0.092607965412786
42 0.075734139262198
43 0.0579661490749807
44 0.0418876422282911
45 0.0288691340746961
46 0.0192220801790199
47 0.0126119692718081
48 0.00833312422848085
49 0.00566621354575347
50 0.00404124766624217
51 0.00305077421221143
52 0.00245341202383462
53 0.00211515983355342
54 0.00196516241236714
55 0.00196968297134346
56 0.00212977257599125
57 0.00248140199175947
58 0.00309732779735332
59 0.00411321811829556
60 0.00577048892785741
61 0.00846630167749105
62 0.0127113653407477
63 0.0190547417512577
64 0.0278295569785883
65 0.0387669332977126
66 0.0509791488498685
67 0.0628490354627839
68 0.0721906777298727
69 0.0772353224053137
70 0.0786954043507673
71 0.0784660197966674
72 0.0786513032018501
73 0.0809338812943793
74 0.0852605005161432
75 0.0911521125082944
76 0.0980473303561462
77 0.105361151472881
78 0.112943368700159
79 0.120764310118248
80 0.128720100704887
81 0.136397108726379
82 0.143235408506831
83 0.148613199855018
84 0.151781074103434
85 0.151601020255681
86 0.146988480580151
87 0.13724522728314
88 0.122592502781515
89 0.1049171843254
90 0.0863649035202392
91 0.0686898200167656
92 0.0530559618457499
93 0.0400064110329996
94 0.0296136446413577
95 0.0216450741534175
96 0.0157244574569251
97 0.0114553689350462
98 0.00844835954977416
99 0.00636723059163676
100 0.00495067732062487
101 0.00401132136436044
102 0.00342165831537421
103 0.00310390000717622
104 0.00301791357908038
105 0.00314152464835421
106 0.00348920443903753
107 0.0041176903108242
108 0.00512686421987404
109 0.00668207406881688
110 0.00904440114286285
111 0.0125835299126523
112 0.0176568655401222
113 0.0244657089431952
114 0.0327915264745284
115 0.0418567442121706
116 0.051004599831508
117 0.0597355466466157
118 0.0676891499385478
119 0.0746715882053904
120 0.08059187012208
121 0.0854855772260486
122 0.0895090731517281
123 0.0929130003517534
124 0.0960197395583592
125 0.0992050750242131
126 0.102892898644903
127 0.107259295853588
128 0.111240504304062
129 0.113317254983229
130 0.111938466560423
131 0.106532668106895
132 0.0996184538690341
133 0.094013007219415
134 0.0911949413590269
135 0.0892845204290017
136 0.0858205054330912
137 0.0787397546348329
138 0.067424693243347
139 0.0540823837349356
140 0.0410809812490456
141 0.0299062984364865
142 0.0211409131113165
143 0.0147249754370813
144 0.0102591526743249
145 0.00725902999105228
146 0.00528919079697408
147 0.00400444020428158
148 0.00317438784537267
149 0.00265478394474278
150 0.00235693618031896
151 0.00222356840771362
152 0.00222841318733075
153 0.00237154039275382
154 0.00267727542205182
155 0.00319387376950536
156 0.00400796516522682
157 0.00526155870967026
158 0.00715970928103358
159 0.00999633458003671
160 0.0141734143585366
161 0.0201711302593221
162 0.0283393061159676
163 0.0386236383123487
164 0.0502182281119294
165 0.0616410029031843
166 0.0722032891479641
167 0.0819692351024272
168 0.0915418593335437
169 0.101705452875947
170 0.11225838692199
171 0.122565565774017
172 0.131829867555969
173 0.139214244543427
174 0.144165614597887
175 0.146291764382492
176 0.145329575123606
177 0.14130377233414
178 0.134892825925415
179 0.126940806696094
180 0.118240976786653
181 0.109368829094473
182 0.100385364059234
183 0.0912719601325135
184 0.0820260572538261
185 0.0725939911975889
186 0.0630026560693788
187 0.0533889565468696
188 0.0440006724687778
189 0.0351912604839055
190 0.0272684006594642
191 0.0204391793443155
192 0.0148449821712941
193 0.010598638911188
194 0.00757171977340158
195 0.00551041951180233
196 0.00415170363292134
197 0.00326767627766035
198 0.00270608257897089
199 0.0023747846499686
200 0.00222178893190475
201 0.00221993409750813
202 0.00237042946495498
203 0.00270670271409833
204 0.0033024636046407
205 0.00427807918457613
206 0.00583798876648798
207 0.00830459573161496
208 0.012062011913715
209 0.0174773133497997
210 0.0246880157386027
211 0.0333851541113619
212 0.0431930614775656
213 0.0536712196095642
214 0.0643058691717774
215 0.0745849985048938
216 0.0840579801295587
217 0.092386474376531
218 0.0993696189298771
219 0.104908168587012
220 0.108868521885149
221 0.111163848857482
222 0.111784679312817
223 0.110962389273979
224 0.109649719236119
225 0.1089481847027
226 0.109942388336444
227 0.113214760180788
228 0.117077020410298
229 0.119061740080506
230 0.116615214226714
231 0.10815895036742
232 0.0949931931630059
233 0.0793261438186667
234 0.0632959184763101
235 0.0486495912144076
236 0.0363670762465633
237 0.0267163414627768
238 0.0194814900340842
239 0.0141951655303221
240 0.0103951402749907
241 0.00769397207807892
242 0.0057914173464457
243 0.00447142306183009
244 0.00357344927105405
245 0.00298293757681925
246 0.00262067438463098
247 0.00242773607607295
248 0.00237238002135163
249 0.00244639181531689
250 0.00266189179878566
251 0.00305045282487387
252 0.00367307436050674
253 0.00463605617182977
254 0.00610977319892228
255 0.00832560436702868
256 0.0115987011890782
257 0.0163324904898501
258 0.022973727051867
259 0.0318661773489307
260 0.0430261566583764
261 0.0559109443056002
262 0.0694439732459754
263 0.0820093179949332
264 0.0916444834806336
265 0.0970044838573323
266 0.0995554807985103
267 0.101919526721012
268 0.107035506764535
269 0.117334836433585
270 0.131262524692952
271 0.145238824021598
272 0.154335828581162
273 0.15442144472244
274 0.147591571392886
275 0.137815788494023
276 0.128660667946106
277 0.1221791179833
278 0.116896777483788
279 0.110813950520845
280 0.102304692706267
281 0.0905225371749298
282 0.0760773010609481
283 0.0602689104396203
284 0.0448115132916116
285 0.0315864486462556
286 0.0214218715268172
287 0.0142006711393274
288 0.00935186660966146
289 0.00621914066571041
290 0.0042448998616331
291 0.00302205135839935
292 0.00227508599876936
293 0.00181971704609186
294 0.00155011954169229
295 0.00140963124514532
296 0.00137079594840374
297 0.00142447573386763
298 0.00157968073295024
299 0.00186690972743208
300 0.00234460002454211
301 0.00310147951230468
302 0.00427682014961256
303 0.00608400183058095
304 0.00882904196342406
305 0.0128904134658937
306 0.0186607129823097
307 0.0264014414102397
308 0.0360546307099461
309 0.0472691473408085
310 0.0592984319655823
311 0.0710750372372423
312 0.0817345490909541
313 0.0906654795880369
314 0.0975092563768525
315 0.102285186778434
316 0.105734109357698
317 0.108922071866742
318 0.11305762952563
319 0.119098605206223
320 0.126420800447912
321 0.133803145817083
322 0.139774163391521
323 0.142962079286367
324 0.143120693929246
325 0.140433158252456
326 0.13521917105131
327 0.127530213503883
328 0.116208732599556
329 0.100524489015415
330 0.0809905404834701
331 0.06000415222379
332 0.0416577914954999
333 0.0279157107522308
334 0.0185753197093528
335 0.0124577306166826
336 0.00851517146771254
