1 0.00242037076926487
2 0.00275927084598158
3 0.00312981989007471
4 0.00352321264378893
5 0.00392797646569799
6 0.00432897685424438
7 0.00470817281487553
8 0.00504874129880205
9 0.00533429881086644
10 0.00554925433290435
11 0.00568229220772523
12 0.00573443744715642
13 0.00571282965004424
14 0.00562753900767352
15 0.00548816974106898
16 0.00529665293113434
17 0.00505457903366874
18 0.00476564374233398
19 0.00443688463617616
20 0.00408148089038018
21 0.00371302692865163
22 0.00334347045993849
23 0.00298398724755799
24 0.00264743971152903
25 0.00234297871069146
26 0.0020754350189399
27 0.00184601724440624
28 0.00165248767729293
29 0.00149178860963502
30 0.00136065319243873
31 0.00125521561204275
32 0.00117217658400442
33 0.00110903261451208
34 0.00106382069818041
35 0.00103456249504626
36 0.0010198212681839
37 0.00101879083299691
38 0.0010310642854372
39 0.00105608585558184
40 0.00109352848005911
41 0.0011433596340894
42 0.00120601209242209
43 0.00128318602986941
44 0.0013773343705661
45 0.00149156887031124
46 0.00162940011682235
47 0.00179331299879591
48 0.00198552818144093
49 0.00220818440771997
50 0.00246273147935551
51 0.00274818390640183
52 0.00306113336753649
53 0.00339537993972869
54 0.00374087290236925
55 0.00408157713653463
56 0.00439635720449485
57 0.00466240914877438
58 0.00486439713208559
59 0.00499112271720204
60 0.00503461186987213
61 0.00499083060516187
62 0.00485998422222297
63 0.00464687008399159
64 0.00436070147205543
65 0.00401717245165782
66 0.00364354228444317
67 0.00326537082470516
68 0.00290212000978092
69 0.00256636172674336
70 0.00226299430701456
71 0.00199356639204538
72 0.00175783834971594
73 0.00155443122199578
74 0.00138148471814024
75 0.00123669904106914
76 0.0011176009629564
77 0.00102161781940862
78 0.000945788576133609
79 0.000887648433164896
80 0.000845324877007523
81 0.000817269599194482
82 0.000802502488558496
83 0.000800657594187092
84 0.000811886687962877
85 0.000836597495258385
86 0.000875756422478723
87 0.000931040364429221
88 0.00100475957484517
89 0.00109932094218557
90 0.00121767982360202
91 0.00136353161717675
92 0.00154137081989799
93 0.00175663907385843
94 0.00201569183328361
95 0.00232575651855617
96 0.00269441849161904
97 0.00312758795575028
98 0.00362920538920139
99 0.00420035683177472
100 0.00483579670817006
101 0.00551398713819917
102 0.00619743124084854
103 0.00683352801889799
104 0.00736358814740464
105 0.00775154233067825
106 0.00797553320219124
107 0.00802642996221044
108 0.00791417032046178
109 0.00766015655720124
110 0.00729197977413801
111 0.00683917522256349
112 0.00632829396097045
113 0.00578387309032137
114 0.0052278818201968
115 0.00467780967059159
116 0.00414415408951246
117 0.00363480353821828
118 0.00315611992618411
119 0.00271464681903675
120 0.00232035751188246
121 0.00197860321700442
122 0.00168969163191969
123 0.00145015001040696
124 0.00125313607878113
125 0.00109197786930959
126 0.000960969905158255
127 0.000855238373528635
128 0.000770464273499283
129 0.000703174802799352
130 0.000650693922304479
131 0.000610951939745931
132 0.000582233657775453
133 0.000563310310981507
134 0.000553387025616022
135 0.000551943720238095
136 0.000558816797462512
137 0.0005742183356973
138 0.000598688184911322
139 0.000632935959852727
140 0.00067800467672508
141 0.000735356010386442
142 0.000806841505140179
143 0.000894458505650859
144 0.00100051758142644
145 0.00112769803802195
146 0.00127875006548737
147 0.00145534394545745
148 0.00165808116345449
149 0.0018861652511025
150 0.00213733362264826
151 0.0024094083828045
152 0.00269918041490621
153 0.00300175622846392
154 0.00331080144966848
155 0.0036200043442775
156 0.00392247809870151
157 0.00420933508518486
158 0.00446548385847358
159 0.00467299481834757
160 0.00481353026195164
161 0.00487102197177574
162 0.00483634827112051
163 0.00470634875436035
164 0.00448378802180073
165 0.00418109987299087
166 0.0038280603561455
167 0.00345491039620344
168 0.00308598760761998
169 0.00273880301174551
170 0.00242414439647556
171 0.00214777379157515
172 0.00191185001966119
173 0.00171556438155684
174 0.0015548782472145
175 0.00142566910555187
176 0.00132455673584411
177 0.00124871348850015
178 0.00119526756921126
179 0.00116214838843259
180 0.00114824813210645
181 0.00115322209523184
182 0.00117702759888343
183 0.00122037133419381
184 0.00128460130822737
185 0.00137079660207189
186 0.00148036079465259
187 0.00161515210394341
188 0.00177753209492518
189 0.00197091925713278
190 0.00219938959079485
191 0.00246746977474591
192 0.0027789869963168
193 0.00313265737752217
194 0.00352268354559088
195 0.00393834266833201
196 0.00436347857281782
197 0.00477800324176037
198 0.00515732147341734
199 0.00547315423376123
200 0.00570099584657899
201 0.005839728023219
202 0.00589904713809091
203 0.00589298112060322
204 0.00583516077908614
205 0.00572896190183227
206 0.00557608949806002
207 0.00537841644085304
208 0.00513512470692131
209 0.00484657371493248
210 0.00451564907025386
211 0.00414946009062611
212 0.00376286390882673
213 0.00337087330438274
214 0.00298611057144704
215 0.00261962837671395
216 0.00228309873140307
217 0.00198395215255556
218 0.00172516809573226
219 0.00150616471571279
220 0.00132311068513998
221 0.00117170396222874
222 0.00104797963715963
223 0.000948309419631561
224 0.000869149594095604
225 0.000807616010687808
226 0.000761552042025798
227 0.000729362854351232
228 0.00070972492841483
229 0.00070184075843932
230 0.000705486509873236
231 0.000720941664301848
232 0.000748814041040201
233 0.00079026291710511
234 0.000847052322336073
235 0.000921364875464011
236 0.00101609306023106
237 0.00113504473088861
238 0.0012828737557917
239 0.00146429229009673
240 0.00168439039860124
241 0.00194861894089184
242 0.00226190681259506
243 0.00262583056064331
244 0.00303795527345593
245 0.00349059540827146
246 0.0039692171581112
247 0.00445127695841771
248 0.004906022906288
249 0.00529582395074636
250 0.00558336448961883
251 0.00574951826646824
252 0.0057870216142531
253 0.00569741929961594
254 0.00549116213091524
255 0.00518797359879027
256 0.00481190873572917
257 0.0043879479908441
258 0.00394065455682377
259 0.00349442515764263
260 0.00306848050733032
261 0.00267575063007971
262 0.00232352265715654
263 0.00201476926537252
264 0.00174936455381244
265 0.00152501196917977
266 0.00133785719961422
267 0.00118374059780842
268 0.00105871776331929
269 0.000959094496400043
270 0.000881125027878538
271 0.000821788148993893
272 0.000778895697647569
273 0.000750929822528119
274 0.000736775261111965
275 0.000735959660523046
276 0.000748727223266194
277 0.000775993434987638
278 0.000819142983453411
279 0.000880395511557239
280 0.000963077126429501
281 0.00107177388693862
282 0.00121221469407406
283 0.00139190749948708
284 0.0016204780290047
285 0.00190913890110245
286 0.00227133096023529
287 0.00272306245097341
288 0.00328120865724713
289 0.00395543886210004
290 0.00474579719496281
291 0.00563835636855813
292 0.00660117188723632
293 0.00758701363352408
294 0.00853059603008948
295 0.00935042124547182
296 0.0099666134999231
297 0.0103461545975938
298 0.0104857560220663
299 0.010401024899162
300 0.010120753726741
301 0.00967810570458251
302 0.00911028018742476
303 0.00845589249422013
304 0.00775018077330785
305 0.00701921503266047
306 0.00628500179940327
307 0.00556646642211754
308 0.00487963196783789
309 0.00423871807722781
310 0.00365332410074831
311 0.00312946829331608
312 0.00267253336313156
313 0.00228320141086045
314 0.00195809548233509
315 0.00169111737092173
316 0.001473901408331
317 0.0012986815568642
318 0.0011589392685676
319 0.00104917227447595
320 0.000964378567277754
321 0.000900677904737092
322 0.000855300636642405
323 0.000826315536644226
324 0.000812232272786895
325 0.00081226096649813
326 0.00082635268360082
327 0.000855075015213306
328 0.000899271593896522
329 0.000960384837051913
330 0.00104060767802602
331 0.00114283679749522
332 0.001270282983726
333 0.00142675065484398
334 0.00161637030362637
335 0.00184204455749438
336 0.00210547186255738
