1 0.00483387050728861
2 0.00424253793560065
3 0.00385244523364494
4 0.00362805374831212
5 0.00354881131613993
6 0.00360997330433015
7 0.00382155290039619
8 0.00420403866776418
9 0.00479647200346311
10 0.00566410656910952
11 0.00690584371534159
12 0.00865616673670262
13 0.0111017800309533
14 0.0144984165297967
15 0.0191728214677302
16 0.0254617082356074
17 0.0336546749921766
18 0.0438874500768151
19 0.056021669745854
20 0.0696531421724285
21 0.0840236752565672
22 0.0980040756327311
23 0.110289749315447
24 0.119941319705371
25 0.126338843998427
26 0.12914687680046
27 0.128414608203433
28 0.124818392056115
29 0.119254975478052
30 0.112512332389387
31 0.104910937605707
32 0.0966713733559188
33 0.0880218845868638
34 0.0791380057053515
35 0.0700233179948312
36 0.0607296343799012
37 0.0514103738282066
38 0.0423650221654668
39 0.0340990551049422
40 0.0269461655532268
41 0.0210190696807996
42 0.0162774370353185
43 0.012597505773833
44 0.00981028864351525
45 0.00774018143434967
46 0.00622710005539638
47 0.00513310983848463
48 0.00435454168140284
49 0.00381825633225187
50 0.00347348600984348
51 0.00328238220540852
52 0.00322409004536161
53 0.00329369904214706
54 0.00350040066775884
55 0.00386511769944887
56 0.00442695457336871
57 0.00524892592770025
58 0.00642055352931967
59 0.00807154675759091
60 0.0103882752489992
61 0.0136263102521511
62 0.0180930235883722
63 0.0241393562239697
64 0.0321215201811349
65 0.0422896700291551
66 0.0545147785676806
67 0.0680886885717388
68 0.0816019773630486
69 0.0932945586970352
70 0.102435768550644
71 0.109024408904023
72 0.113474213416527
73 0.116330675729393
74 0.117692051545687
75 0.11757108634118
76 0.116030204882447
77 0.113111116370267
78 0.108652126146976
79 0.102520104206381
80 0.0948066570964548
81 0.0860800133965457
82 0.0769581943426329
83 0.0679535664796736
84 0.0593946461876316
85 0.0513127920701215
86 0.0437108006672046
87 0.0366237714612175
88 0.0301375926336259
89 0.0244215967704533
90 0.0195615246018255
91 0.0155481673393663
92 0.0123189752544222
93 0.00979761797933927
94 0.00788175448170896
95 0.00646233909794644
96 0.00543641587252273
97 0.00470575032933286
98 0.00419904524081214
99 0.00386971474094163
100 0.00368870437487312
101 0.00363793658295535
102 0.00371196050087872
103 0.00391826162750075
104 0.00427738052207396
105 0.00482210976788662
106 0.00560436371744398
107 0.00670277815114483
108 0.00823151090182244
109 0.0103561912005883
110 0.0133162654225075
111 0.0174396770537963
112 0.0230943254420189
113 0.0306684086298555
114 0.0405055431478973
115 0.0527729875752916
116 0.0672644948188059
117 0.0832238438330793
118 0.0992511897331763
119 0.113564669659084
120 0.124973036797892
121 0.132770893966698
122 0.136632828046433
123 0.13663823247698
124 0.133344979853796
125 0.127536273770723
126 0.120054109577083
127 0.11164510203204
128 0.102752534188543
129 0.0937150999750865
130 0.084819533665911
131 0.0761747086810028
132 0.0674499331368242
133 0.0584053696851307
134 0.0491378891270169
135 0.0402226796159586
136 0.0321490345506215
137 0.0251862409532196
138 0.0194361672110508
139 0.0149069705077488
140 0.0114777139406909
141 0.00896170424502782
142 0.00715927002098898
143 0.00587641578631267
144 0.00497060796232152
145 0.00434536983531997
146 0.00393542491276897
147 0.00369335122544923
148 0.00359083924842097
149 0.00361570433926245
150 0.00376871475173579
151 0.0040609105300036
152 0.00451664738135694
153 0.00517722368556523
154 0.006103893228206
155 0.00737528121242932
156 0.00909614259298143
157 0.0114059029505296
158 0.0144907054667165
159 0.0185892840975671
160 0.0239964469475706
161 0.0310358301808079
162 0.0399155357393075
163 0.0506338960297957
164 0.0628589857172498
165 0.0758925837204571
166 0.088972620806753
167 0.101254811194159
168 0.111841324561291
169 0.119896087781886
170 0.124800190088827
171 0.126175124557678
172 0.123901009247278
173 0.118227861601256
174 0.110012981539665
175 0.100259728390171
176 0.0898882236751587
177 0.0796292594416769
178 0.0699367776670004
179 0.0610961142750327
180 0.0532683513740764
181 0.0464309270116662
182 0.0402363557303985
183 0.0344061006526503
184 0.0288659106581328
185 0.0238140390246851
186 0.0194024156966737
187 0.0156810835322271
188 0.0126375529452686
189 0.0102393255477671
190 0.00841572096264853
191 0.00707977552395624
192 0.00614380897852264
193 0.0055165965559155
194 0.00513473986918029
195 0.0049632395838011
196 0.00498811366140347
197 0.00520647837465022
198 0.00563430791041099
199 0.00631056010181369
200 0.00729619005857588
201 0.00865653987284718
202 0.0104680107140756
203 0.0128145530454727
204 0.0157823528578139
205 0.0194814102922435
206 0.0240248829979417
207 0.0295072439981963
208 0.0359860906489253
209 0.0434544735115491
210 0.0518113365165983
211 0.0608675167878654
212 0.0704621501509802
213 0.0804305923961246
214 0.0905897057927052
215 0.100664674612188
216 0.109994897682484
217 0.117716743245916
218 0.122910065696612
219 0.124831099151629
220 0.123396804682597
221 0.118870690858762
222 0.111705073649057
223 0.102545376115078
224 0.0923031604270677
225 0.081829789209109
226 0.0717868318281336
227 0.0625470909261756
228 0.0540494735708095
229 0.0461960443276218
230 0.0389428023869286
231 0.0323245657994663
232 0.0265009701855551
233 0.0215536547631326
234 0.0174730730531855
235 0.0142015896587094
236 0.0116434625542075
237 0.00968875769641629
238 0.00822921660628826
239 0.00716180875320859
240 0.00640798017687756
241 0.00591429479113779
242 0.00564585330331847
243 0.00557495529380947
244 0.0056910410830468
245 0.0060024099594524
246 0.00653295546970847
247 0.00731007757945112
248 0.00837266696111271
249 0.00977305673229054
250 0.0115809428043112
251 0.0139074312347885
252 0.0169043341474145
253 0.0207698827588546
254 0.0257371476708532
255 0.0319710258455913
256 0.0395392503348781
257 0.0483557764993132
258 0.0581261687580526
259 0.0683892597282128
260 0.0784833393183668
261 0.0876716690972297
262 0.0956162370342878
263 0.102227185690119
264 0.107562845710595
265 0.111710353692347
266 0.114458362346944
267 0.115539573097806
268 0.114741127861272
269 0.112043826225016
270 0.107956549146462
271 0.103100366073709
272 0.0980416866294725
273 0.0930959788519954
274 0.0878720398962453
275 0.0819111044888286
276 0.0749037473630365
277 0.0668127889498125
278 0.0580721904780134
279 0.0491948716113517
280 0.0406296148816066
281 0.0327582150092812
282 0.0259197931926397
283 0.0202564720202876
284 0.0157414184463808
285 0.0122546142697822
286 0.00963035606841221
287 0.00769809586734095
288 0.00630282467951006
289 0.00530810674262317
290 0.00461456673997654
291 0.00415555360511964
292 0.00388764139754674
293 0.00378026631143782
294 0.00382025654963951
295 0.0040118438888438
296 0.00437618550212117
297 0.00495079075089626
298 0.00579796275278744
299 0.0070158014788133
300 0.00874918952458132
301 0.0111874814146491
302 0.0145833167898318
303 0.0192658768600342
304 0.0256184953767258
305 0.0339330585656847
306 0.0442757175534454
307 0.0563028937268582
308 0.0691909752748758
309 0.082058148437726
310 0.0939624664071858
311 0.103988052862634
312 0.111528229047367
313 0.116256685952861
314 0.118090399175913
315 0.11719674823314
316 0.114046408770492
317 0.109232681652522
318 0.10336236336745
319 0.0969413620885948
320 0.0901930283091238
321 0.0832686919841256
322 0.0763081259281236
323 0.0693882388394632
324 0.0624123470301698
325 0.0553136442326118
326 0.0481103965184709
327 0.0409350509058503
328 0.0340792775604661
329 0.0277922693866885
330 0.0222300270026372
331 0.0174895485884706
332 0.0136572456327589
333 0.0106988935926044
334 0.00849053350503848
335 0.00686407063106734
336 0.00567861364756964
