1 0.000443287220496799
2 0.000412110968251721
3 0.000385965776923238
4 0.000364317729287976
5 0.000346693785777039
6 0.000332713107588925
7 0.0003220763883392
8 0.000314523266914389
9 0.00030986643595735
10 0.000307997424696465
11 0.000308870437523946
12 0.000312464246146757
13 0.000318815969237878
14 0.000328032250509814
15 0.000340276422440387
16 0.000355723559870127
17 0.000374598977564923
18 0.00039719285959706
19 0.000423844689066831
20 0.000454883014907777
21 0.00049065863224101
22 0.000531551059587715
23 0.000577899870721618
24 0.000629777646934084
25 0.000687054413059527
26 0.000749387726513758
27 0.000816289319720161
28 0.000887537861813642
29 0.000962911155997255
30 0.00104206277478728
31 0.0011245100608884
32 0.0012096188512467
33 0.00129659246695628
34 0.0013842188633302
35 0.00147000573019852
36 0.00155072813150037
37 0.00162272245499094
38 0.00168216700845749
39 0.0017257314085664
40 0.00175046730045579
41 0.00175391593671152
42 0.0017348877045525
43 0.00169520751995734
44 0.00163787587296539
45 0.00156625786200786
46 0.0014840714726409
47 0.00139576178056757
48 0.00130543796587165
49 0.00121650375865486
50 0.00113152986195177
51 0.0010520417530678
52 0.000979022073085873
53 0.000913109476776246
54 0.000854576925164702
55 0.000803154716838529
56 0.000758468354841638
57 0.000720120245628351
58 0.000687567897336818
59 0.000660315517017204
60 0.000637962339131895
61 0.000620140645033124
62 0.000606356288665234
63 0.000596157111072493
64 0.000589170926957643
65 0.000585052808695145
66 0.00058336313927878
67 0.000583663990175435
68 0.000585540111979076
69 0.00058851938398048
70 0.000591859470607406
71 0.000594735947567965
72 0.000596309311706567
73 0.000595856539575002
74 0.000593147669807879
75 0.000588098489547337
76 0.00058065546819954
77 0.000570786338576303
78 0.000558446665096827
79 0.000543625308989423
80 0.000526468041959817
81 0.000507568359714106
82 0.000487585619187938
83 0.000467115970897987
84 0.000446692877212426
85 0.000426809504981254
86 0.00040788664360544
87 0.000390269730718285
88 0.000374213715539124
89 0.000359826109521648
90 0.000347170077949411
91 0.000336300139716888
92 0.000327257330782836
93 0.000320042318925543
94 0.000314661167492184
95 0.000311141990460691
96 0.000309526810178319
97 0.000309839102754566
98 0.000312125347615755
99 0.000316470508041717
100 0.000322989037040133
101 0.000331788453574929
102 0.000343008376174674
103 0.000356836404008736
104 0.000373497453438807
105 0.000393207433265369
106 0.000416212377112083
107 0.000442788495720515
108 0.000473190133793948
109 0.000507677901811085
110 0.000546524044312328
111 0.000589937856017006
112 0.00063781708824996
113 0.000689839800622821
114 0.000745473083389712
115 0.000803999402539352
116 0.000864736179579256
117 0.000926869874241332
118 0.000989382704135742
119 0.00105111567214278
120 0.00111100384487705
121 0.00116795116112437
122 0.00122079606293947
123 0.00126846903266944
124 0.00131044514674002
125 0.00134644200887491
126 0.00137630229585015
127 0.00139983408660496
128 0.00141632101410865
129 0.00142497333395702
130 0.00142511244151603
131 0.00141655067909969
132 0.00140062621722612
133 0.00137908778787666
134 0.00135371170588757
135 0.0013263586888408
136 0.0012988081169483
137 0.00127270262615853
138 0.00124935173904871
139 0.00122917219004903
140 0.00121236790399309
141 0.00119914948781933
142 0.00118947796559784
143 0.00118229174922835
144 0.00117631216586613
145 0.0011702931604495
146 0.00116337044840073
147 0.00115611352005862
148 0.00114942995179016
149 0.00114420703056053
150 0.00114145586986717
151 0.0011427355661711
152 0.00114978326123881
153 0.00116445122370224
154 0.0011885848858345
155 0.00122343127645322
156 0.00127034974102706
157 0.00133095801863094
158 0.00140670380460596
159 0.00149929552160451
160 0.00161089387494608
161 0.0017438115418511
162 0.00189923922574161
163 0.0020778355456909
164 0.0022798071678768
165 0.00250466032019107
166 0.00275098309985948
167 0.00301609128457586
168 0.00329570488663705
169 0.00358282317975836
170 0.00386441786874413
171 0.00412315537203463
172 0.00433879144257219
173 0.00449124368505793
174 0.00456794241376495
175 0.00456126010532474
176 0.00446798186886512
177 0.00429256738245599
178 0.00405400819218752
179 0.00377453242882486
180 0.00347458371796633
181 0.00317111399418467
182 0.00287625952579008
183 0.00259864796506496
184 0.00234396848321985
185 0.002115250587892
186 0.0019137432142219
187 0.00173949766630658
188 0.00159133060136432
189 0.00146607424689227
190 0.00136064241251861
191 0.00127250000628966
192 0.00119962308468109
193 0.00114053886410328
194 0.00109414006514709
195 0.00105962570460813
196 0.00103654823904705
197 0.00102497062369584
198 0.00102533819830109
199 0.00103849748889005
200 0.00106560790241098
201 0.00110765359449179
202 0.00116602582902243
203 0.00124277614249443
204 0.00134058994167906
205 0.0014624325338586
206 0.0016119293620109
207 0.00179317585120886
208 0.0020092596577602
209 0.00226265636337373
210 0.00255507627096833
211 0.00288640481961638
212 0.00325215188646015
213 0.0036430906721263
214 0.00404466376583967
215 0.00443818285063354
216 0.00480733501775809
217 0.0051358654124323
218 0.00540712889980074
219 0.00560723487780559
220 0.0057325823546708
221 0.00578511566383529
222 0.00576996583408792
223 0.00569399773174434
224 0.00556298232663038
225 0.00538334874197791
226 0.00516249296743334
227 0.00490870710077717
228 0.00463167966738752
229 0.00434078368220991
230 0.00404437050867612
231 0.00375040954852937
232 0.00346840171601802
233 0.00320611029217955
234 0.00296749322236149
235 0.00274964767860972
236 0.00254883274133695
237 0.00236201811316731
238 0.00218703427014639
239 0.00202311801045451
240 0.00186980102552056
241 0.00172660665153522
242 0.00159356028250197
243 0.00147239993922221
244 0.00136461046885373
245 0.00127104493054494
246 0.00119197308913786
247 0.0011268605767377
248 0.00107512035624855
249 0.00103636333608141
250 0.0010103246635698
251 0.000996538502182671
252 0.000994815683701839
253 0.00100539701108275
254 0.00102885848092178
255 0.00106575314712892
256 0.00111698160742752
257 0.00118393840221655
258 0.00126836111310872
259 0.00137167837265108
260 0.00149538819367377
261 0.0016410447725155
262 0.00180978858193634
263 0.00200229628194464
264 0.00221857626719429
265 0.00245744941283335
266 0.00271544843174975
267 0.00298672054124705
268 0.00326282746760953
269 0.003533346693722
270 0.0037887510295828
271 0.00401923642956308
272 0.00421452779096064
273 0.00436496451419919
274 0.00446375805310486
275 0.00450627898494889
276 0.00448994964716988
277 0.00441537013606797
278 0.00428889694672278
279 0.00411922714488677
280 0.00391575925370865
281 0.00368885134280198
282 0.00345153218701984
283 0.00321555759398721
284 0.00298920194766495
285 0.0027749065601791
286 0.00257351883505618
287 0.00238552577365996
288 0.00221158350010573
289 0.00205371707950417
290 0.0019135708687922
291 0.00179210752050403
292 0.00168975862988381
293 0.00160641467154912
294 0.00154195142702768
295 0.00149648141638728
296 0.00147016460766064
297 0.00146236831681325
298 0.00147280287260277
299 0.00150186225588982
300 0.00155037652116938
301 0.00161876700827397
302 0.00170770772565317
303 0.00181830421434966
304 0.00195155702531417
305 0.00210659325502584
306 0.00228131122262561
307 0.00247236730443393
308 0.00267401372473852
309 0.00287502573426222
310 0.0030600653917721
311 0.00321212672693874
312 0.00331818042013763
313 0.00336745700677176
314 0.00335156155545105
315 0.00326806942657025
316 0.00312769864549635
317 0.00294541825917008
318 0.00273625369027839
319 0.0025138527171988
320 0.00228946704400575
321 0.00207188406890644
322 0.00186749492027092
323 0.00168004341258822
324 0.00150994328010506
325 0.00135665298444064
326 0.00121936576715239
327 0.00109694107689593
328 0.000987631767415328
329 0.000889785573311236
330 0.000801992359103912
331 0.000723199193108957
332 0.000653019483140735
333 0.000591078194530081
334 0.000536857377698149
335 0.000489677941241798
336 0.000448865950569761
