1 0.0135910429735455
2 0.0112795051074644
3 0.0094894981883631
4 0.00813412924095092
5 0.00712306209845519
6 0.00638583657886549
7 0.0058710555457488
8 0.00553758920777724
9 0.00535842211993866
10 0.00531942347876082
11 0.00541529540718559
12 0.0056418030778945
13 0.00600039957896613
14 0.00649881871327488
15 0.00715059742097804
16 0.0079765867208917
17 0.0090034303067412
18 0.0102627111433757
19 0.0117940822828202
20 0.0136601138282729
21 0.0159442693723963
22 0.0187532375168607
23 0.0222028310106425
24 0.0263332286445625
25 0.0311087556551309
26 0.036400288284808
27 0.0420092809611703
28 0.0478681365416108
29 0.0539762338014145
30 0.0603383163473513
31 0.0668645213801287
32 0.0734174675117815
33 0.0798372770432959
34 0.085822822046184
35 0.0905145649619136
36 0.0928344794776353
37 0.0917697044428316
38 0.0868190413713845
39 0.0787098185025317
40 0.0686068692129889
41 0.0576857370513383
42 0.0469864751298407
43 0.037351474714021
44 0.0292286707744562
45 0.0227180412315764
46 0.01768673875598
47 0.0138672389856478
48 0.0110001928218567
49 0.0088686985119844
50 0.00729585846511778
51 0.0061337522374686
52 0.00527488694068988
53 0.00464436575934364
54 0.0041901513847164
55 0.00387630636537817
56 0.00367930463864556
57 0.00358487637439457
58 0.003584823414781
59 0.00367789398958593
60 0.00387006310785538
61 0.00417368651895122
62 0.00460356377744973
63 0.00518056098958983
64 0.0059333501723056
65 0.00689776540208231
66 0.00811163304188749
67 0.00961436407018969
68 0.0114437062514342
69 0.0136359140754531
70 0.016246677682585
71 0.0193423581841859
72 0.0229941722613326
73 0.0272698717855549
74 0.032202435922421
75 0.0377857928244168
76 0.0439660547770099
77 0.0506419102165404
78 0.0577078508355435
79 0.0650354482548426
80 0.0723921754200047
81 0.0791740770012449
82 0.0845638157423513
83 0.0876788418724775
84 0.0878027301468255
85 0.0848065548050965
86 0.0789481096587702
87 0.0707602200543384
88 0.0610754928282668
89 0.0510832121757545
90 0.0417391732530041
91 0.0336031032819508
92 0.0268692754408185
93 0.0214348314295993
94 0.0171211907512325
95 0.0137423082822972
96 0.0111240959309213
97 0.00911502657830733
98 0.00758838636930421
99 0.00644225278609478
100 0.00559504292456206
101 0.00497721624883712
102 0.00453847386622962
103 0.00424510949275562
104 0.00407530507862625
105 0.00401477689966836
106 0.00405745068688737
107 0.00420450773519566
108 0.00446183495530707
109 0.00484210167177576
110 0.00536609564043923
111 0.00606195968868514
112 0.00695844929376645
113 0.00808755163989206
114 0.00948387785455177
115 0.0111846744262454
116 0.0132407645053385
117 0.0157102037231419
118 0.0186532656616105
119 0.0221302650183979
120 0.0262028800865816
121 0.0309275317258741
122 0.0363482028155313
123 0.0424766474777961
124 0.049231735459222
125 0.0564385978881618
126 0.063826131766815
127 0.0710506418823003
128 0.0778006398782086
129 0.083773322079512
130 0.0886740788810928
131 0.0921058741939882
132 0.0931801173183589
133 0.0909861607953107
134 0.0851870104857249
135 0.0768039714787347
136 0.0671565041489285
137 0.0573693093442115
138 0.0482110563986019
139 0.0400071483923925
140 0.0328855288983432
141 0.0268627355180497
142 0.0218794860077
143 0.0178345880196839
144 0.0146037137252009
145 0.0120579427657122
146 0.0100765071227933
147 0.00855323568214092
148 0.00740063759334785
149 0.00655016267523476
150 0.00594754610547676
151 0.00554292459484953
152 0.00530152172213136
153 0.00520308767169054
154 0.00523812237878136
155 0.00540356112736693
156 0.00570463436788849
157 0.00615413482203697
158 0.00676763335984863
159 0.00756610041819823
160 0.00857639996805006
161 0.00982974080490316
162 0.0113578074561018
163 0.0131901778737677
164 0.0153497589852443
165 0.017848654335328
166 0.0206906801342746
167 0.0238612099241926
168 0.0273183026561145
169 0.0310075698778504
170 0.0349419504942742
171 0.0391737328507742
172 0.0437825646386789
173 0.0488572655726443
174 0.0544112878726011
175 0.0604207329978543
176 0.0668398396814255
177 0.0734852683100182
178 0.079622923198216
179 0.0842066495770373
180 0.0860945281779153
181 0.0844706522484498
182 0.0796387627334569
183 0.07238796948176
184 0.0636738072385308
185 0.0545371698022104
186 0.045806958029353
187 0.0380099372320113
188 0.0313685446761571
189 0.0258180867476885
190 0.0212302272716068
191 0.017472449616865
192 0.0144237561094826
193 0.011991035482385
194 0.0100835013055693
195 0.00861513654282184
196 0.00750674284747948
197 0.00667922602640983
198 0.00607225978438483
199 0.00564391344244779
200 0.0053658390167682
201 0.00521944894048452
202 0.00519530561672334
203 0.00529252522063157
204 0.00551610096275475
205 0.00586849497200378
206 0.00635538112551222
207 0.00698751294712211
208 0.00778259783060335
209 0.00876300720951149
210 0.00995434178962301
211 0.0113866541175687
212 0.0131025783518641
213 0.0151542407576287
214 0.0176020841896446
215 0.0205049920599464
216 0.0238760400254501
217 0.0276828516989784
218 0.0318396097409285
219 0.0362265420604366
220 0.0408135782767893
221 0.0456155425566327
222 0.0506701770012231
223 0.0560029029213347
224 0.0614849734781717
225 0.0669009283595805
226 0.0719831853933309
227 0.076381168717405
228 0.0795439098935731
229 0.0808679650293323
230 0.0798252808811008
231 0.0761980676471352
232 0.0704859891809232
233 0.0634134026295692
234 0.0556761505768691
235 0.0478360364826667
236 0.0403273585183707
237 0.0334525325205135
238 0.0273981001595698
239 0.022272727232339
240 0.0180771976422879
241 0.0147356509772909
242 0.0121329713843734
243 0.0101381809133682
244 0.00863502259290345
245 0.00752978362661335
246 0.00674756953781669
247 0.00622185956255436
248 0.00590728121541685
249 0.0057786636889048
250 0.00582503339959836
251 0.00603958891703887
252 0.00642604592766452
253 0.00699990407563215
254 0.00778615039361042
255 0.00881185887077368
256 0.0101075707457348
257 0.0117052378614838
258 0.01363876105507
259 0.0159618227978913
260 0.0187386339954664
261 0.0220243980015883
262 0.0258031225006951
263 0.0299841382466175
264 0.0343913925723883
265 0.0388091864223209
266 0.0432089075889003
267 0.0476679001692496
268 0.0523266755947579
269 0.0573561546907871
270 0.0628285611678278
271 0.0687901340080561
272 0.0752930882558536
273 0.0822533538022904
274 0.0889319752856724
275 0.0942253385488765
276 0.0968862276741591
277 0.0959044032986916
278 0.0912514056399831
279 0.0834380365301309
280 0.0732759944036356
281 0.061828969634649
282 0.0503748997641344
283 0.0398906364881889
284 0.0309199835285986
285 0.0236402847449199
286 0.0179712758175393
287 0.0136943521043083
288 0.0105385824110979
289 0.00822888292951884
290 0.00654532046379625
291 0.00532402200972155
292 0.00444359517854662
293 0.00381121021480516
294 0.00336247501112028
295 0.00305455147118666
296 0.00285917679261194
297 0.00275694672770572
298 0.0027370912273056
299 0.00279640540323449
300 0.00293788785158998
301 0.00316861269217199
302 0.00350166436995852
303 0.0039574971525533
304 0.00456475736163043
305 0.00535982726097895
306 0.00638917760157802
307 0.00771116350430292
308 0.00939652995041291
309 0.0115261958866473
310 0.0141888596950623
311 0.017476227534376
312 0.0214775684884767
313 0.0262657597359679
314 0.0318791288562351
315 0.0383022893120996
316 0.0454524653967933
317 0.053159461760721
318 0.0611530544997061
319 0.0690561283242625
320 0.0763736162580194
321 0.0825369310961117
322 0.0869633976730423
323 0.0891567566977438
324 0.0888765427688452
325 0.0860948145716231
326 0.0809774684947307
327 0.0739522394881227
328 0.0658450776394691
329 0.057461529610361
330 0.0494206075611182
331 0.0420851393328028
332 0.0354952107231782
333 0.0296266038654482
334 0.0244756598972447
335 0.0200949143927654
336 0.0164797083734166
