1 0.00394186400964774
2 0.00362755680989459
3 0.00335115886412775
4 0.00311150680894178
5 0.00290598229385758
6 0.00273192779930364
7 0.00258703419066849
8 0.0024693079031047
9 0.00237720651578291
10 0.00230969908437193
11 0.0022660065039409
12 0.0022447815147499
13 0.00224505114356866
14 0.00226646712953317
15 0.00230927566262087
16 0.00237432212613599
17 0.00246306399183218
18 0.00257761674653088
19 0.00272056569924033
20 0.00289414205840604
21 0.00310083797078476
22 0.00334360949788468
23 0.00362545890618145
24 0.00394799015469572
25 0.00431186295204267
26 0.00471672185734449
27 0.00516029011183983
28 0.00563615608640294
29 0.00613402871588726
30 0.00664063160743097
31 0.00714311038818747
32 0.0076271222567036
33 0.00807627906080837
34 0.00847186894018489
35 0.00879093031476057
36 0.00900961129565432
37 0.00910583986768849
38 0.00906542041270823
39 0.00889533215607809
40 0.00861149610751414
41 0.00823325753830893
42 0.00778271267358813
43 0.00728567434886511
44 0.00676640914374419
45 0.00624551703913693
46 0.00573971916412423
47 0.00526240533480481
48 0.00482311032755254
49 0.00442790912113783
50 0.00407957690060745
51 0.00377690989761574
52 0.00351770413213051
53 0.00329973673376642
54 0.00312066909540394
55 0.00297739203961233
56 0.00286728195217303
57 0.00278848456287173
58 0.00273976161647782
59 0.00272068582224513
60 0.00273173830395254
61 0.00277401616124717
62 0.00284815701556454
63 0.0029554245446014
64 0.00309807806244302
65 0.00327897024542616
66 0.00350005679271842
67 0.00376327458589808
68 0.00407071369909525
69 0.00442363132524136
70 0.00481945686466277
71 0.00525249224238632
72 0.00571372957119644
73 0.0061911629282992
74 0.00667297236092589
75 0.00714544519672724
76 0.00759226947918038
77 0.0079975569597014
78 0.00835526429471667
79 0.00866350844777106
80 0.00892022920503066
81 0.00911683348485644
82 0.00924356844044776
83 0.00929189353318533
84 0.00925388452601815
85 0.0091194341869182
86 0.00888073029015441
87 0.00853448737724141
88 0.00808639761580953
89 0.00756049060093132
90 0.00698429836540349
91 0.0063831519411941
92 0.00577992663209029
93 0.00519648128119086
94 0.00464939206237154
95 0.00414939860431551
96 0.00370193867951869
97 0.00330731912170654
98 0.00296362096371508
99 0.0026678794305017
100 0.00241633156658709
101 0.00220420759251391
102 0.00202705232399001
103 0.00188106799798538
104 0.00176298201605334
105 0.00166969667755273
106 0.00159875611656754
107 0.00154833587909431
108 0.00151694511127062
109 0.00150367673671979
110 0.00150826251157017
111 0.00153095844573725
112 0.00157222205470418
113 0.00163303929493924
114 0.00171506119468623
115 0.00182054315565518
116 0.0019520029750954
117 0.00211255514308283
118 0.00230607444929613
119 0.00253692684322361
120 0.0028087491115767
121 0.0031248686570464
122 0.00348825308713098
123 0.0039009709947454
124 0.00436321363060058
125 0.00487279277784205
126 0.00542446781120335
127 0.00600985794321585
128 0.00661934276682682
129 0.0072406039076391
130 0.00785798332307821
131 0.00845006502193581
132 0.0089811187864644
133 0.00940807761954196
134 0.00969095392748055
135 0.00981259313383541
136 0.00976835506115357
137 0.00956190758166344
138 0.00920706908284863
139 0.00873261959287373
140 0.00817169752206067
141 0.00755654644148835
142 0.00691761039265013
143 0.00628498418538886
144 0.00568254449664685
145 0.00512684871778534
146 0.00462720223273783
147 0.00418485520941603
148 0.00379822739465365
149 0.00346469570585643
150 0.00318085003862785
151 0.00294229296466253
152 0.00274491408620821
153 0.0025852760801173
154 0.0024603873391011
155 0.00236697558666952
156 0.00230250664063137
157 0.00226523244214643
158 0.00225360682597427
159 0.0022667867048787
160 0.00230474866967167
161 0.00236800915874217
162 0.00245680350066912
163 0.00257168844857828
164 0.00271369237712525
165 0.00288387891297664
166 0.003082006355798
167 0.00330706569251331
168 0.00355727887736703
169 0.00382979157434253
170 0.0041204325089559
171 0.00442336516271831
172 0.00473083527680548
173 0.00503408716867819
174 0.00532698953265901
175 0.00560390736308113
176 0.00585892519721312
177 0.0060853580306108
178 0.00627381997106057
179 0.00641424567171768
180 0.00649705315830585
181 0.00651379075298991
182 0.00645782887931922
183 0.00632502710295269
184 0.00611662984898989
185 0.00584578959606728
186 0.00552874559239372
187 0.00518124315101882
188 0.00481825402435912
189 0.00445480228799861
190 0.0041033500155672
191 0.00377320006574747
192 0.00347046495599927
193 0.00319768831411015
194 0.00295579485157928
195 0.00274486860454828
196 0.00256425380564334
197 0.00241228949973231
198 0.00228731997768651
199 0.00218803094163514
200 0.00211330001069694
201 0.00206163260147763
202 0.00203196924423084
203 0.00202391259946978
204 0.00203757676501946
205 0.00207313096042929
206 0.00213127140562162
207 0.00221324112513186
208 0.0023203639077146
209 0.00245442806218282
210 0.00261782448296982
211 0.00281308635950602
212 0.00304119110909679
213 0.00330229455092325
214 0.00359577930501266
215 0.0039202020112099
216 0.00427416483092328
217 0.0046553264229978
218 0.00505981204100263
219 0.00548281288662337
220 0.00592153852770552
221 0.00637345123469923
222 0.00683550886103927
223 0.00730358189659151
224 0.0077704262393355
225 0.0082269472715383
226 0.00866281645347054
227 0.00906486192318852
228 0.00941137513354781
229 0.00967735506443661
230 0.00983770740250311
231 0.00986975974805341
232 0.00975702935106308
233 0.00949003345370356
234 0.00907317458915258
235 0.00853989184411255
236 0.00792998059508136
237 0.00728022750990919
238 0.00662288625183679
239 0.00598617514056572
240 0.00539104292692953
241 0.00485112083094291
242 0.00437284053860498
243 0.00395422470539513
244 0.00359119104289857
245 0.00327943122265774
246 0.00301459079437053
247 0.00279221774969387
248 0.00260834999075888
249 0.00245970151435107
250 0.00234350870002093
251 0.00225704568620341
252 0.00219831043852055
253 0.00216619460768137
254 0.00216025173184883
255 0.00218004094375349
256 0.00222580473896292
257 0.00229868749621958
258 0.0024005543949023
259 0.00253332703160866
260 0.00269953148751955
261 0.00290226424088368
262 0.0031443475786865
263 0.00342868558281186
264 0.00375825920888877
265 0.00413480987511894
266 0.00455448837658002
267 0.00500881763957177
268 0.00548454786026143
269 0.00596454571082789
270 0.0064335141259235
271 0.00687508712341993
272 0.00727097712160418
273 0.00760275071101662
274 0.00785600378741524
275 0.00801912626600212
276 0.0080832704563826
277 0.00804301286095166
278 0.00789677654754749
279 0.0076472359113959
280 0.00730137912444027
281 0.00687272651826858
282 0.00638681296786519
283 0.00586996917640072
284 0.00534549807726546
285 0.00483388517801297
286 0.0043506576542732
287 0.00390625672037973
288 0.00350642419354757
289 0.0031522803073572
290 0.00284284586377524
291 0.00257609436446528
292 0.0023491283053785
293 0.00215785634219625
294 0.00199842405069087
295 0.00186758482761406
296 0.0017625590659603
297 0.0016806640245348
298 0.00161979491734681
299 0.00157851529639014
300 0.0015559089361744
301 0.00155124712162879
302 0.00156431174877249
303 0.00159549312471669
304 0.001645683809812
305 0.00171591536591968
306 0.00180770780069008
307 0.00192321625278218
308 0.00206515567226441
309 0.00223640790632113
310 0.00244030580737816
311 0.00268041198604739
312 0.00295926048683372
313 0.00327866823950718
314 0.00363959487846244
315 0.00404132872507164
316 0.00447967173521078
317 0.00494676053362512
318 0.00543065055607633
319 0.0059161106031573
320 0.00638909609421068
321 0.00683469367806778
322 0.00723658395564954
323 0.00757712529229568
324 0.00783616773020713
325 0.00799402750052106
326 0.00803384114667167
327 0.00794686708841029
328 0.00774380674385369
329 0.00744314011415943
330 0.00706573346722856
331 0.00663412334438457
332 0.00617363782063668
333 0.00570699724434576
334 0.00525193157795814
335 0.0048199083836314
336 0.00441863481350918
