1 0.0176836544565514
2 0.0145279228709391
3 0.0118967676594952
4 0.00976142946394429
5 0.00805964924256843
6 0.0067234700094278
7 0.00568875759958455
8 0.00489697881457946
9 0.00430109082522578
10 0.00386559369485932
11 0.00356395244921733
12 0.00337445417662428
13 0.00328361773115236
14 0.00328622233275103
15 0.00338396104632609
16 0.00358278231132146
17 0.00389614728267121
18 0.00434729512476361
19 0.00497027779042493
20 0.00580743575891282
21 0.00691438698296409
22 0.00836380893358743
23 0.010241862434059
24 0.0126201009822477
25 0.0155447887554683
26 0.0190149093757548
27 0.0229685962342501
28 0.0273351920634457
29 0.0320079472558586
30 0.0368269243167891
31 0.0415803827695474
32 0.0460140359985559
33 0.0498480457837417
34 0.0528115107866775
35 0.0547058181233523
36 0.0554018173716008
37 0.0548435763452551
38 0.0530690566610336
39 0.0502459390410597
40 0.0466044752770958
41 0.0423969755118609
42 0.0378825622830159
43 0.0333254608592656
44 0.0289407228045164
45 0.0248790271127024
46 0.0212271877249588
47 0.0180110934414453
48 0.0152252337536868
49 0.0128457545091919
50 0.0108371937256666
51 0.00915769551633587
52 0.00776440184858917
53 0.00661639569909397
54 0.00567799458829581
55 0.00492287882185566
56 0.00432728036808959
57 0.00386923590618911
58 0.00352842548122297
59 0.00328952879333685
60 0.0031429131027263
61 0.00308343462686181
62 0.0031069998124571
63 0.00321484981834908
64 0.0034150653114792
65 0.0037230860569961
66 0.00416191582154507
67 0.00476572949609705
68 0.0055842420073621
69 0.00668512425103932
70 0.00814590502565692
71 0.0100597585645946
72 0.0125366053386129
73 0.0156897647066073
74 0.0195849531456
75 0.0242066784675678
76 0.0294135221591017
77 0.034912517717859
78 0.0403227108180804
79 0.0451722347996796
80 0.0490001780598902
81 0.0516616519102331
82 0.0532067016592053
83 0.0537927110679043
84 0.0536057142244102
85 0.0527078655736258
86 0.0511473357121392
87 0.048994758909462
88 0.0463210705660906
89 0.0431486266599109
90 0.0395176852583636
91 0.0355068053610756
92 0.0312576137339638
93 0.0270204807833636
94 0.0230095062067765
95 0.0193649618989097
96 0.0161638666650448
97 0.013438366349814
98 0.0111781375890827
99 0.00934491239862834
100 0.00788360965336157
101 0.00672603032580536
102 0.00581306404167005
103 0.00509785151735453
104 0.00454332898068534
105 0.0041193950800594
106 0.00380346385345144
107 0.00358014299893598
108 0.00344184926995834
109 0.00338628916084554
110 0.00341637082164729
111 0.00354008873326852
112 0.00376794124256118
113 0.0041181085857078
114 0.00462011783742309
115 0.00531677871719472
116 0.00626130764298024
117 0.00752491662236503
118 0.00920336747010631
119 0.0114171841718549
120 0.0142896856809293
121 0.017939276116234
122 0.0224586037860316
123 0.0278780428890132
124 0.0341199786784737
125 0.0409506582301644
126 0.0479453751733142
127 0.0545416505631974
128 0.0602950121471317
129 0.0648500384586411
130 0.0679332573464912
131 0.0693848928927423
132 0.0691935954005947
133 0.0674664457374987
134 0.0644082543619789
135 0.0603145844474655
136 0.0555098335377871
137 0.0503073144544677
138 0.0449792335088407
139 0.0397286309676418
140 0.034710281580343
141 0.0300364380009769
142 0.0257756495022657
143 0.0219515632079601
144 0.0185648657175359
145 0.015601656877783
146 0.0130435145922079
147 0.0108814460347547
148 0.00909044808173109
149 0.00763193989548507
150 0.00646182790526392
151 0.00553554054007557
152 0.00481319527320812
153 0.00426144957445527
154 0.00385358249139082
155 0.00356864387099844
156 0.00339290715040477
157 0.00331905516691722
158 0.00334319834985418
159 0.00346889010864432
160 0.00370912172615816
161 0.00408668896405298
162 0.00463083954690795
163 0.00538391424650783
164 0.00640680012753143
165 0.00778045825137415
166 0.00959370390028366
167 0.0119439333509776
168 0.0149296594841522
169 0.0186385799588431
170 0.0231510938116191
171 0.0285121069937232
172 0.034699112276591
173 0.0415893519785383
174 0.0489210027729537
175 0.0562822560752714
176 0.0631238624096674
177 0.068854228352966
178 0.0730959831933475
179 0.075627489490394
180 0.0763527488422812
181 0.0753408475289714
182 0.0729232688640367
183 0.0695194318098875
184 0.06549959545145
185 0.0610381795437489
186 0.0562657496719668
187 0.0513117526000424
188 0.0462788080675483
189 0.0411937316904043
190 0.0360950916913357
191 0.0310530181392172
192 0.0261916731265797
193 0.0217281667416762
194 0.0178086457329143
195 0.0144869034203016
196 0.0117515284225623
197 0.00955257395921587
198 0.00782014600447641
199 0.00647948415155821
200 0.00545903675118247
201 0.00469234552764381
202 0.0041272640713865
203 0.0037258592847868
204 0.00346082624349644
205 0.00331017124852548
206 0.00326115078972824
207 0.00330946755261196
208 0.00345605274433554
209 0.00370929029119311
210 0.00408638128829376
211 0.00461371135423808
212 0.00532439671381626
213 0.00626209523062785
214 0.00748364411292391
215 0.00905835496105281
216 0.0110581535698392
217 0.0135536637199554
218 0.0166042657733629
219 0.0202424209737825
220 0.0244579939680479
221 0.0291737238942813
222 0.0342226147683619
223 0.0393440422210401
224 0.0442243690957199
225 0.0485032362374634
226 0.0517997591286565
227 0.0537915710894077
228 0.0543694253213473
229 0.0535662701101506
230 0.0515132130670864
231 0.0484150164579202
232 0.0445183199843898
233 0.0400898231922609
234 0.0353995180853635
235 0.0307134988238353
236 0.0262450948898231
237 0.0221413063341514
238 0.0184913835552694
239 0.0153439026530046
240 0.0127002254493582
241 0.0105273683582257
242 0.00877047557699761
243 0.00735881040427528
244 0.00622852846442519
245 0.00532676869535185
246 0.00461054745507908
247 0.00404562235276372
248 0.00360495709246408
249 0.00326762191748271
250 0.00301827620551311
251 0.00284735456976231
252 0.00274968837961982
253 0.00272449994482212
254 0.00277511045480539
255 0.00290673730805134
256 0.00313062532295136
257 0.00346673101437571
258 0.0039453982623913
259 0.00460671014633408
260 0.00550705303604261
261 0.00672414967996593
262 0.00835574467471874
263 0.010525976264208
264 0.0133892018505004
265 0.0171166431912274
266 0.0218248695235465
267 0.0275279950319201
268 0.0340708199713902
269 0.0410970518945059
270 0.0481858723597174
271 0.0548354596902141
272 0.0604815447739852
273 0.0645999040731493
274 0.0669000864725428
275 0.0672833455567304
276 0.0658105409927834
277 0.0627185926753767
278 0.0584779951585982
279 0.0535948614977541
280 0.048513179680009
281 0.0435517065393916
282 0.0388274256969212
283 0.034398312589263
284 0.0303002551952974
285 0.0265433416971056
286 0.0231268995281243
287 0.0200441023540897
288 0.0172833841714935
289 0.0148301640722636
290 0.0126663165775633
291 0.0107709781965538
292 0.00912601426615618
293 0.00772466496596644
294 0.00655260705820091
295 0.00558793340789432
296 0.00480641557906768
297 0.00418605519623129
298 0.0037063356598746
299 0.00334951622837447
300 0.00310075955995305
301 0.00294576319060467
302 0.00287590761453409
303 0.0028893493342541
304 0.0029904023228763
305 0.00318751366844905
306 0.00349712157905626
307 0.00394679115798463
308 0.00457768100818171
309 0.00544433651587313
310 0.00662252822110802
311 0.00821189492098865
312 0.0103163288360593
313 0.0130400871208991
314 0.0164712585090512
315 0.0206492893804552
316 0.0255216864803448
317 0.030895782928363
318 0.0364012028797179
319 0.041535638839232
320 0.0459051792192327
321 0.0492044974448077
322 0.0512128386128491
323 0.0518740892759096
324 0.0514738040540208
325 0.0504207549961412
326 0.0491292601801711
327 0.0478889327659703
328 0.0465851620649297
329 0.0450240845446671
330 0.0430408182299378
331 0.0405139814648285
332 0.0373859579727485
333 0.0336717492464557
334 0.0295131267749479
335 0.0252632088462285
336 0.0212305307211193
