1 0.00576568839884208
2 0.00528188431543783
3 0.00488999888111661
4 0.00456088715346048
5 0.00425523028334356
6 0.00393919457354076
7 0.00359485849168339
8 0.00323406018085926
9 0.00287286556566365
10 0.00252402615093731
11 0.00219914842608276
12 0.00191340152753438
13 0.00167579105036264
14 0.00148925725905287
15 0.00135289469855057
16 0.00126253430961453
17 0.00121556962213238
18 0.00121267672760522
19 0.00125812285507951
20 0.00135880086533099
21 0.0015282594656759
22 0.00179058959701686
23 0.00218433888093012
24 0.00276329622092306
25 0.00360736257531859
26 0.00483572052631381
27 0.0066062505181203
28 0.00903459919879041
29 0.0121195717440894
30 0.015682498753524
31 0.0195147607489321
32 0.0233617876489514
33 0.0269180233135388
34 0.0298711673649082
35 0.0319654123109507
36 0.0330301045403625
37 0.032997156105154
38 0.0318954086232404
39 0.0298137160933954
40 0.0269222906827716
41 0.0234615237812481
42 0.0197471335674209
43 0.016190497339321
44 0.0130688757369022
45 0.0104984185235935
46 0.00847027737314894
47 0.00687925090735057
48 0.00562694155866127
49 0.00463766155467054
50 0.00385343890288166
51 0.00323037238397846
52 0.00273442871076809
53 0.00233906575346512
54 0.00202441155360255
55 0.00177758559885852
56 0.0015885500168123
57 0.00144865834629015
58 0.00134913459272436
59 0.00128348465912314
60 0.00124765064825907
61 0.00124006963118752
62 0.00126295715191204
63 0.00132136327024219
64 0.0014237935108162
65 0.00158338523708897
66 0.00181829637768013
67 0.00215638488357334
68 0.00264125022658584
69 0.00333722612127174
70 0.00432203388664206
71 0.00569355932799246
72 0.0075705918372697
73 0.0100830481029274
74 0.0133504439440964
75 0.017442235129675
76 0.0223212122789809
77 0.0277990803468964
78 0.0335765483467117
79 0.0392287540795416
80 0.0441854047158668
81 0.0476560317103388
82 0.0488416164831893
83 0.047189693668943
84 0.0427967601338701
85 0.0368637282843728
86 0.0306470929790745
87 0.0250006283738004
88 0.0203040576283371
89 0.016497577115867
90 0.0134443675952066
91 0.0110157906949801
92 0.00909858479486602
93 0.00759953716703804
94 0.00643997889806639
95 0.00555505359981272
96 0.00488895853092687
97 0.00438414532279746
98 0.00399671900573917
99 0.00369552689110126
100 0.00345478558893441
101 0.00324356849781585
102 0.00303516275705402
103 0.00280927800353417
104 0.00255964062524361
105 0.00231071782689544
106 0.0020861133948583
107 0.00190005478953929
108 0.00175764895666216
109 0.00166153021144711
110 0.00161497732348986
111 0.0016221748893794
112 0.0016848897744849
113 0.00180873565170597
114 0.00200582418710231
115 0.00229645948395151
116 0.0027115338546822
117 0.00329799443644669
118 0.00412706308726666
119 0.00529712943408026
120 0.0068999878636387
121 0.00900862342756629
122 0.0116436045704704
123 0.0147410160771447
124 0.0182111249367101
125 0.0219097371394364
126 0.0256202502542284
127 0.0290757783750943
128 0.0320286929025155
129 0.0342632929369006
130 0.0356124290376687
131 0.0359514892570685
132 0.0351365967412616
133 0.0331095748606327
134 0.0299882783989912
135 0.0261417511917307
136 0.0219874414419264
137 0.0178883467726972
138 0.0141506346179303
139 0.0110553659987777
140 0.00868876375999479
141 0.00699821170233772
142 0.00586197771456397
143 0.00510185690910335
144 0.00459106380217614
145 0.00425061885900724
146 0.00402533264558793
147 0.0038625712128723
148 0.00371708131019385
149 0.00355059492092116
150 0.00333770089229277
151 0.003082679334466
152 0.00279759367678862
153 0.00249492101316322
154 0.00219090436181277
155 0.00191300870964859
156 0.00168040182259113
157 0.00150068750076326
158 0.00137063278233897
159 0.00128640054007398
160 0.0012465939596028
161 0.00125248239422375
162 0.00130696112418816
163 0.00141800692705072
164 0.00160138405662105
165 0.00188312568310087
166 0.0023001787683952
167 0.0029090985494604
168 0.00379727783741195
169 0.00509334769180847
170 0.00695823311629281
171 0.00958533905747604
172 0.0131816400119981
173 0.0178960107634501
174 0.0236200504026674
175 0.0298230651250736
176 0.0354661303131581
177 0.0392940678488826
178 0.0408000819394267
179 0.0400879639159832
180 0.0376196982856569
181 0.0340405016241328
182 0.0300344185794817
183 0.0261458102585253
184 0.0226809369783258
185 0.0196429917522632
186 0.0169811544998983
187 0.0146508122103572
188 0.0126113017372541
189 0.010822458944507
190 0.00925059692514972
191 0.00786861443189288
192 0.00665919292522666
193 0.00562176815366291
194 0.00475002094855917
195 0.00403028532689754
196 0.00344352923072945
197 0.0029645411912455
198 0.00257166686086902
199 0.00224797315143584
200 0.0019808094808368
201 0.00176234950290434
202 0.00158636518496638
203 0.00144757051365254
204 0.00134249581706204
205 0.00127152793071216
206 0.00123660052317402
207 0.0012405050042667
208 0.00128501137345453
209 0.00137483904822954
210 0.00151959596417584
211 0.00173498233535165
212 0.00204351024803521
213 0.00247890379818205
214 0.00309187853372223
215 0.00395499197749886
216 0.00515641793991803
217 0.00680379681283476
218 0.00902129525686615
219 0.0119220419067858
220 0.0155103738825103
221 0.0196030705739369
222 0.0237581428744678
223 0.0273640647378762
224 0.0301309757047826
225 0.0320214087533854
226 0.0331529364699913
227 0.0337191896082353
228 0.0338480232345462
229 0.0336601285519115
230 0.0332847832553453
231 0.0327474975616084
232 0.031673478270268
233 0.029660590282578
234 0.0265885372813396
235 0.0229237771311986
236 0.0191776394714833
237 0.0157084156066204
238 0.0127123919450072
239 0.0102529338631693
240 0.00831272754368247
241 0.00683406629832788
242 0.00573991576218049
243 0.00493839658866394
244 0.00435864231360305
245 0.00395204760200883
246 0.00367946426564355
247 0.00348904440034057
248 0.00333596868176541
249 0.0031839141960304
250 0.00301035545369355
251 0.00282582347678745
252 0.00264583953200102
253 0.0024825332393796
254 0.00234493611341151
255 0.00223942198938028
256 0.00217141537028482
257 0.00214676646510794
258 0.00217335086426239
259 0.00226354531086768
260 0.00243672869424129
261 0.00272024934586494
262 0.00314162897884946
263 0.00373926370472571
264 0.00456914498314494
265 0.00570847694051591
266 0.00725494380594688
267 0.00932939241061459
268 0.0120738316686447
269 0.0156256377372277
270 0.0200146667260291
271 0.0250918796752347
272 0.0304552639231936
273 0.0354615796859822
274 0.0394821836944328
275 0.0419552094426269
276 0.0424658500948661
277 0.0409128630177919
278 0.0377192433011655
279 0.0335036303045248
280 0.0288668883499102
281 0.0242817219523945
282 0.0200317533586569
283 0.0162757621908579
284 0.0130760589448478
285 0.0104170922056733
286 0.00824991473694446
287 0.00651164143500711
288 0.00513937704293303
289 0.00408217248006018
290 0.00328664217621793
291 0.0027015432426292
292 0.00227930327324867
293 0.00197024007733448
294 0.00173847675042464
295 0.00156009828371024
296 0.00141939900682254
297 0.00130802415920745
298 0.00122043003682847
299 0.00115245078095798
300 0.00110167437009429
301 0.00106916772015643
302 0.0010571175284121
303 0.00106858305720877
304 0.00110747555149828
305 0.00117700451358895
306 0.00128211698195735
307 0.00143076674280516
308 0.00163484555501559
309 0.00191155444180318
310 0.00228571098942569
311 0.00279192856922036
312 0.0034735734939152
313 0.00438710692491658
314 0.00560586067680976
315 0.00721792264607473
316 0.0093026026067501
317 0.0119141579766067
318 0.0150541357564586
319 0.0186403891037348
320 0.0225035393590454
321 0.0263664702786875
322 0.0298480219556582
323 0.0325095470877692
324 0.0339491740510674
325 0.0338762374454463
326 0.0321845821565142
327 0.0290741162024447
328 0.0251868970035207
329 0.0211583961190693
330 0.0174321292520146
331 0.014248337921986
332 0.0116863681312272
333 0.00972900781139695
334 0.00829574794765697
335 0.00723926153842522
336 0.00644390651247285
