1 0.00238387090538098
2 0.00202886475445016
3 0.00177815778720417
4 0.00160654092708723
5 0.00149692298716633
6 0.0014388126974054
7 0.00142683969344304
8 0.00145955485964035
9 0.00153959552933738
10 0.00167416594755954
11 0.00187582474343061
12 0.00216330187295139
13 0.00256467387454454
14 0.00312169434394034
15 0.00389520777272239
16 0.00497001530938333
17 0.0064662862996882
18 0.00855427171525426
19 0.0114640384644985
20 0.0154577557894288
21 0.0208108631602086
22 0.0277626153927031
23 0.0364612699161565
24 0.0470301252728949
25 0.0595039901065248
26 0.0737662559731126
27 0.0893217460417173
28 0.104449983009452
29 0.116479611437826
30 0.122739470349453
31 0.122406507042518
32 0.115910605703977
33 0.104452582694571
34 0.0897696599504258
35 0.0738773229313226
36 0.0585113901899317
37 0.0448536719917699
38 0.0335010690780318
39 0.0245771357606143
40 0.0178637700165101
41 0.0129778716705832
42 0.0094995309843074
43 0.00703952166328131
44 0.00530163269082365
45 0.00407330099573844
46 0.00320330408000855
47 0.00258284783298402
48 0.00213793483860581
49 0.00181894839456551
50 0.00159236492817105
51 0.00143507268820324
52 0.0013318686174703
53 0.00127335545520004
54 0.00125441924544722
55 0.00127317554589039
56 0.0013310487865947
57 0.0014328975810637
58 0.00158709480236691
59 0.00180698820392048
60 0.00211284508964156
61 0.00253444317041817
62 0.00311418086135904
63 0.00391325986062251
64 0.00502044448229973
65 0.00656019919801717
66 0.00868614519496726
67 0.0115857438398219
68 0.0154754980956258
69 0.0205867826454009
70 0.0271662476902915
71 0.0354339782142573
72 0.045524222831448
73 0.0573885616690507
74 0.0705904160481276
75 0.0842493625644625
76 0.0970675719017476
77 0.107485380258833
78 0.114023876546032
79 0.115506097529307
80 0.111432905128892
81 0.102529135347355
82 0.0901589303065348
83 0.0759115109016163
84 0.0613615601662411
85 0.0478902174830264
86 0.0363415562081715
87 0.0270187645200002
88 0.0198356120019642
89 0.0144883724880656
90 0.0106078486085998
91 0.007843218812451
92 0.00589464437560921
93 0.004517288795346
94 0.00353769979595679
95 0.00283745070689475
96 0.0023352956236246
97 0.00197451775677233
98 0.00171669977886469
99 0.00153618914315509
100 0.00141595076658503
101 0.00134457852278566
102 0.00131545210736071
103 0.00132595663325833
104 0.00137695531430671
105 0.00147247279702922
106 0.00162057196546068
107 0.00183440597090127
108 0.00213339093932118
109 0.00254617953910647
110 0.00311487785584442
111 0.00389992497146788
112 0.00498250232107205
113 0.00647384415485008
114 0.00852569252806157
115 0.0113369982018941
116 0.0151412500061158
117 0.0201949424008011
118 0.0267462043938082
119 0.0349845265251947
120 0.0450020514874014
121 0.0567112113579025
122 0.0697655502236699
123 0.0834503853194438
124 0.0964294674294433
125 0.106920857416754
126 0.113020710477073
127 0.113384000025579
128 0.108399621709008
129 0.0993255225028429
130 0.0876972809064926
131 0.0749457501536081
132 0.0620406049774806
133 0.0497461714096622
134 0.0386938937161015
135 0.0294003671852488
136 0.0220124331780273
137 0.0163866579453935
138 0.0122308104871182
139 0.00920262462273919
140 0.00701223274517148
141 0.00543568744472906
142 0.00430381747532295
143 0.00348829668452157
144 0.00289922905039615
145 0.00247512975034669
146 0.00217367834713283
147 0.00196486768038101
148 0.00182883135272502
149 0.00175337405293736
150 0.00173193162361336
151 0.00176193815862369
152 0.0018451846256685
153 0.00198820730957142
154 0.0022026641221179
155 0.00250514716284523
156 0.00291983111322027
157 0.00348143872497337
158 0.00423905338885631
159 0.00526153451296974
160 0.00664509973126673
161 0.00851921207337665
162 0.0110362916179272
163 0.0143728864683226
164 0.0187208070087777
165 0.0242714829382489
166 0.0312226379847422
167 0.0397406586247196
168 0.0499129332698827
169 0.0616401683444337
170 0.0743221758183094
171 0.086841226128511
172 0.0976495914118305
173 0.105120897897188
174 0.108367978860907
175 0.107102109093599
176 0.101531211932713
177 0.0923745698478672
178 0.0808809124610183
179 0.0683832896404836
180 0.0560335835506012
181 0.0446737744359613
182 0.034792399238418
183 0.0265804453927812
184 0.0200163301559901
185 0.0149570300023483
186 0.0111701887848743
187 0.00839754977070975
188 0.00639629165780909
189 0.00495397607356094
190 0.00391259406011091
191 0.00315991695108436
192 0.0026162201569761
193 0.00222376280629507
194 0.00194278861008684
195 0.0017465748102257
196 0.0016173619199774
197 0.0015433385920527
198 0.00151795397641985
199 0.00153924157309291
200 0.00160935217492853
201 0.00173417974577728
202 0.00192475698822069
203 0.00219904197993004
204 0.0025842771762592
205 0.00311972350952997
206 0.00386295061546746
207 0.00489772374906833
208 0.00634139232603365
209 0.00836015674118283
210 0.0111886301320382
211 0.0151472193234159
212 0.0206317129928809
213 0.02810650322965
214 0.0380666763506956
215 0.0509097303626504
216 0.0665766862532803
217 0.0842962119937054
218 0.102422649508672
219 0.118610492500869
220 0.130627739365352
221 0.136623927444568
222 0.135406095666115
223 0.126989220642102
224 0.113350478908747
225 0.0970273821341089
226 0.0802905255159251
227 0.0647352189843805
228 0.0510861511292498
229 0.0396168847852104
230 0.0303196342667342
231 0.0229997999937266
232 0.0173643250815228
233 0.0130998755390388
234 0.0099162386179334
235 0.00756739131480428
236 0.00585008292875065
237 0.00460332790270989
238 0.00370252190212106
239 0.00304994854403263
240 0.00257666537459122
241 0.00223555846066845
242 0.00199433233211959
243 0.00183042418371549
244 0.00172917947964823
245 0.00168209773126729
246 0.00168542908990989
247 0.00173898631804875
248 0.00184681492251164
249 0.00201792518827327
250 0.00226703735793304
251 0.00261473155548415
252 0.00309069571696187
253 0.00373754405183948
254 0.00461541174872852
255 0.00580703339549537
256 0.00742660303099959
257 0.00963099451048472
258 0.0126277744222181
259 0.0166597901005501
260 0.0219986339679519
261 0.0289213812479287
262 0.0376670163181263
263 0.0483627228327782
264 0.0609314742229528
265 0.0749456693501125
266 0.0893245224946142
267 0.102385684449569
268 0.112074048440965
269 0.116546329929237
270 0.11526353477113
271 0.108617635600626
272 0.0976319332407709
273 0.0838175408514651
274 0.0690139276698799
275 0.0547924889714337
276 0.0421981457231906
277 0.0317374030155117
278 0.0234889284932315
279 0.0172443393454557
280 0.012660462732863
281 0.00936533230950817
282 0.00701409831480476
283 0.00534047993663949
284 0.00414889380391954
285 0.00329544766175828
286 0.00268055581543395
287 0.00223639165464435
288 0.0019163282931813
289 0.00168739871620384
290 0.00152730185104392
291 0.0014214174920882
292 0.00136047017761635
293 0.00133880899803897
294 0.00135410919382825
295 0.00140713613328545
296 0.001501552993587
297 0.00164352942828757
298 0.00184284697758597
299 0.00211405678451476
300 0.00247789421641101
301 0.00296311319227839
302 0.00360955851633833
303 0.00447233741866343
304 0.00562563082288545
305 0.00716079007192495
306 0.00919065544343942
307 0.0118511313069629
308 0.0152924698794562
309 0.0196423673098625
310 0.024973358848514
311 0.0312849339622366
312 0.0385840618227291
313 0.0468545886834739
314 0.0560331613533464
315 0.0659736353181374
316 0.076311249884809
317 0.0865009486705423
318 0.0958657069051667
319 0.103542214508225
320 0.108201511057593
321 0.108487401928545
322 0.103443986510218
323 0.093141711527197
324 0.0794414323273104
325 0.0645588035949121
326 0.050310104740903
327 0.037883738472073
328 0.0278425264647009
329 0.0201938443935095
330 0.0146189153600727
331 0.0106711117844498
332 0.00789321766108221
333 0.0059372174871647
334 0.00455623202790845
335 0.00357590059388813
336 0.00287661389958709
