1 2.22044604925031e-16
2 2.22044604925031e-16
3 2.22044604925031e-16
4 2.22044604925031e-16
5 2.22044604925031e-16
6 2.22044604925031e-16
7 2.22044604925031e-16
8 2.22044604925031e-16
9 2.22044604925031e-16
10 2.22044604925031e-16
11 2.22044604925031e-16
12 2.22044604925031e-16
13 2.22044604925031e-16
14 2.22044604925031e-16
15 2.22044604925031e-16
16 2.22044604925031e-16
17 2.22044604925031e-16
18 2.22044604925031e-16
19 2.22044604925031e-16
20 2.22044604925031e-16
21 2.22044604925031e-16
22 2.22044604925031e-16
23 2.22044604925031e-16
24 2.22044604925031e-16
25 2.22044604925031e-16
26 2.22044604925031e-16
27 2.22044604925031e-16
28 2.22044604925031e-16
29 2.22044604925031e-16
30 2.22044604925031e-16
31 2.22044604925031e-16
32 2.22044604925031e-16
33 2.22044604925031e-16
34 2.22044604925031e-16
35 2.22044604925031e-16
36 2.22044604925031e-16
37 2.22044604925031e-16
38 2.22044604925031e-16
39 2.22044604925031e-16
40 2.22044604925031e-16
41 2.22044604925031e-16
42 2.22044604925031e-16
43 2.22044604925031e-16
44 2.22044604925031e-16
45 2.22044604925031e-16
46 2.22044604925031e-16
47 2.22044604925031e-16
48 2.22044604925031e-16
49 2.22044604925031e-16
50 2.22044604925031e-16
51 2.22044604925031e-16
52 2.22044604925031e-16
53 2.22044604925031e-16
54 2.22044604925031e-16
55 2.22044604925031e-16
56 2.22044604925031e-16
57 2.22044604925031e-16
58 2.22044604925031e-16
59 2.22044604925031e-16
60 2.22044604925031e-16
61 2.22044604925031e-16
62 2.22044604925031e-16
63 2.22044604925031e-16
64 2.22044604925031e-16
65 2.22044604925031e-16
66 2.22044604925031e-16
67 2.22044604925031e-16
68 2.22044604925031e-16
69 2.22044604925031e-16
70 2.22044604925031e-16
71 2.22044604925031e-16
72 2.22044604925031e-16
73 2.22044604925031e-16
74 2.22044604925031e-16
75 2.22044604925031e-16
76 2.22044604925031e-16
77 2.22044604925031e-16
78 2.22044604925031e-16
79 2.22044604925031e-16
80 2.22044604925031e-16
81 2.22044604925031e-16
82 2.22044604925031e-16
83 2.22044604925031e-16
84 2.22044604925031e-16
85 2.22044604925031e-16
86 2.22044604925031e-16
87 2.22044604925031e-16
88 2.22044604925031e-16
89 2.22044604925031e-16
90 2.22044604925031e-16
91 2.22044604925031e-16
92 2.22044604925031e-16
93 2.22044604925031e-16
94 2.22044604925031e-16
95 2.22044604925031e-16
96 2.22044604925031e-16
97 2.22044604925031e-16
98 2.22044604925031e-16
99 2.22044604925031e-16
100 2.22044604925031e-16
101 2.22044604925031e-16
102 2.22044604925031e-16
103 2.22044604925031e-16
104 2.22044604925031e-16
105 2.22044604925031e-16
106 2.22044604925031e-16
107 2.22044604925031e-16
108 2.22044604925031e-16
109 2.22044604925031e-16
110 2.22044604925031e-16
111 2.22044604925031e-16
112 2.22044604925031e-16
113 2.22044604925031e-16
114 2.22044604925031e-16
115 2.22044604925031e-16
116 2.22044604925031e-16
117 2.22044604925031e-16
118 2.22044604925031e-16
119 2.22044604925031e-16
120 2.22044604925031e-16
121 2.22044604925031e-16
122 2.22044604925031e-16
123 2.22044604925031e-16
124 2.22044604925031e-16
125 2.22044604925031e-16
126 2.22044604925031e-16
127 2.22044604925031e-16
128 2.22044604925031e-16
129 2.22044604925031e-16
130 2.22044604925031e-16
131 2.22044604925031e-16
132 2.22044604925031e-16
133 2.22044604925031e-16
134 2.22044604925031e-16
135 2.22044604925031e-16
136 2.22044604925031e-16
137 2.22044604925031e-16
138 2.22044604925031e-16
139 2.22044604925031e-16
140 2.22044604925031e-16
141 2.22044604925031e-16
142 2.22044604925031e-16
143 2.22044604925031e-16
144 2.22044604925031e-16
145 2.22044604925031e-16
146 2.22044604925031e-16
147 2.22044604925031e-16
148 2.22044604925031e-16
149 2.22044604925031e-16
150 2.22044604925031e-16
151 2.22044604925031e-16
152 2.22044604925031e-16
153 2.22044604925031e-16
154 2.22044604925031e-16
155 2.22044604925031e-16
156 2.22044604925031e-16
157 2.22044604925031e-16
158 2.22044604925031e-16
159 2.22044604925031e-16
160 2.22044604925031e-16
161 2.22044604925031e-16
162 2.22044604925031e-16
163 2.22044604925031e-16
164 2.22044604925031e-16
165 2.22044604925031e-16
166 2.22044604925031e-16
167 2.22044604925031e-16
168 2.22044604925031e-16
169 2.22044604925031e-16
170 2.22044604925031e-16
171 2.22044604925031e-16
172 2.22044604925031e-16
173 2.22044604925031e-16
174 2.22044604925031e-16
175 2.22044604925031e-16
176 2.22044604925031e-16
177 2.22044604925031e-16
178 2.22044604925031e-16
179 2.22044604925031e-16
180 2.22044604925031e-16
181 2.22044604925031e-16
182 2.22044604925031e-16
183 2.22044604925031e-16
184 2.22044604925031e-16
185 2.22044604925031e-16
186 2.22044604925031e-16
187 2.22044604925031e-16
188 2.22044604925031e-16
189 2.22044604925031e-16
190 2.22044604925031e-16
191 2.22044604925031e-16
192 2.22044604925031e-16
193 2.22044604925031e-16
194 2.22044604925031e-16
195 2.22044604925031e-16
196 2.22044604925031e-16
197 2.22044604925031e-16
198 2.22044604925031e-16
199 2.22044604925031e-16
200 2.22044604925031e-16
201 2.22044604925031e-16
202 2.22044604925031e-16
203 2.22044604925031e-16
204 2.22044604925031e-16
205 2.22044604925031e-16
206 2.22044604925031e-16
207 2.22044604925031e-16
208 2.22044604925031e-16
209 2.22044604925031e-16
210 2.22044604925031e-16
211 2.22044604925031e-16
212 2.22044604925031e-16
213 2.22044604925031e-16
214 2.22044604925031e-16
215 2.22044604925031e-16
216 2.22044604925031e-16
217 2.22044604925031e-16
218 2.22044604925031e-16
219 2.22044604925031e-16
220 2.22044604925031e-16
221 2.22044604925031e-16
222 2.22044604925031e-16
223 2.22044604925031e-16
224 2.22044604925031e-16
225 2.22044604925031e-16
226 2.22044604925031e-16
227 2.22044604925031e-16
228 2.22044604925031e-16
229 2.22044604925031e-16
230 2.22044604925031e-16
231 2.22044604925031e-16
232 2.22044604925031e-16
233 2.22044604925031e-16
234 2.22044604925031e-16
235 2.22044604925031e-16
236 2.22044604925031e-16
237 2.22044604925031e-16
238 2.22044604925031e-16
239 2.22044604925031e-16
240 2.22044604925031e-16
241 2.22044604925031e-16
242 2.22044604925031e-16
243 2.22044604925031e-16
244 2.22044604925031e-16
245 2.22044604925031e-16
246 2.22044604925031e-16
247 2.22044604925031e-16
248 2.22044604925031e-16
249 2.22044604925031e-16
250 2.22044604925031e-16
251 2.22044604925031e-16
252 2.22044604925031e-16
253 2.22044604925031e-16
254 2.22044604925031e-16
255 2.22044604925031e-16
256 2.22044604925031e-16
257 2.22044604925031e-16
258 2.22044604925031e-16
259 2.22044604925031e-16
260 2.22044604925031e-16
261 2.22044604925031e-16
262 2.22044604925031e-16
263 2.22044604925031e-16
264 2.22044604925031e-16
265 2.22044604925031e-16
266 2.22044604925031e-16
267 2.22044604925031e-16
268 2.22044604925031e-16
269 2.22044604925031e-16
270 2.22044604925031e-16
271 2.22044604925031e-16
272 2.22044604925031e-16
273 2.22044604925031e-16
274 2.22044604925031e-16
275 2.22044604925031e-16
276 2.22044604925031e-16
277 2.22044604925031e-16
278 2.22044604925031e-16
279 2.22044604925031e-16
280 2.22044604925031e-16
281 2.22044604925031e-16
282 2.22044604925031e-16
283 2.22044604925031e-16
284 2.22044604925031e-16
285 2.22044604925031e-16
286 2.22044604925031e-16
287 2.22044604925031e-16
288 2.22044604925031e-16
289 2.22044604925031e-16
290 2.22044604925031e-16
291 2.22044604925031e-16
292 2.22044604925031e-16
293 2.22044604925031e-16
294 2.22044604925031e-16
295 2.22044604925031e-16
296 2.22044604925031e-16
297 2.22044604925031e-16
298 2.22044604925031e-16
299 2.22044604925031e-16
300 2.22044604925031e-16
301 2.22044604925031e-16
302 2.22044604925031e-16
303 2.22044604925031e-16
304 2.22044604925031e-16
305 2.22044604925031e-16
306 2.22044604925031e-16
307 2.22044604925031e-16
308 2.22044604925031e-16
309 2.22044604925031e-16
310 2.22044604925031e-16
311 2.22044604925031e-16
312 2.22044604925031e-16
313 2.22044604925031e-16
314 2.22044604925031e-16
315 2.22044604925031e-16
316 2.22044604925031e-16
317 2.22044604925031e-16
318 2.22044604925031e-16
319 2.22044604925031e-16
320 2.22044604925031e-16
321 2.22044604925031e-16
322 2.22044604925031e-16
323 2.22044604925031e-16
324 2.22044604925031e-16
325 2.22044604925031e-16
326 2.22044604925031e-16
327 2.22044604925031e-16
328 2.22044604925031e-16
329 2.22044604925031e-16
330 2.22044604925031e-16
331 2.22044604925031e-16
332 2.22044604925031e-16
333 2.22044604925031e-16
334 2.22044604925031e-16
335 2.22044604925031e-16
336 2.22044604925031e-16
