1 0.00147105183052795
2 0.0014289657290803
3 0.00138853112765793
4 0.00134369792577637
5 0.00129918674735773
6 0.00126157286123471
7 0.00123726531115384
8 0.00123460748236922
9 0.00126330353511957
10 0.00133596524845651
11 0.00147009192065792
12 0.00168789228060086
13 0.00202552809099798
14 0.00254481558286657
15 0.00334350594682473
16 0.00453755473775493
17 0.00626526595917444
18 0.00866914531385175
19 0.0118240168356452
20 0.0155518098569626
21 0.0192778401690541
22 0.0220199548399006
23 0.0228445590534252
24 0.0218932559561168
25 0.019862242763994
26 0.0174803993840224
27 0.0152490031532445
28 0.0133105894042627
29 0.0117006293709093
30 0.0104129930166336
31 0.00938808111971715
32 0.00857001045555579
33 0.0079168286037029
34 0.00739405726236423
35 0.00696503762561079
36 0.0065986594346754
37 0.00626988206841858
38 0.00595992004344126
39 0.00565999704344839
40 0.00536452800344795
41 0.0050690980128507
42 0.0047656177044301
43 0.00443044713071114
44 0.00404411963823364
45 0.00359875000986607
46 0.00310793240934114
47 0.00262058257750522
48 0.00217618606737143
49 0.0017953116418945
50 0.00148434244068002
51 0.00124104282381356
52 0.00105884535905146
53 0.000930264629791692
54 0.000848503246769744
55 0.000807157598176236
56 0.000803737326276624
57 0.000840310956853954
58 0.000922922588145389
59 0.00106474111203101
60 0.00129010644481408
61 0.00164114793614439
62 0.00218887698143034
63 0.00305584274129695
64 0.00445779721636361
65 0.00674065570657338
66 0.0102259983084716
67 0.0149760712466057
68 0.0203863077562921
69 0.0250385802742878
70 0.027722419173671
71 0.027829841103239
72 0.0254585863774994
73 0.021421790848595
74 0.0170674560096024
75 0.0133276371378338
76 0.010564399162055
77 0.00873976973891716
78 0.00752451375070637
79 0.00667033087571786
80 0.00603153641552739
81 0.00554120637537132
82 0.00515879707836192
83 0.00485431125274351
84 0.00460770672779091
85 0.0044144485886535
86 0.00427402635324171
87 0.00418698337864672
88 0.00414694658093252
89 0.00411607146552204
90 0.00404999235577299
91 0.00390778260939323
92 0.00366990041826795
93 0.00337442517333603
94 0.00306621101933786
95 0.00277907903689472
96 0.00253207901188503
97 0.00232305405439333
98 0.00214640323327326
99 0.0019975471119869
100 0.00187343231956939
101 0.00177414097388273
102 0.0017004324940175
103 0.00165334583195017
104 0.00163641678206658
105 0.00166175681420301
106 0.00174695385223147
107 0.00191616199230361
108 0.00219999701461199
109 0.0026493942642824
110 0.00335339411365489
111 0.004451602949257
112 0.00608437968055225
113 0.00837125494600907
114 0.0113366903468483
115 0.01480607529685
116 0.0184112784959943
117 0.0215651510446149
118 0.0235420688592585
119 0.0238128089987152
120 0.0226104308586313
121 0.0205106900578909
122 0.0180911279911024
123 0.0157584012609446
124 0.0136490849255183
125 0.0118111429120552
126 0.0102599166711852
127 0.00897956729888286
128 0.00791234385051901
129 0.00700623826386522
130 0.00622272319509155
131 0.00552991500304407
132 0.00489329459090669
133 0.00428816150400243
134 0.0037059365112293
135 0.0031607017869758
136 0.00266541747209654
137 0.00222681078585823
138 0.00184684057536904
139 0.00152438297655756
140 0.00125550530404776
141 0.00103453391097303
142 0.000855570308970683
143 0.000713999935092611
144 0.000604867184963513
145 0.0005232739593102
146 0.000464790534765624
147 0.000425258269028336
148 0.000401871718432442
149 0.000393307752765287
150 0.000399614619227309
151 0.000422083251969165
152 0.000463947478902449
153 0.000531273665748378
154 0.000634250747577155
155 0.000788886538074323
156 0.00102127717355119
157 0.00137381587716494
158 0.00191218702182175
159 0.00274041403524545
160 0.00402370484940897
161 0.00600451395075106
162 0.00892759160131699
163 0.0129275569879989
164 0.0178271029414299
165 0.0229818803614572
166 0.0275708053959253
167 0.0307470309211706
168 0.0318349189128651
169 0.03064060544972
170 0.027759066033814
171 0.0240349255706469
172 0.0201968166088406
173 0.0166956823385913
174 0.0136506401699903
175 0.0110764816224095
176 0.00895033404055639
177 0.00723144304534336
178 0.00587993467589797
179 0.00484577344588732
180 0.00407641979790888
181 0.00351918052103757
182 0.003112683301291
183 0.0028110966050347
184 0.00258337025552227
185 0.00240788433300329
186 0.00226882266722524
187 0.00215405962408589
188 0.00205413868858351
189 0.00196213254151528
190 0.00187245790240429
191 0.00178048827740241
192 0.00168367903215201
193 0.00158449281084238
194 0.00148607899558765
195 0.00139099093530257
196 0.00130277674597735
197 0.00122998721521802
198 0.00118075747465815
199 0.00116250608286066
200 0.00118271843657011
201 0.00124745835890379
202 0.0013669943532134
203 0.00155968625735709
204 0.00185559655230528
205 0.00229939588716785
206 0.00296238433441345
207 0.00394987699298985
208 0.00536699124399223
209 0.0072979535229628
210 0.00975312351714074
211 0.012607214240762
212 0.0156364358935776
213 0.0184976084785488
214 0.020749785748029
215 0.022014103476408
216 0.0223153767191647
217 0.0219019814014852
218 0.0210895897063899
219 0.0201462859968061
220 0.0191482588397444
221 0.0181235621286538
222 0.0170966877375955
223 0.0160867376226699
224 0.0151034618399613
225 0.0141533995359257
226 0.0132417259192678
227 0.0123682301613303
228 0.0115172687032188
229 0.0106739040736197
230 0.00982832602132717
231 0.0089745166063303
232 0.00810747469864665
233 0.00722790262802502
234 0.0063500227054186
235 0.00551405426764049
236 0.0047520454613429
237 0.00408123353313674
238 0.00350683363500301
239 0.00302442353680162
240 0.00262594126395046
241 0.00230225821623711
242 0.00204388165396639
243 0.00184065959111013
244 0.00168416271282674
245 0.00156806244466432
246 0.00148878247588577
247 0.00144772487791191
248 0.0014490053866154
249 0.00150011289729666
250 0.00161188401748635
251 0.00179296851425835
252 0.00205616730856429
253 0.00242106286388655
254 0.00291548375508725
255 0.00357929264447256
256 0.0044665114217879
257 0.0056483207411668
258 0.00721110890858224
259 0.00923058326101594
260 0.0117567694448033
261 0.0147628738356531
262 0.0179911314661688
263 0.0209180940073587
264 0.0228153420728097
265 0.0230932855269409
266 0.021982392211567
267 0.0200596296529101
268 0.0178881125333434
269 0.0158507899929328
270 0.0140442999990102
271 0.0124881782466102
272 0.0111851612004594
273 0.0101180412323459
274 0.00923209458377607
275 0.00847722838858015
276 0.00781541809958773
277 0.00721436118217658
278 0.00663798865158625
279 0.00605788021692425
280 0.00545630082537094
281 0.00483401923178942
282 0.00422544033064909
283 0.00366109593886916
284 0.00315575233455182
285 0.0027047422697224
286 0.0023014820846831
287 0.00194122018607223
288 0.00162349312613066
289 0.00135658199418408
290 0.00114333502763543
291 0.000981176455891479
292 0.000864733571550137
293 0.000786493752605361
294 0.000741141521499417
295 0.000726463379535478
296 0.000743213917505443
297 0.000794610674026374
298 0.000888494256601311
299 0.00103975417168808
300 0.0012735250518335
301 0.0016283856678798
302 0.00216648241055471
303 0.00298922868932433
304 0.00425130519154335
305 0.00612721100442143
306 0.0087745337770721
307 0.0122432033429591
308 0.0163464365968714
309 0.0206204408260573
310 0.0243052105975089
311 0.0265729615459356
312 0.0271322175983582
313 0.0261335496070849
314 0.0239787885710969
315 0.0211699335759483
316 0.0181891714013459
317 0.0153903734290578
318 0.0129788728487313
319 0.0110170848892942
320 0.0094224631739877
321 0.00810915211361978
322 0.00701350089868269
323 0.00608956454926229
324 0.00530800236324825
325 0.00464605524615505
326 0.004084691448699
327 0.003607426578055
328 0.00319859344313404
329 0.0028453272893157
330 0.00253748923072848
331 0.0022691117234611
332 0.00204242860468265
333 0.00185922791675354
334 0.0017178697648152
335 0.0016098323765076
336 0.00152716098789632
