1 0.0554048930324545
2 0.0558329777350458
3 0.0555231210683882
4 0.0548770994436929
5 0.0542911656295461
6 0.0541475509562282
7 0.054731360273944
8 0.0559515975739625
9 0.0576263089188702
10 0.0595633750268021
11 0.0615542820938236
12 0.0633878677423734
13 0.0648370858785034
14 0.0656624601403281
15 0.0656425254908163
16 0.0646377211256284
17 0.0625674420301228
18 0.0594116317885305
19 0.0552581554474049
20 0.050390384312183
21 0.045126262862171
22 0.0397523303215313
23 0.0345137965314624
24 0.0296206527329857
25 0.0252104126501519
26 0.0213497427364909
27 0.0180595775894361
28 0.0153478612964546
29 0.0131874933555051
30 0.0115265673993049
31 0.0103009112112163
32 0.00945776343197341
33 0.00896455023273736
34 0.00880581476577435
35 0.00896501296462846
36 0.00945130785705876
37 0.0103085226066186
38 0.0116118381503087
39 0.0134408295337683
40 0.0158938804891729
41 0.0190880521823855
42 0.0231362267597054
43 0.0280809321548278
44 0.0338515563756536
45 0.040209581721948
46 0.0467611768989297
47 0.053196639123107
48 0.0592335356585252
49 0.0645921304172522
50 0.0690291885047526
51 0.0723984547736484
52 0.074630800135244
53 0.0757210316532754
54 0.0757238615264655
55 0.074753075211188
56 0.0729576484308581
57 0.0705435614912745
58 0.0678676695623694
59 0.065286690051939
60 0.0631107138134401
61 0.0614976774542344
62 0.0601422182786988
63 0.0586568019366355
64 0.0566905386719474
65 0.0539780472039607
66 0.0504515400083535
67 0.0461463411124072
68 0.0411742265572687
69 0.035776766369224
70 0.0304111940159626
71 0.0254469608341872
72 0.0210957479158034
73 0.0174416326090392
74 0.0144829509940772
75 0.012164786318141
76 0.0104097003672293
77 0.00913207205247941
78 0.00823400327606885
79 0.00764301008947562
80 0.00731386716519357
81 0.00722075004986173
82 0.00735889901932217
83 0.00774589303328889
84 0.00841913312571295
85 0.00941993555932517
86 0.0108078040757245
87 0.0126662882439954
88 0.0151029949207195
89 0.0182455538957363
90 0.0222371282084898
91 0.0272252274183647
92 0.0333059918542713
93 0.0403291235745597
94 0.0478420203076646
95 0.055055851978944
96 0.0610469263492559
97 0.0655088895593299
98 0.0685063085218034
99 0.0702882668439065
100 0.0711772276205079
101 0.0713707548698525
102 0.0710457182947734
103 0.0703892204482492
104 0.0695448544243098
105 0.0684804002271844
106 0.0671254105484274
107 0.0654283008097546
108 0.0633870803776446
109 0.0610173220988915
110 0.058341859123728
111 0.0553637869344397
112 0.0519975207282572
113 0.0481739928820579
114 0.0438785417477062
115 0.0392155631145293
116 0.0345288246970547
117 0.0301209700087284
118 0.0261829673515297
119 0.0227907763945833
120 0.0198875809309747
121 0.0174005295622291
122 0.0152675847718749
123 0.0134466901283787
124 0.0119367621323524
125 0.0107330582661384
126 0.00982356240395022
127 0.00919251405131253
128 0.00881459457611933
129 0.00867596695377218
130 0.00878047232772739
131 0.00914639296569898
132 0.00979106124590374
133 0.0107469152520707
134 0.012065572992236
135 0.0138110156851932
136 0.0160631661722707
137 0.0189178251003128
138 0.0224719417281693
139 0.0267679874791558
140 0.0317756265451129
141 0.0373610869471658
142 0.0432604084523952
143 0.0490955117998056
144 0.0543702043874464
145 0.0585032658248351
146 0.0610286376816972
147 0.0620847531953062
148 0.0620758813184815
149 0.0614755197085044
150 0.0607335081342794
151 0.060150183323729
152 0.0599824334137709
153 0.060490111470652
154 0.0618416813971902
155 0.0637660949975757
156 0.0658532589409231
157 0.067638543216523
158 0.0685883993656579
159 0.0681582296286603
160 0.0658767413891217
161 0.0615719486397945
162 0.0557501243964817
163 0.0490821416367785
164 0.0421749441325635
165 0.0355248088444802
166 0.029518216969519
167 0.0243637546549342
168 0.0201176448608015
169 0.0167287856156854
170 0.014070088146062
171 0.0120146020088943
172 0.0104550827355041
173 0.00930274353787369
174 0.00847985527555346
175 0.00793088017372402
176 0.00762187829793657
177 0.00753797587105114
178 0.00768314041145348
179 0.00808248139879165
180 0.00878802542992409
181 0.00988076108536452
182 0.0114517825053124
183 0.0136257735803185
184 0.0165590788827632
185 0.0203701204859967
186 0.0251147939617013
187 0.0307320210168722
188 0.0370003453969615
189 0.0436189532884919
190 0.0501615476200878
191 0.0560699525793837
192 0.0608022013707622
193 0.0642437949080993
194 0.0665234182188931
195 0.0678890704424718
196 0.0686508157880162
197 0.0691084573935811
198 0.0695652812151746
199 0.0703333810576292
200 0.0716308094753748
201 0.0732510896429532
202 0.0748612522968074
203 0.0761018531805747
204 0.076553302798345
205 0.0756367740900723
206 0.0728101186293408
207 0.0678973906802874
208 0.0616057602533623
209 0.0547707548514122
210 0.0480590069990646
211 0.0418862847707258
212 0.0363417862908638
213 0.0314264234213683
214 0.027118412479295
215 0.0233819968025896
216 0.0201770652440307
217 0.0174559220717411
218 0.0151665437520361
219 0.0132662079109562
220 0.011743875910265
221 0.0105847693925818
222 0.00977143647498328
223 0.00928569053033607
224 0.00909299061167096
225 0.00917605691878292
226 0.00954269942185619
227 0.0102233913205437
228 0.0112626181950819
229 0.0127305963114812
230 0.0147316726250633
231 0.0173864841158753
232 0.0207250364548528
233 0.02467495243615
234 0.0290658782074672
235 0.0337685670607353
236 0.0386349574514607
237 0.0434658235821384
238 0.0480538908882018
239 0.0523313215773656
240 0.0563114583398547
241 0.0600565527755791
242 0.0636320978864559
243 0.0669621775175281
244 0.0699241178723528
245 0.0723899389616917
246 0.0742796888381241
247 0.0757166395674261
248 0.076894654723752
249 0.0780243546218985
250 0.0792349776787963
251 0.0802816446719761
252 0.0808125831541616
253 0.0804742434520421
254 0.078999197331022
255 0.0764117236377276
256 0.0728391961859695
257 0.0684413687533887
258 0.0633852156934683
259 0.057798765320074
260 0.0518250765575826
261 0.0456601648430193
262 0.0395975657325619
263 0.0338838892169043
264 0.0286821608658673
265 0.0240930162558144
266 0.0201911461990962
267 0.0169831713437766
268 0.0144239530293426
269 0.0124400323987309
270 0.0109403766843431
271 0.0098479180496215
272 0.00910701397082638
273 0.00867904875076358
274 0.00852933609919636
275 0.0086439710860556
276 0.00903365467399007
277 0.00972900078730459
278 0.0107618292139058
279 0.0121782057125429
280 0.0140416495656657
281 0.0164249236656772
282 0.019381875421373
283 0.0229363304814168
284 0.0270655952000954
285 0.0316924253922716
286 0.0366552195368552
287 0.0416874754797459
288 0.0464461183206977
289 0.0506443101699022
290 0.0540257738897259
291 0.0563637016109254
292 0.0575879354682641
293 0.0581204330584402
294 0.0585445050991167
295 0.0594683405576577
296 0.0613835200154761
297 0.0641993798946538
298 0.0676604069214546
299 0.0714655836897072
300 0.0751641428529252
301 0.0778789226785975
302 0.0785665454157368
303 0.0762666533452765
304 0.0706284559990142
305 0.062740585413051
306 0.053951465103151
307 0.0453367389523769
308 0.0375732604129387
309 0.0309183364042859
310 0.0254196209596701
311 0.0210026889548417
312 0.0175071828905505
313 0.0147724004271894
314 0.012659767608419
315 0.011051868565808
316 0.00984481763748463
317 0.00896016774748654
318 0.00834305301406472
319 0.00795680209066155
320 0.0077776687712768
321 0.00779636998819044
322 0.00801854801832754
323 0.00846619403315204
324 0.00918166565427104
325 0.0102339475607767
326 0.0117296284092995
327 0.0138110642227085
328 0.0165934518092824
329 0.020176754634382
330 0.0246276226507428
331 0.0299145760947313
332 0.0357704823730615
333 0.0416401291820384
334 0.0467976143213818
335 0.0508642903065998
336 0.0536862773461204
