1 0.00326954250102042
2 0.00320492063403524
3 0.00320016045613124
4 0.00325840601264298
5 0.00338123940139037
6 0.00357245670005925
7 0.0038388340613353
8 0.00418842161476245
9 0.00463164954979043
10 0.0051816680912746
11 0.0058524959258736
12 0.00665184856471823
13 0.00758128997081141
14 0.00863409465965141
15 0.00978975539648765
16 0.0110038052962313
17 0.0122068787228195
18 0.0133058401636617
19 0.0142041204582368
20 0.0148641214337297
21 0.0152789460179769
22 0.0154577418927022
23 0.0154213936220614
24 0.0151949854505884
25 0.0148084790869386
26 0.0142950960499348
27 0.013687550232282
28 0.0130128988979646
29 0.012295419786192
30 0.0115574958009864
31 0.0108202595422285
32 0.0101015278377399
33 0.00941532879627872
34 0.00876950123080184
35 0.00815952963394578
36 0.00757935634966805
37 0.00702428365786258
38 0.00649386850310399
39 0.00599905854629237
40 0.00555000278853709
41 0.00515332659058568
42 0.00481183399382254
43 0.00452234040193173
44 0.00428090477860249
45 0.00408429722029604
46 0.00393057187496571
47 0.00382057497376104
48 0.0037563987884778
49 0.00374127420188302
50 0.00377935733332559
51 0.00387398335393403
52 0.00403032545185018
53 0.00425662027027583
54 0.00456289166255141
55 0.00495463575951542
56 0.00543669221889282
57 0.00601365578385179
58 0.00668729389951002
59 0.00745544154446884
60 0.00831022954218228
61 0.00923708750428841
62 0.0102172904569055
63 0.0112246244487999
64 0.0122237402303976
65 0.0131770502324979
66 0.0140696925921093
67 0.0148968068254168
68 0.0156578413118531
69 0.0163538957991017
70 0.0169792268616967
71 0.0175271919044669
72 0.0179926142615214
73 0.0183684279876228
74 0.018635034278838
75 0.0187703507371148
76 0.0187543128878971
77 0.0185723261684548
78 0.0182226080589258
79 0.0177101879499462
80 0.0170436417158036
81 0.0162318533980777
82 0.0152879341708925
83 0.0142301890529713
84 0.013089669206557
85 0.0119278423086915
86 0.0108005618893781
87 0.00974821225607671
88 0.00879448404715583
89 0.00794279167445141
90 0.00719033379275669
91 0.00653242552169168
92 0.00596474541867452
93 0.00548740196450933
94 0.0051000079792463
95 0.00480149239663087
96 0.00459035548396352
97 0.00446282513822274
98 0.00441759317212165
99 0.00445749498009219
100 0.00458759930288083
101 0.00480738371864181
102 0.00511733352210859
103 0.00552041993286724
104 0.00602050276850604
105 0.00661903905438586
106 0.00731453279305576
107 0.00810192250144186
108 0.00897396502394542
109 0.00991776442851655
110 0.0109123484620552
111 0.0119276448684332
112 0.0129249372933529
113 0.01385669739971
114 0.0146680423368616
115 0.0153118780616452
116 0.0157920703687372
117 0.0161341951732021
118 0.0163716702056296
119 0.0165403907522127
120 0.0166687268122148
121 0.0167838369697475
122 0.0169137580844098
123 0.0170752711943535
124 0.0172368019115131
125 0.0173532979295354
126 0.0173787566151509
127 0.0172734219698227
128 0.0170223323393578
129 0.0166201069223618
130 0.0160662128703245
131 0.0153608108739875
132 0.0144929954241176
133 0.0134595334972891
134 0.0122837043623566
135 0.0110418082712063
136 0.00980786789707692
137 0.00863680594293832
138 0.00756637468420012
139 0.00662263579943273
140 0.00581734083535775
141 0.00515128752044551
142 0.00461739435344402
143 0.00420078903364825
144 0.00388795755439403
145 0.00366919865082987
146 0.00353747311082939
147 0.00348456768693838
148 0.00350598848614538
149 0.00360203377080414
150 0.00377642125827747
151 0.004032119670089
152 0.00437403327790222
153 0.00480950885726893
154 0.00534754887264028
155 0.00599759093549431
156 0.00676848884474004
157 0.00766775258425091
158 0.00870258613562611
159 0.00987687627974491
160 0.011188496372287
161 0.0126201660950929
162 0.014110276082765
163 0.0155596425359932
164 0.0168379020569307
165 0.0178200644550657
166 0.01849450996761
167 0.0189027307286472
168 0.0191065029147335
169 0.0191649747961468
170 0.0190851079677974
171 0.0188626106920156
172 0.018496509772883
173 0.0179910989597846
174 0.0173606557306845
175 0.0166232331516135
176 0.015798129730729
177 0.0149035214526451
178 0.0139517090096317
179 0.0129549384886584
180 0.0119268642303927
181 0.0108842364253118
182 0.0098511604820736
183 0.00884948799083127
184 0.00789934169121402
185 0.00702601892214065
186 0.00624678969233962
187 0.00556956408915059
188 0.00499538768020497
189 0.00452038317743705
190 0.0041389560282856
191 0.00384562800177193
192 0.00363468713944707
193 0.00349701678100852
194 0.00342591673483063
195 0.00341837863683198
196 0.00347411887604538
197 0.0035931541199197
198 0.00377781228466422
199 0.00403332932181628
200 0.00436745871142765
201 0.00478909168820693
202 0.00530899120066978
203 0.00593990869357292
204 0.00669488083161335
205 0.00758121440955149
206 0.0086004217653864
207 0.00974658762444146
208 0.0110040866915005
209 0.0123440571069124
210 0.013721620248033
211 0.0150791670455056
212 0.0163639951177013
213 0.017522322482277
214 0.0184984602699033
215 0.01924445214248
216 0.019743253559415
217 0.019994988338113
218 0.020010325481688
219 0.019806189433815
220 0.0193965710913889
221 0.0187989205478796
222 0.0180355443906664
223 0.0171313397767323
224 0.0161099095109679
225 0.0149962258800527
226 0.0138167132388283
227 0.0126014801293652
228 0.0113906343705257
229 0.0102191914483235
230 0.00911305993036664
231 0.00809062281383543
232 0.00716582160099629
233 0.00634551025981312
234 0.00563187930404728
235 0.00502765729071281
236 0.00453170862248802
237 0.00414001542265031
238 0.00384667119220894
239 0.00364223643571539
240 0.00352002506685542
241 0.00347784760564019
242 0.00351713550783445
243 0.00363957044469853
244 0.00385119931092394
245 0.00416415028626545
246 0.00459556725481783
247 0.00516100027047058
248 0.00587773317695928
249 0.0067649626188448
250 0.00783948291957374
251 0.00910373457598666
252 0.0105414742799931
253 0.0121110922302658
254 0.0137436363365866
255 0.0153599973732534
256 0.0168642738695657
257 0.0181448853789328
258 0.0191059093765774
259 0.0197507203958921
260 0.0201304705736836
261 0.02030352830894
262 0.020291009406937
263 0.0201076461165433
264 0.0197721257873314
265 0.0193060547013246
266 0.0187334145479727
267 0.018078580768178
268 0.0173650816802313
269 0.0166134711641714
270 0.0158371866567061
271 0.0150472591012971
272 0.0142536654772518
273 0.0134660000713871
274 0.0126953669916908
275 0.0119515335149952
276 0.0112422121987491
277 0.0105685366191017
278 0.00991340656368238
279 0.00925955859528356
280 0.0085946678120999
281 0.007916623206712
282 0.00724578748099507
283 0.00660269950945544
284 0.0060036462833399
285 0.00546478382505901
286 0.00499705379448553
287 0.00460637433201542
288 0.00429461123052039
289 0.00405877704092213
290 0.00389630387268779
291 0.00380693349205001
292 0.00379170290241408
293 0.00384837877804612
294 0.00397691698623095
295 0.00418099377892516
296 0.00446645629357514
297 0.00483590323622307
298 0.00529117259629309
299 0.00583331281357791
300 0.00646336211139874
301 0.00718978528301008
302 0.0080238411862217
303 0.00897743243233864
304 0.0100597080365503
305 0.0112643534665536
306 0.0125721376426163
307 0.0139506385722723
308 0.0153522756804962
309 0.0167140820187938
310 0.0179585827082433
311 0.0190099592270988
312 0.0198424202512803
313 0.0204540034478245
314 0.020854173824611
315 0.0210503839711942
316 0.0210115007753504
317 0.0207025213429247
318 0.0200998336189337
319 0.0192035606439097
320 0.0180618295796339
321 0.0167374865094891
322 0.015294132982593
323 0.0137964402431024
324 0.0123166257815516
325 0.0109125088385938
326 0.00962276332996405
327 0.00846870714372005
328 0.00745615362047972
329 0.00658253065719657
330 0.00584054219554442
331 0.00521922025524631
332 0.00470314070079062
333 0.00427803012142707
334 0.00393270391354315
335 0.0036605746302528
336 0.00345709888589421
