1 0.000441444785403046
2 0.000423878439623732
3 0.000414802381059932
4 0.000413890164669343
5 0.000421110938655446
6 0.000436870366633827
7 0.000462037769663916
8 0.000497833775831474
9 0.000546051268773304
10 0.000609234563255199
11 0.000690758823680403
12 0.0007946292676142
13 0.000925833951241998
14 0.00109060066959702
15 0.00129601603277388
16 0.00154765305289511
17 0.0018491727937859
18 0.00220112857865524
19 0.00259901099235872
20 0.00303123876016055
21 0.00347732356480812
22 0.00390706685626201
23 0.00428455198891707
24 0.00458209459679928
25 0.00477833837660627
26 0.00485837802338261
27 0.00481948930942734
28 0.00468270130552097
29 0.00447729959626298
30 0.00422968284864349
31 0.00395326800967855
32 0.00365810127690177
33 0.00335351865314024
34 0.00304694550422295
35 0.00274179542432889
36 0.00244105465398911
37 0.00214811523087821
38 0.00186814580809264
39 0.00161084468820973
40 0.0013828495992546
41 0.00118676583768661
42 0.00102207464204812
43 0.000885635603597472
44 0.000773885767179658
45 0.000683506019546735
46 0.000611436172147505
47 0.000554656708564801
48 0.000510725973872679
49 0.000477824106792578
50 0.000454596878138006
51 0.000439915680842647
52 0.000433051281733685
53 0.000433688809454556
54 0.00044185575409393
55 0.000457773174846668
56 0.000481996747066413
57 0.000515419072427715
58 0.000559071906100351
59 0.000614293781802532
60 0.000682804114161036
61 0.000766574508225181
62 0.000867248637305097
63 0.000986218766601158
64 0.00112448282533851
65 0.00128177934527565
66 0.00145402085860977
67 0.00163329074791922
68 0.00180772413770779
69 0.00196270049017356
70 0.00208568819578047
71 0.00216557779597531
72 0.00219321887056522
73 0.00216487615918317
74 0.00208885338006848
75 0.00197784582102358
76 0.00184489689030255
77 0.00170169996325705
78 0.00155726192862631
79 0.00141838943056429
80 0.00128938120622732
81 0.00117098515947763
82 0.00106303279772565
83 0.000965179840804057
84 0.000876697217759104
85 0.000795927874118798
86 0.000721365842932387
87 0.000651883693290989
88 0.000586984880355685
89 0.000527442028423531
90 0.000473911585218514
91 0.000426656746407954
92 0.000385607904936845
93 0.000350348075279664
94 0.00032039357419651
95 0.000295285321530087
96 0.000274586433911374
97 0.000257837625639692
98 0.000244655924008788
99 0.000234757561883719
100 0.000227938608729923
101 0.000224027954308685
102 0.000222942038593944
103 0.000224701788812436
104 0.000229424990897784
105 0.000237296494444666
106 0.000248616842529803
107 0.000263815960878072
108 0.000283418078682236
109 0.000308109507299199
110 0.000338788553921291
111 0.000376574847345015
112 0.000422724544378767
113 0.000478728932342909
114 0.000546374333485635
115 0.000627648311446463
116 0.000724242929179481
117 0.000837578002551154
118 0.000968658775713531
119 0.00111758213590238
120 0.00128238160709694
121 0.0014587407581891
122 0.00163967184081391
123 0.00181623764488324
124 0.00198123466859698
125 0.00212804166265974
126 0.00225029075876016
127 0.00234297791296937
128 0.00240502624073801
129 0.00243762860095544
130 0.00244334490794936
131 0.00242640568174814
132 0.00239425614676539
133 0.00235500814236842
134 0.00231473259996674
135 0.0022725381912338
136 0.00222599701021367
137 0.00217291112264701
138 0.00211068675573702
139 0.00203455097573506
140 0.00194014404090195
141 0.00182463899583396
142 0.00168931340939591
143 0.00154480118523383
144 0.00140171712713661
145 0.00126785955605022
146 0.00114810306561982
147 0.00104418026522417
148 0.000956573981104151
149 0.00088526632753294
150 0.000829805294677731
151 0.000788937366064613
152 0.000761658986274815
153 0.000747511279586771
154 0.000746473321222732
155 0.000758581755859176
156 0.000784417049585199
157 0.000825169349880119
158 0.000882279509597831
159 0.000957815540202325
160 0.00105466692756593
161 0.00117609388522389
162 0.00132360932986707
163 0.00149746864589532
164 0.0016963885860643
165 0.00191757649652103
166 0.00215937782983017
167 0.00241959148172458
168 0.00269452649216501
169 0.00297987459111847
170 0.0032746775294249
171 0.00357957640068647
172 0.00389604919046974
173 0.00422126225681864
174 0.00452914673606858
175 0.0047812279429251
176 0.00493408388730057
177 0.00495208494854511
178 0.00483453428544357
179 0.00459777909582648
180 0.00426586377614868
181 0.00386753778844588
182 0.00343399992545625
183 0.00299324165984181
184 0.00256824973477904
185 0.00217781040690406
186 0.00183301197908435
187 0.00153798131353874
188 0.00129166660042267
189 0.00108920373368594
190 0.000924838627073909
191 0.000792975375073674
192 0.000688334878946135
193 0.000605729680220929
194 0.000540953572434038
195 0.000490801426449908
196 0.00045281530812554
197 0.00042499159591367
198 0.000405882451921427
199 0.000394545790446813
200 0.000390419740560097
201 0.000393131560913552
202 0.000402618697165905
203 0.000419158043753619
204 0.000443327090643433
205 0.000475878184464236
206 0.000517859149578724
207 0.000570591099527058
208 0.000635367435286335
209 0.00071356678546392
210 0.000806635038435856
211 0.000915769217575106
212 0.00104096931806576
213 0.00118091949711584
214 0.00133266622426556
215 0.00149143782462512
216 0.00165133627853283
217 0.0018048952610794
218 0.00194309835473217
219 0.00205676108014423
220 0.00214021082015247
221 0.00218992413869772
222 0.00220402659209366
223 0.00218374149815965
224 0.00213712487845769
225 0.00207403941168791
226 0.00200390390405296
227 0.00193418179253474
228 0.00186748946294706
229 0.00180514690049154
230 0.00174829047417433
231 0.00169668504585011
232 0.00164536540539199
233 0.00158880403717037
234 0.00152347800267033
235 0.00145118528149891
236 0.00137477431045505
237 0.0012967701369481
238 0.00121958944256624
239 0.00114619440398347
240 0.00107911260311519
241 0.00102025621331182
242 0.00097060386861224
243 0.000929105761504293
244 0.00089446750534594
245 0.000865617602122603
246 0.000841631861549195
247 0.00082162229348265
248 0.000804789475515854
249 0.000790420910570914
250 0.000778186268972589
251 0.000769039149770305
252 0.000764224172259838
253 0.000765011929296684
254 0.000772518035023052
255 0.000786974667358253
256 0.000808525020698579
257 0.000837482166482674
258 0.000874229471204181
259 0.00091888253981188
260 0.000971506638163128
261 0.00103167647212392
262 0.00109670814790356
263 0.00116257455195539
264 0.00122423728505715
265 0.00127664274869291
266 0.00131801096280134
267 0.00134775811895154
268 0.00136566902711936
269 0.00137222521546751
270 0.00136959594080421
271 0.00136049204512899
272 0.00134767560120349
273 0.00133300166168802
274 0.0013148776655996
275 0.00129099169123233
276 0.00125927038785992
277 0.00121809161180671
278 0.00116667689541542
279 0.0011048646715695
280 0.00103307851395282
281 0.000953252530969576
282 0.000870854660487365
283 0.000790982187605772
284 0.000717056462335082
285 0.000650480441440232
286 0.000591833701401888
287 0.000541302702278173
288 0.000498747773132352
289 0.000463645158296527
290 0.000435464515764361
291 0.000413790339464366
292 0.000398300310484302
293 0.000388652791091155
294 0.000384676644120664
295 0.000386433403996868
296 0.000394192841068357
297 0.000408321930730161
298 0.000429447138467219
299 0.00045854581444732
300 0.000496955142548807
301 0.000546234087633673
302 0.000608381064891235
303 0.000685986750362873
304 0.000782175261368758
305 0.000899986573013037
306 0.00104256793427934
307 0.00121311459133545
308 0.00141422895867374
309 0.00164605232452511
310 0.00190571845551326
311 0.00218662785883688
312 0.00247796895032164
313 0.00276408028458944
314 0.00302461615800919
315 0.00323797848761309
316 0.0033910021683853
317 0.00347603562754901
318 0.00348973266808973
319 0.00343252672963046
320 0.00330648566241642
321 0.0031173085196898
322 0.00287462448063195
323 0.00259306780820309
324 0.00229503063609383
325 0.00200047952845055
326 0.00172378200640703
327 0.00147398794253682
328 0.00125585305143293
329 0.00107057071127739
330 0.000916901993786467
331 0.000791933685059133
332 0.000691273332806609
333 0.000610899350372798
334 0.00054748065758663
335 0.000498189907137291
336 0.000460842463608443
