1 0.00145001196539339
2 0.0014501052450087
3 0.00145099003187376
4 0.00145277863434435
5 0.00145554777875187
6 0.00145936719158825
7 0.00146430104631821
8 0.0014703829759069
9 0.00147764116403205
10 0.00148610686594538
11 0.00149580064709531
12 0.00150668993894489
13 0.00151872934767331
14 0.00153187397425371
15 0.00154607846247345
16 0.00156129498814049
17 0.00157747433229929
18 0.00159456598655987
19 0.00161253654942769
20 0.00163142745644864
21 0.00165130161664779
22 0.00167222531058083
23 0.00169425093757385
24 0.00171736277151233
25 0.00174152628893654
26 0.00176670492872517
27 0.00179284739959996
28 0.00181984880366853
29 0.00184758460743363
30 0.00187590605597419
31 0.00190458979088643
32 0.00193338186024283
33 0.00196201290170473
34 0.00199018350181867
35 0.00201751895262273
36 0.00204361160568063
37 0.00206803715729795
38 0.00209041165939019
39 0.00211056186038631
40 0.00212837265822321
41 0.00214373503536604
42 0.00215662950187796
43 0.0021673778316641
44 0.00217639954651225
45 0.00218412656618166
46 0.00219096994283931
47 0.00219722634928982
48 0.00220316622660168
49 0.00220906323029829
50 0.00221517051387538
51 0.00222164981291957
52 0.0022286412355979
53 0.00223628690385729
54 0.0022447078017881
55 0.00225393290580038
56 0.00226396865561409
57 0.00227480526033536
58 0.00228636486757141
59 0.002298551349958
60 0.00231126689782248
61 0.00232436724959955
62 0.00233752590511461
63 0.00235036395535631
64 0.00236249431626681
65 0.00237358033194834
66 0.00238351243921435
67 0.00239223931333112
68 0.00239971088610431
69 0.00240593646114552
70 0.00241115958282344
71 0.00241568559708293
72 0.00241982300376346
73 0.00242383563883013
74 0.00242780036652128
75 0.00243174728840436
76 0.00243570670383748
77 0.00243968549789096
78 0.00244359600113909
79 0.00244732630232157
80 0.00245074800575238
81 0.00245366868272759
82 0.00245587937311826
83 0.00245717088579727
84 0.00245739069289885
85 0.00245661223230518
86 0.00245496627424343
87 0.00245258425677991
88 0.0024496249170292
89 0.00244635480828373
90 0.00244306627134594
91 0.00244005012291818
92 0.00243759176162593
93 0.00243595955030797
94 0.00243541777361985
95 0.00243623173225953
96 0.00243864047759526
97 0.00244277225430653
98 0.00244873090322007
99 0.00245662514110306
100 0.00246653727582312
101 0.0024784266109871
102 0.0024922236544485
103 0.00250786129916165
104 0.00252524831621046
105 0.00254418955046345
106 0.00256445987122018
107 0.00258579677025568
108 0.00260780230078457
109 0.00263003296688132
110 0.00265203003359278
111 0.00267329416937382
112 0.0026932086551126
113 0.00271111502707635
114 0.00272634203812355
115 0.00273830483713501
116 0.00274679513683345
117 0.0027517094134157
118 0.00275295737878685
119 0.00275048976224837
120 0.00274437898775287
121 0.00273473809431002
122 0.00272169268527144
123 0.00270536798422074
124 0.00268585335211944
125 0.00266323719341031
126 0.00263761804226529
127 0.00260909614626795
128 0.00257775027515337
129 0.00254366168098138
130 0.00250692166251195
131 0.00246762678318782
132 0.00242586584898311
133 0.00238173368560248
134 0.00233535141338686
135 0.00228691165394561
136 0.00223662469793769
137 0.0021847004725911
138 0.00213139834591764
139 0.00207716869573849
140 0.00202248001380037
141 0.00196776373425005
142 0.00191340048780709
143 0.00185968397634108
144 0.00180686594477252
145 0.00175517092756731
146 0.00170478178235134
147 0.00165579764609296
148 0.00160828868224383
149 0.0015623136573084
150 0.00151790875781904
151 0.00147505489975137
152 0.00143371946593612
153 0.00139386931588925
154 0.00135546272006299
155 0.00131842663154367
156 0.00128268440893082
157 0.00124815737352116
158 0.00121474555474538
159 0.00118235018007703
160 0.00115088026767419
161 0.00112027285749106
162 0.00109055039471176
163 0.00106175074795496
164 0.00103390582133415
165 0.00100703674016755
166 0.000981139468809116
167 0.000956203089640957
168 0.000932215612441428
169 0.000909160256555419
170 0.000887004687887005
171 0.000865714095660374
172 0.000845255220719384
173 0.000825591453083726
174 0.000806669146869888
175 0.000788433501950265
176 0.000770833339487583
177 0.000753823522877682
178 0.000737372309428437
179 0.00072145230227036
180 0.000706037548547177
181 0.000691105462878659
182 0.000676642438127343
183 0.000662637191159499
184 0.00064908071965716
185 0.000635972120432447
186 0.000623311908034576
187 0.000611099965323703
188 0.000599338244097475
189 0.000588038303604714
190 0.000577212898233086
191 0.000566873451947122
192 0.000557027769865039
193 0.000547673112682732
194 0.000538804369516352
195 0.000530416692708508
196 0.000522504393938086
197 0.00051505764694772
198 0.000508066235048863
199 0.000501520745139107
200 0.000495411206998168
201 0.000489723143362965
202 0.000484441830944185
203 0.000479553628781074
204 0.000475044987223121
205 0.00047089966253068
206 0.000467101558033155
207 0.000463634566524975
208 0.00046047948004784
209 0.000457617062140625
210 0.000455028980339269
211 0.00045269692996089
212 0.000450600235998021
213 0.000448718149952836
214 0.000447030542114284
215 0.000445515748670913
216 0.000444144344333414
217 0.00044288534901194
218 0.000441708222449225
219 0.000440586506575872
220 0.000439508831994126
221 0.000438467642958138
222 0.000437455462906106
223 0.000436471872038867
224 0.000435544330512642
225 0.000434707034115997
226 0.000433993956988406
227 0.000433436604179142
228 0.000433057143031725
229 0.000432875533688265
230 0.000432911955392618
231 0.000433186502253222
232 0.000433718081922856
233 0.000434525725896375
234 0.00043562816440715
235 0.000437041104512797
236 0.000438780125224689
237 0.000440861716326636
238 0.000443302394413622
239 0.00044611578837312
240 0.000449315641397505
241 0.000452916882055464
242 0.000456934676505828
243 0.000461381324003129
244 0.000466269325377374
245 0.000471612466438076
246 0.000477424742767978
247 0.000483716890457396
248 0.000490499643458642
249 0.000497784860455884
250 0.000505584282473121
251 0.000513905609954847
252 0.000522755976927523
253 0.000532143116932352
254 0.000542073804945466
255 0.000552549062344076
256 0.000563568155307486
257 0.000575129889019994
258 0.00058723095488541
259 0.000599861026889977
260 0.00061300659306319
261 0.000626650700004054
262 0.000640768121946611
263 0.000655328950176948
264 0.000670299666380757
265 0.000685639625322199
266 0.000701290515888333
267 0.00071718471947249
268 0.000733248110759125
269 0.000749404351686749
270 0.000765589054067219
271 0.000781737586038983
272 0.000797780785747873
273 0.000813652052795497
274 0.000829309600167435
275 0.000844717444625425
276 0.0008598387655075
277 0.000874643610887739
278 0.000889132820604605
279 0.000903317021130253
280 0.000917209226128133
281 0.000930823915612545
282 0.00094417429594536
283 0.000957274647035827
284 0.000970148126027386
285 0.00098284851161718
286 0.000995440345141832
287 0.00100799200311546
288 0.0010205704608684
289 0.00103322521856319
290 0.00104600299116949
291 0.00105895281231733
292 0.00107212037675309
293 0.00108553038378425
294 0.00109920278388208
295 0.0011131584018493
296 0.00112741262494383
297 0.00114195573297095
298 0.00115677081146215
299 0.00117183989329879
300 0.00118713697361476
301 0.00120260643435083
302 0.00121818251587027
303 0.00123379599805281
304 0.00124936605683483
305 0.00126477515261595
306 0.00127989203329349
307 0.00129457986895936
308 0.00130872161767645
309 0.00132229758479343
310 0.00133531435126672
311 0.0013477721485213
312 0.00135963986710386
313 0.00137087842863682
314 0.00138144888962278
315 0.00139130375772098
316 0.00140036019216932
317 0.00140852599238181
318 0.00141570880679609
319 0.00142180251595387
320 0.00142664492159305
321 0.00143006061790591
322 0.00143187661926135
323 0.00143198127868993
324 0.00143049713585935
325 0.00142760875588241
326 0.00142350375734632
327 0.00141838891973522
328 0.00141254150966666
329 0.00140625348878505
330 0.00139981241530534
331 0.00139348551677879
332 0.00138747421309369
333 0.00138196136696201
334 0.00137712143845087
335 0.00137310384372035
336 0.00137005164946302
