1 0.000438201614838032
2 0.000237294717957877
3 0.000143590457375241
4 9.48566387543629e-05
5 6.85008600804598e-05
6 5.44836095334454e-05
7 4.79656283349599e-05
8 4.64985583137586e-05
9 4.92542366121952e-05
10 5.65707082573467e-05
11 6.99176765468502e-05
12 9.23318374875921e-05
13 0.000129378025003334
14 0.000191023861311039
15 0.000294709762529622
16 0.000468494203443052
17 0.000755656728642781
18 0.00121774225897957
19 0.00192971563853506
20 0.00295427499663608
21 0.00429112011834159
22 0.00580834527754942
23 0.00721897823807683
24 0.00821629129629418
25 0.00856580669496546
26 0.00818094659197872
27 0.00723945089992757
28 0.006283448258523
29 0.00572862178303947
30 0.00575695540877641
31 0.00616540882636308
32 0.00666483827643949
33 0.00688878279774329
34 0.00662415882988238
35 0.00641764101418148
36 0.00696853904007892
37 0.00942963600674832
38 0.0168000285037182
39 0.0341203764281679
40 0.0651604546793906
41 0.0980991221325186
42 0.104116584375912
43 0.0806381725463069
44 0.0479800700555159
45 0.0232114359915647
46 0.0097947793603296
47 0.00386730628195545
48 0.00152925313632864
49 0.000647028095665515
50 0.000308636813329636
51 0.000166205886370907
52 9.98955538300199e-05
53 6.62431217266596e-05
54 4.80124709012441e-05
55 3.80076337446744e-05
56 3.29090750154143e-05
57 3.11775319860453e-05
58 3.21898683270708e-05
59 3.60368914387907e-05
60 4.35236222755142e-05
61 5.64374115428655e-05
62 7.8280298315426e-05
63 0.000115737750456298
64 0.000181771547212343
65 0.000301435178894751
66 0.000519363538658301
67 0.000912514375653567
68 0.00160457323644119
69 0.00276540057583701
70 0.00453649674460539
71 0.00686598584989037
72 0.00929689716401791
73 0.0110228587743639
74 0.0116038104161626
75 0.0110904653162913
76 0.00983782803873847
77 0.00824392397411942
78 0.00653134193879101
79 0.00487551652730085
80 0.00347426573065717
81 0.00255776570432767
82 0.0021409492497965
83 0.00224228380000859
84 0.00313248161305691
85 0.00548249471161063
86 0.0109295755351193
87 0.0225295276822892
88 0.0435900433094678
89 0.0723410048644199
90 0.0953692412122746
91 0.093237146491267
92 0.064184161897031
93 0.0332944397289592
94 0.0146606017678569
95 0.00627939502417494
96 0.00293108685097388
97 0.00150617474396536
98 0.00083752102789307
99 0.000494998695693428
100 0.00030688496442132
101 0.000200926627795843
102 0.000140564314236326
103 0.000106308088009267
104 8.76783208079318e-05
105 7.86067766836732e-05
106 7.61346611984304e-05
107 7.92199707885497e-05
108 8.82762726620801e-05
109 0.000105075183189975
110 0.000133257658833919
111 0.000179292727328989
112 0.000253088353130305
113 0.000370027180892203
114 0.000553167586074564
115 0.00083454432241928
116 0.00125292640826179
117 0.00184544863919816
118 0.00262908170893928
119 0.00357504992249123
120 0.0045965385644871
121 0.00554088419705229
122 0.00620976838837456
123 0.00644108012109116
124 0.00625190019657256
125 0.00576339584495414
126 0.0051214171806002
127 0.00446727033781947
128 0.00394794029571182
129 0.00366094770112096
130 0.00368923038236771
131 0.00418827242208778
132 0.00557433278110169
133 0.00905333344305712
134 0.0179686660179483
135 0.037647484492808
136 0.0695892884927441
137 0.0967541938795928
138 0.0921640261096397
139 0.0650494527458096
140 0.0382163344727195
141 0.0213278016777564
142 0.0126946577177239
143 0.00809687767848139
144 0.00539249382826613
145 0.00364958153567351
146 0.00245643985763022
147 0.00164859822887172
148 0.00111284973981418
149 0.000762126417752214
150 0.000534545150854551
151 0.000388876109782289
152 0.000297411465931415
153 0.000242364769524321
154 0.000212800437906865
155 0.000201661731879967
156 0.000206139109876033
157 0.000226982270291257
158 0.00026804922687206
159 0.000337749729965638
160 0.000451748667094242
161 0.000636415559344585
162 0.000927235691898142
163 0.00136825257700604
164 0.0020025846185191
165 0.00285345999537849
166 0.00392046353311059
167 0.00515601638823976
168 0.00644405022991462
169 0.0076265237424681
170 0.00864076210797141
171 0.00950852315939013
172 0.0103100752157664
173 0.0111002455309014
174 0.0116431751373426
175 0.011596910800079
176 0.0106900042956766
177 0.00906917500128486
178 0.00764073366785113
179 0.00704309394342695
180 0.00782664043824461
181 0.0111365611179328
182 0.0186428831971116
183 0.0325190481692286
184 0.0528570607798075
185 0.0742668246728342
186 0.0849569501933631
187 0.0744444619982311
188 0.0478135914968603
189 0.0243869747368938
190 0.0112383954626075
191 0.00537915471019261
192 0.00299068167432081
193 0.00192750364731009
194 0.00139554144786923
195 0.00109938023681439
196 0.000917237637437915
197 0.00080506105578011
198 0.000742120847848444
199 0.000717300239216693
200 0.000722710867225017
201 0.000742047572416322
202 0.000755869099107573
203 0.000743624552280086
204 0.000695507092063129
205 0.000636293475657852
206 0.000592374811699375
207 0.000580208630970319
208 0.00060288523977594
209 0.000665958413366612
210 0.00078364058825272
211 0.000981748309694057
212 0.00129512599785244
213 0.00177470601649282
214 0.00249177229232362
215 0.0035133158072657
216 0.00475171326174202
217 0.00585213412494154
218 0.00623184145836294
219 0.00557370475114522
220 0.00445531108233267
221 0.00346570440085097
222 0.00285762165888552
223 0.00266994550032066
224 0.00280165445256678
225 0.00321082439731423
226 0.00390805506531735
227 0.0049666681274275
228 0.0067699566900574
229 0.0102735233194499
230 0.0179873229237801
231 0.0359934515737951
232 0.0691594184921543
233 0.104767555158508
234 0.110835873048557
235 0.0863481202944285
236 0.0535371864970663
237 0.0287867347047092
238 0.014701731730464
239 0.00753413185081374
240 0.004046462951207
241 0.00237537728226815
242 0.00156736197746002
243 0.00113421863628527
244 0.000866646566896484
245 0.000673101695998499
246 0.000516673456860448
247 0.000396681645910713
248 0.000311389676618936
249 0.000255475746930201
250 0.000223109365963302
251 0.000208120789884155
252 0.000207319482085372
253 0.000220489496617085
254 0.000250145768369583
255 0.000301749347461571
256 0.000385545092395758
257 0.000519761305038806
258 0.000733537694526126
259 0.00105828002765519
260 0.00151803518468901
261 0.00211184211129406
262 0.0028113236531931
263 0.00354374013221342
264 0.00418570396676179
265 0.00461134246594967
266 0.00482772630295518
267 0.00492181100350466
268 0.00500695069873847
269 0.0051646104554398
270 0.00530748089159193
271 0.00529488833811922
272 0.00499653575677468
273 0.00444129699527709
274 0.00404118867850598
275 0.00418154456128708
276 0.00546471225018263
277 0.00957403177471886
278 0.0199615075127987
279 0.041972912772403
280 0.0757846940784716
281 0.104595883018091
282 0.109476458759892
283 0.0869275976784737
284 0.052145686080843
285 0.0251827212750912
286 0.0108097739973151
287 0.0045954167554667
288 0.00211518236533173
289 0.00106759483824117
290 0.000586587278701116
291 0.000348113459641519
292 0.000221854844979799
293 0.000152333000705527
294 0.000113315236857815
295 9.18202258158514e-05
296 8.13404658295155e-05
297 7.84638712329509e-05
298 8.19373678361472e-05
299 9.20867666011946e-05
300 0.000110776369058977
301 0.00014209448140252
302 0.000193691297182383
303 0.000279618345157354
304 0.000424277163885789
305 0.000660428790406224
306 0.00102505499526822
307 0.0015419537278831
308 0.00219476709016284
309 0.00293736949137571
310 0.0036895304850241
311 0.00434682309499382
312 0.00482483361695478
313 0.00507404331002727
314 0.00508419518584137
315 0.00489319636232484
316 0.00460587727991457
317 0.00432832883286596
318 0.00414538143165788
319 0.00411580945828086
320 0.00424841305776547
321 0.00455577222254418
322 0.00507148244369012
323 0.00589752269586803
324 0.00741461873590573
325 0.0104996850252683
326 0.0174218217679917
327 0.0337832483527294
328 0.0653814125765786
329 0.105115909260952
330 0.1204309722872
331 0.0888663973249246
332 0.0457529402814397
333 0.0191735683025414
334 0.00768218279427658
335 0.00313565284868216
336 0.00134787542477032
