1 0.0141571350392677
2 0.0130448948592249
3 0.0120041559533005
4 0.0110492748178186
5 0.0101906403053549
6 0.00943426242294796
7 0.00878157196752814
8 0.00822794484592833
9 0.00776794941086013
10 0.00739704099207106
11 0.00711102483194478
12 0.00690394062265132
13 0.00677119766120329
14 0.00671041626233204
15 0.00672069438523203
16 0.0068004969380659
17 0.00694965707514929
18 0.0071699458656442
19 0.00746410613276605
20 0.00783277870799915
21 0.00827643525447313
22 0.00879576043415768
23 0.00939061768549234
24 0.0100575766366947
25 0.0107903244037879
26 0.0115793072092574
27 0.012411173344064
28 0.0132689535324727
29 0.0141311046529194
30 0.014973179157879
31 0.0157750025460732
32 0.0165166074227932
33 0.0171769957005787
34 0.0177357778296542
35 0.0181769813562506
36 0.0184873805190216
37 0.0186562175126877
38 0.0186775342901483
39 0.0185559313565701
40 0.0183009380134243
41 0.0179246333603704
42 0.0174394192413006
43 0.0168530201353749
44 0.0161735775983734
45 0.0154111445683671
46 0.0145811844640081
47 0.0137137139677812
48 0.0128383867078403
49 0.0119798085324686
50 0.0111582623995493
51 0.0103919225203886
52 0.00969450218163023
53 0.00907538302747015
54 0.00853975890605926
55 0.00808725435919667
56 0.00771641400826399
57 0.00742554245255942
58 0.00721107174791107
59 0.00707043016961052
60 0.00700294685588616
61 0.00700919995122273
62 0.00708877620479633
63 0.00724270567684056
64 0.007474251984706
65 0.00778798494898716
66 0.00818652386108143
67 0.00867282540684333
68 0.00925076157127254
69 0.00992425214622402
70 0.0106950773750225
71 0.0115631881553352
72 0.0125262606462073
73 0.0135783027340044
74 0.0147070439629424
75 0.0158937154057449
76 0.0171124836068156
77 0.0183319981194312
78 0.0195228439736982
79 0.0206534647211876
80 0.021690973198379
81 0.0226086523315908
82 0.0233824992184941
83 0.0239904309610699
84 0.0244115757644448
85 0.0246221265733542
86 0.0246012582796228
87 0.0243342706985536
88 0.0238176773679069
89 0.0230704386156263
90 0.0221211295385586
91 0.0210025249977615
92 0.019753680442628
93 0.0184275851762602
94 0.0170745839260896
95 0.0157367237401833
96 0.0144474751473208
97 0.0132324741562878
98 0.0121095774567522
99 0.0110898618735648
100 0.0101785036896959
101 0.00937497695121308
102 0.00867625508007826
103 0.0080782641696707
104 0.00757622435210989
105 0.00716426632757246
106 0.00683733336702168
107 0.00659124008144042
108 0.00642114754694211
109 0.0063238269733239
110 0.00629832092512682
111 0.00634536028285574
112 0.00646548249084779
113 0.0066609891034695
114 0.00693663003519527
115 0.00729893326768565
116 0.00775361705958588
117 0.00830743379802001
118 0.00896870627237276
119 0.00974577099601523
120 0.010641747000337
121 0.0116559806678606
122 0.0127836397582304
123 0.0140125066313195
124 0.0153155505958042
125 0.0166518624755684
126 0.0179667923065635
127 0.019199838553027
128 0.0203130684028048
129 0.0212768508257904
130 0.0220645296297449
131 0.022652463495927
132 0.0230174845450935
133 0.0231411861556736
134 0.0230150322364137
135 0.0226493035561695
136 0.022063975666595
137 0.0212845368536995
138 0.0203433745972706
139 0.0192857926619703
140 0.0181572097516387
141 0.0169981441997228
142 0.0158426708283731
143 0.0147168740211537
144 0.0136407632677083
145 0.0126291942260347
146 0.0116931217560986
147 0.0108418924926344
148 0.0100815478387455
149 0.00941511965265184
150 0.00884286982815516
151 0.00836125373159871
152 0.00796644417061882
153 0.00765554851951616
154 0.00742632355259002
155 0.00727577226421992
156 0.00720239425489402
157 0.00720620955888558
158 0.0072866961145622
159 0.00744499590868199
160 0.00768463971086154
161 0.00801067826407791
162 0.00842658870637506
163 0.00893650470140183
164 0.00954581584487951
165 0.01025945175129
166 0.0110764300259713
167 0.0119916957775594
168 0.0129959780937845
169 0.0140744758268867
170 0.0152058380734486
171 0.01636097731209
172 0.0175024363322104
173 0.018589655177388
174 0.0195975824342507
175 0.0205062691159382
176 0.0212969752174159
177 0.0219527204570548
178 0.0224586508562761
179 0.022802738985416
180 0.022976296924625
181 0.0229765722587236
182 0.0228135923292078
183 0.0225028483942299
184 0.0220587937156658
185 0.0214845606261112
186 0.0207828125252924
187 0.0199593572724603
188 0.0190272759374141
189 0.0180173854914021
190 0.0169622691740717
191 0.0158908369561065
192 0.0148284500006768
193 0.0137983943156477
194 0.0128193253016458
195 0.0119049567503579
196 0.011064630649126
197 0.0103038515270394
198 0.00962543566094277
199 0.00903035234077963
200 0.00851819830507204
201 0.00808728110949672
202 0.00773590898882274
203 0.00746304678643446
204 0.00726781310566102
205 0.00714728742056598
206 0.00709970242758733
207 0.00712479583904829
208 0.00722195530418024
209 0.0073920428402418
210 0.00763796686937615
211 0.00796366975242843
212 0.008370691576976
213 0.00886043974775593
214 0.00943469978692491
215 0.0100943275840232
216 0.0108357641822107
217 0.0116518968503112
218 0.0125317707076263
219 0.013459755271803
220 0.0144151968400129
221 0.0153716114381469
222 0.0162964521150211
223 0.0171569709625482
224 0.0179395078857916
225 0.0186374973817629
226 0.0192466705343214
227 0.0197615383460586
228 0.0201642497622284
229 0.0204343871842962
230 0.020553257929278
231 0.0205060015029597
232 0.0202856802788771
233 0.0198908433883698
234 0.0193276934193443
235 0.0186179045495052
236 0.0177880737866404
237 0.0168654348477261
238 0.0158782662419093
239 0.014858844303211
240 0.0138365536219587
241 0.0128356718552634
242 0.0118763462167902
243 0.0109772997207707
244 0.0101524467971287
245 0.00941076065989616
246 0.00875642440932436
247 0.00818752058372488
248 0.00770066982777602
249 0.00729259357425773
250 0.0069600200743676
251 0.00669876233437017
252 0.00650556639804959
253 0.00637870212568411
254 0.0063173373296462
255 0.00631947542837469
256 0.00638427302034296
257 0.00651272540452288
258 0.00670714201792319
259 0.00696948998498309
260 0.00730270632875357
261 0.00771015567571075
262 0.00819227116568797
263 0.00874822674509185
264 0.00937612575905918
265 0.0100715162409908
266 0.0108238503277852
267 0.0116171641007997
268 0.0124299191542826
269 0.0132358373109983
270 0.0140085430094838
271 0.0147191309550959
272 0.0153359085306887
273 0.0158290193801398
274 0.0161825088336574
275 0.0163870803369346
276 0.0164375060888586
277 0.0163333125290962
278 0.0160801625075478
279 0.0156880540189788
280 0.0151702729667071
281 0.0145439393837889
282 0.0138324665773815
283 0.013060129901119
284 0.01225134064429
285 0.0114338099774126
286 0.01063189473856
287 0.00986475110287884
288 0.00914636425058083
289 0.00848541116717438
290 0.00788717317722627
291 0.00735456574730797
292 0.00688838192480654
293 0.00648684866004419
294 0.00614769154753736
295 0.00586890926133702
296 0.00564858690093567
297 0.00548389572185036
298 0.00537279013151929
299 0.00531453980478063
300 0.00530935073442061
301 0.00535707991970768
302 0.00545868206019955
303 0.00561670667396341
304 0.00583483952905522
305 0.00611619234596321
306 0.00646469450101379
307 0.00688554899854793
308 0.00738458247638944
309 0.00796601883655873
310 0.00863337446388303
311 0.00938912395366474
312 0.0102328771689854
313 0.0111611265995872
314 0.0121665364478701
315 0.0132370583300062
316 0.0143554239826803
317 0.0154982102708486
318 0.0166353522438517
319 0.0177329991277769
320 0.018763794192343
321 0.0197017372186634
322 0.0205206450878039
323 0.0211964691045506
324 0.0217125366280685
325 0.0220569566177907
326 0.0222218513834943
327 0.0222031562002403
328 0.0219993184995113
329 0.0216128691216825
330 0.0210509100939479
331 0.0203258816674634
332 0.0194577213622312
333 0.0184697820279484
334 0.0173898411691787
335 0.0162565442312517
336 0.0151067432078851
