1 0.00280060832947752
2 0.00234110901820956
3 0.00196482632074618
4 0.00165884039638757
5 0.00141175144710846
6 0.0012136474757575
7 0.00105610041194026
8 0.000932087366391765
9 0.000835982971919336
10 0.000763444951889888
11 0.000711133679556914
12 0.000676219758431755
13 0.00065684225917054
14 0.000652144794948971
15 0.00066213900861919
16 0.000687460528010147
17 0.000729710186567526
18 0.000791711885105412
19 0.000877668945932871
20 0.000993038749286572
21 0.00114530455413029
22 0.00134474928307244
23 0.00160482042208372
24 0.0019408520361311
25 0.00237087458174543
26 0.00291570088896313
27 0.00359669846320241
28 0.00442757646504132
29 0.00540940523789699
30 0.00652717288079531
31 0.0077578328759918
32 0.00906343586491428
33 0.0103869571436382
34 0.0116542582740703
35 0.0127826394000513
36 0.0136861300755302
37 0.0142839214530021
38 0.0145111400890695
39 0.0143295509885609
40 0.0137347382053586
41 0.012759339833417
42 0.011484266892307
43 0.0100573798039458
44 0.00861632950111419
45 0.00726075798201214
46 0.0060483386131743
47 0.00499602077938305
48 0.00410280693884313
49 0.00335849966372383
50 0.00274740674077204
51 0.00225103015011445
52 0.0018511963478968
53 0.00153132677395304
54 0.00127703522882741
55 0.00107649403848228
56 0.000919797849716927
57 0.000798586568147216
58 0.000705494926992022
59 0.000634863000335092
60 0.000582574727191464
61 0.000545666456661312
62 0.000521934391960715
63 0.000510004512932195
64 0.000509281192760735
65 0.000519839835211765
66 0.000542251009603414
67 0.000577813074100476
68 0.000628734704118287
69 0.0006982621236721
70 0.000790649274534939
71 0.000911691201463555
72 0.0010692847784993
73 0.00127374786190835
74 0.00153710018902901
75 0.00187375655060836
76 0.00230080022900748
77 0.00283815969521223
78 0.00351016180667436
79 0.00434474831658016
80 0.00536848717037698
81 0.00658643222930743
82 0.00797481510607847
83 0.00947198075208678
84 0.0109765587427053
85 0.0123736842995136
86 0.0135365248667696
87 0.0143370340293332
88 0.0146713608079971
89 0.014496270845149
90 0.0138249833278018
91 0.0127209792117163
92 0.0112983915307095
93 0.00972481003918526
94 0.00815153952584234
95 0.00668708523071761
96 0.00539601532212155
97 0.00430635621999332
98 0.00341788230474354
99 0.00271288947019335
100 0.00216459360134251
101 0.00174226139104308
102 0.0014190074700993
103 0.00117308631068124
104 0.00098708833215445
105 0.000846730835664697
106 0.000741392597765826
107 0.000663381280942873
108 0.000606997099946673
109 0.000568281729100777
110 0.000544677043579297
111 0.000534687662398044
112 0.0005375353801193
113 0.000553302591270835
114 0.000583001492783358
115 0.000628586701963253
116 0.000692829818241485
117 0.000779768455680528
118 0.000895145376423919
119 0.00104679602079219
120 0.00124476735262496
121 0.00150220505300583
122 0.00183628739682198
123 0.00226766947053688
124 0.002813961956422
125 0.00348765284182636
126 0.00429147164374131
127 0.00521508300354243
128 0.00624555448163898
129 0.0073612089621047
130 0.00852736704521659
131 0.00970000153378213
132 0.01084274920202
133 0.011923821980468
134 0.0129008571740568
135 0.0136728071692522
136 0.014117808418644
137 0.0141246302446182
138 0.0136407932105701
139 0.0127538407362142
140 0.011598327834016
141 0.0103066631201507
142 0.00898869364444495
143 0.00771761108783824
144 0.00654187230918045
145 0.00549019613375969
146 0.0045746298277924
147 0.0037942515310911
148 0.00314047993756597
149 0.00260054961852753
150 0.00216030164312798
151 0.00180654055580866
152 0.00152633469055806
153 0.00130769006152752
154 0.00113987760331181
155 0.00101298182547222
156 0.00091936398119801
157 0.000853497063499682
158 0.00081127946366083
159 0.000790227608695298
160 0.000789415886226775
161 0.000809285853042284
162 0.000851255772074917
163 0.000918356963993482
164 0.00101574965203603
165 0.00115114512459265
166 0.00133489216528175
167 0.00158144085116803
168 0.00191102255677194
169 0.00235045769955822
170 0.00292954192774252
171 0.00368169693224137
172 0.00464233878400441
173 0.0058410686795608
174 0.00727931066884819
175 0.00891476402810564
176 0.0106452689085259
177 0.0123190722791497
178 0.013822421593372
179 0.0150692984581017
180 0.0159960573339097
181 0.0165595717589219
182 0.0167159500757856
183 0.0164431352104688
184 0.0157517068133597
185 0.0146855346396051
186 0.0133166492231409
187 0.0117370345841705
188 0.0100568871445098
189 0.00840794125731868
190 0.00688979666369302
191 0.00555907519846968
192 0.00443693028276011
193 0.00351935219838261
194 0.00278718498758159
195 0.00221420416820158
196 0.00177214120279294
197 0.00143317973761255
198 0.00117427209714721
199 0.000977337263544824
200 0.000828243419079934
201 0.000715646280251253
202 0.00063116590764819
203 0.000568813763229928
204 0.000524333262038222
205 0.000494649335592219
206 0.000477787666043443
207 0.000472689099897742
208 0.000478982795447383
209 0.000497083544353511
210 0.000528281126788907
211 0.000574814243905611
212 0.000639846713088026
213 0.000727962190297843
214 0.000845714476769267
215 0.00100220509710617
216 0.00120948164054795
217 0.00148381997213043
218 0.00184726545302239
219 0.00232808721117953
220 0.00295578025575515
221 0.0037597641687813
222 0.00476517679591833
223 0.00598549628288503
224 0.00741512786021275
225 0.00901770206750385
226 0.0107154774744658
227 0.0123899462197906
228 0.0139092548323315
229 0.0151341767780665
230 0.0159321888188572
231 0.0162037451463359
232 0.0159165965766197
233 0.0150993792719135
234 0.0138457961518068
235 0.0123301859769713
236 0.0107246719837606
237 0.00916322032462922
238 0.00773030441223452
239 0.00645639660975095
240 0.00534964659458319
241 0.00440658821849558
242 0.00361650847875093
243 0.00296555518235663
244 0.00243689040723169
245 0.00201262950433052
246 0.00167542106405828
247 0.00140913186099599
248 0.00120013825032432
249 0.00103739994350056
250 0.000912012344193055
251 0.000816555772185725
252 0.000745441877611925
253 0.000694697877080298
254 0.000661554332486837
255 0.000643937855837672
256 0.000640729303385618
257 0.000651778877866561
258 0.000677814578722565
259 0.000720253685862647
260 0.000781537800832026
261 0.000865294322476489
262 0.00097616256309594
263 0.00112034882038505
264 0.00130612482554869
265 0.00154383891927019
266 0.00184427838833794
267 0.00221890218084969
268 0.0026792729659144
269 0.00323385384848957
270 0.00387807764578192
271 0.00459046794828365
272 0.00532847153369794
273 0.00603125743971666
274 0.00664303076005854
275 0.00711140527068337
276 0.00739009978983541
277 0.00745064727638691
278 0.00730158896677493
279 0.0069729703034198
280 0.0065056088551635
281 0.0059457974282835
282 0.00534236876310851
283 0.00473700690407901
284 0.00415986637134748
285 0.00362794102505738
286 0.00315035265186734
287 0.00273080845239288
288 0.00236846385624065
289 0.00205812346650828
290 0.00179384366914506
291 0.00156994886694626
292 0.00138141016677127
293 0.00122439640490203
294 0.00109541605963499
295 0.000991263462098213
296 0.000909095487730145
297 0.000846344324759516
298 0.000801070434619792
299 0.000772056158044299
300 0.000758682673503034
301 0.000760543228422951
302 0.000777981721991246
303 0.000812316920947963
304 0.000865834414165183
305 0.000941448314937359
306 0.00104333337992403
307 0.0011774070437165
308 0.00135159306912117
309 0.00157554414639514
310 0.0018614728456056
311 0.00222366129673471
312 0.00267354720478604
313 0.00321889212860622
314 0.00386117172666668
315 0.00459401084000574
316 0.00541081663549231
317 0.00629998177965149
318 0.00724157231528532
319 0.00820736247841678
320 0.00916418201741726
321 0.0100737830668974
322 0.0108941025552173
323 0.0115803632744661
324 0.0120830503459307
325 0.0123561846419553
326 0.0123643316473437
327 0.0120907542731804
328 0.0115489492945704
329 0.0107730793988997
330 0.00981163115482816
331 0.00872801034819396
332 0.00760571875509372
333 0.0065159781481534
334 0.00550814045261878
335 0.00461096308527595
336 0.00383637232046659
