1 0.0147847019952395
2 0.0122270800731339
3 0.00980590326848915
4 0.00770742129226494
5 0.00600216795532562
6 0.00468227403467116
7 0.00369578398496484
8 0.00296933559884807
9 0.00244046302539241
10 0.00206203443212973
11 0.00179846815246292
12 0.00162020742154714
13 0.00150730175324009
14 0.00144773390946381
15 0.00143446804351815
16 0.00146183689126459
17 0.00152673493220231
18 0.00162830160097178
19 0.00176627689676428
20 0.0019371799329203
21 0.00213452327767768
22 0.00234793358384719
23 0.00256590384327105
24 0.00278996310041171
25 0.00302741776861187
26 0.00328831315888114
27 0.00358345687273152
28 0.00391585055600287
29 0.00428551950070051
30 0.00469086506366675
31 0.00512663580678568
32 0.00558419948816158
33 0.0060514397398386
34 0.00651653934044688
35 0.0069823925814358
36 0.00745859164140319
37 0.00795810433286751
38 0.00849932809604817
39 0.00911288660746871
40 0.00983972222044424
41 0.0107329448096513
42 0.01183668098185
43 0.013090635508023
44 0.0143679145202925
45 0.0154894054317334
46 0.0162420355786995
47 0.0164398563353895
48 0.0159480401565859
49 0.0147206969747652
50 0.0128719947701524
51 0.0107406165513163
52 0.00864083109962554
53 0.00677256173719859
54 0.00522668722291153
55 0.00401540659214129
56 0.003105015686066
57 0.0024408327864748
58 0.00196090176962745
59 0.00161663844439633
60 0.00137340545440531
61 0.00120663085460826
62 0.00109799797658964
63 0.00103589252362001
64 0.00101425247285311
65 0.00103123550006128
66 0.00108777335580269
67 0.00118879303049041
68 0.00134424261170221
69 0.00156985770907121
70 0.00188640559216833
71 0.00232259419309884
72 0.00291770748615488
73 0.003719528593336
74 0.00476325115435174
75 0.00605864954175108
76 0.00756855088729439
77 0.00918638428842712
78 0.0107374413304437
79 0.0119847968668393
80 0.0127161815551381
81 0.0129636728121234
82 0.0128831645861452
83 0.0126620499116401
84 0.0124667755742249
85 0.0123773374088434
86 0.0124536052660243
87 0.0127622288572473
88 0.0133628883017819
89 0.0142382725118454
90 0.0153481234851431
91 0.016640158738525
92 0.0180034524458271
93 0.0191311187948251
94 0.0196132809576964
95 0.0190553829222548
96 0.0173187417366851
97 0.0148317387848716
98 0.0121173046642116
99 0.0095627125455722
100 0.00738045521808391
101 0.00563382072052959
102 0.00430064493076002
103 0.00331959032780279
104 0.0026163040333502
105 0.00211469435346443
106 0.00175822458065542
107 0.00150760652839577
108 0.00133433641987024
109 0.00121953525212175
110 0.00115148944146182
111 0.0011231133652579
112 0.00112917226431955
113 0.00116713773961822
114 0.00123697400547592
115 0.0013402600064292
116 0.00147833501439138
117 0.00165249528953313
118 0.00186345818171395
119 0.00211215280017387
120 0.00240608992388608
121 0.00275687966397055
122 0.00317965681646999
123 0.00369071666341452
124 0.00429364634352772
125 0.00498108328925617
126 0.00573331183946018
127 0.00651798752144925
128 0.00730174823962736
129 0.00804565465613381
130 0.00870433951424034
131 0.00924714520063329
132 0.00972256050340054
133 0.0102161522907665
134 0.010818330292134
135 0.0115786459415869
136 0.0125441576733067
137 0.0137773608396003
138 0.0153192845883311
139 0.0170263056478536
140 0.0186240837990963
141 0.0197427707361867
142 0.0200180026021096
143 0.0193325718526969
144 0.0177463282333806
145 0.0154494368972428
146 0.0127596176037736
147 0.0101064116535747
148 0.00778255807716915
149 0.00590775211297164
150 0.00447784077794412
151 0.00341744578221277
152 0.00264528762663923
153 0.00209184146397994
154 0.00170069674996795
155 0.00142557190957192
156 0.0012343785273283
157 0.00110584041494597
158 0.00102528708427746
159 0.000983759132754045
160 0.000976791128362576
161 0.00100326097883318
162 0.00106404769648087
163 0.0011628652623097
164 0.00130678316111721
165 0.00150580112047312
166 0.00176932990139665
167 0.00210675964395353
168 0.00252623950600784
169 0.00303183005896793
170 0.00362022682870689
171 0.00427592135514547
172 0.00496656810418887
173 0.00564860585253092
174 0.00630090530675716
175 0.00691520696237708
176 0.00749046116522395
177 0.00803329425170627
178 0.00855915170290207
179 0.00909096443374622
180 0.00965869670089537
181 0.010297749198237
182 0.0110426194888624
183 0.011934300098548
184 0.0130125862093668
185 0.0142714508970699
186 0.015681019250218
187 0.0171930943447469
188 0.0187053123280272
189 0.0199473605290893
190 0.0205633507234755
191 0.0202098554050898
192 0.0187391324942874
193 0.0164510380861596
194 0.0137705500488743
195 0.011068919758981
196 0.00861666201335303
197 0.00658575753973167
198 0.00501732279390142
199 0.00386848747404825
200 0.003058109381913
201 0.00248848655332106
202 0.00208797150383481
203 0.00180944992902647
204 0.00162171462957164
205 0.00150312292356245
206 0.00144026978772727
207 0.00142525548477331
208 0.00145161974009842
209 0.00151555054692046
210 0.00161543907406604
211 0.00175097943947184
212 0.00192265585879027
213 0.00213076241197777
214 0.00237446005392643
215 0.00265082576012728
216 0.00295391879242016
217 0.00327370193210169
218 0.00359523457912585
219 0.00390165184177368
220 0.00418626101160188
221 0.00444674822348051
222 0.00468250682715986
223 0.00489492316910909
224 0.00508840887249699
225 0.00526932067308406
226 0.00544541513572789
227 0.00562785687223325
228 0.00583825405208804
229 0.00610389086728753
230 0.00645755131306518
231 0.00693435856969442
232 0.00755299686621037
233 0.00833090501102359
234 0.0092726393281841
235 0.0103018915874925
236 0.0112800793496174
237 0.0120195951831056
238 0.012323867143981
239 0.0120867185921319
240 0.0112863433689353
241 0.00998671577963768
242 0.00836479135377295
243 0.00672544700753882
244 0.00528418804481975
245 0.0041308479101956
246 0.00326384089094889
247 0.00262293335039203
248 0.00215240454727418
249 0.0018106834572786
250 0.00156692093173402
251 0.00139719986927416
252 0.0012852853482435
253 0.00122120920841837
254 0.00119926463495398
255 0.0012154194074774
256 0.00126864701319181
257 0.00136105250344054
258 0.00149715012439805
259 0.0016816565135655
260 0.00192016015944355
261 0.00221748438880262
262 0.0025709598569658
263 0.00296880662528858
264 0.00338739519387108
265 0.00379476749475717
266 0.0041737558332294
267 0.00451403184137275
268 0.00480805962689152
269 0.00505464240220499
270 0.00526963881672166
271 0.00547734876648112
272 0.00570671712561761
273 0.00598500319864194
274 0.00631656479600528
275 0.00669920147543965
276 0.00712981100130729
277 0.0076052883825271
278 0.00812706100013663
279 0.00869782857364621
280 0.00932023804002776
281 0.00999613129802873
282 0.0107240325692477
283 0.0115002999721066
284 0.0122917788244238
285 0.012939338243339
286 0.0132274583035522
287 0.012947324298803
288 0.0120099011403575
289 0.0106104763087076
290 0.00900774854603234
291 0.00741403007676172
292 0.00597022991595031
293 0.00474849532791805
294 0.00376653508221757
295 0.00300854432895072
296 0.00244105092432171
297 0.00202132231676294
298 0.00171444712902908
299 0.00149496063292563
300 0.00134430223846864
301 0.00124769527903009
302 0.00119565332141629
303 0.00118338427299258
304 0.00120947917462345
305 0.00127384141235657
306 0.00137898322963701
307 0.00153041859798528
308 0.00173612014063117
309 0.00200401659342991
310 0.00234228209161069
311 0.00275818796624913
312 0.00325499446023643
313 0.00382897095436152
314 0.00446568073194544
315 0.00514269680227234
316 0.00585351618334938
317 0.0065999216720897
318 0.00738802401561095
319 0.0082238003353963
320 0.00909347568649804
321 0.00997193255021777
322 0.0108268717629814
323 0.0116284010583191
324 0.0123818580946584
325 0.0131095084642412
326 0.0138421617860632
327 0.0146139954452136
328 0.0154460622586948
329 0.016358257501859
330 0.0173744721216683
331 0.018477041937742
332 0.0194460307369903
333 0.0199695139652079
334 0.0197676925792052
335 0.0187794984960061
336 0.0170783748622202
