1 0.0047065094416481
2 0.00467893587240388
3 0.00464876784022627
4 0.00461604792345936
5 0.00458104362249415
6 0.00454407427946286
7 0.00450542691223141
8 0.00446527740864009
9 0.00442377258140386
10 0.0043810567142157
11 0.00433726426403474
12 0.00429249930943783
13 0.00424685709517448
14 0.00420043092586273
15 0.00415332780183932
16 0.00410571421726137
17 0.00405776607843407
18 0.00400965237599633
19 0.00396151149099688
20 0.00391338267498901
21 0.00386528079248381
22 0.00381722047197534
23 0.00376921485558666
24 0.00372127198537087
25 0.00367339875335784
26 0.00362560217184167
27 0.00357787724143429
28 0.00353017185550546
29 0.00348242542163672
30 0.00343459189495718
31 0.003386670376932
32 0.00333867127453769
33 0.00329060540154606
34 0.00324249116426805
35 0.00319437529337864
36 0.00314630973881308
37 0.00309834424641238
38 0.00305053449258265
39 0.00300296548961203
40 0.00295572542851644
41 0.00290889735638401
42 0.00286259118668343
43 0.00281703550129208
44 0.00277247507491973
45 0.0027291387147365
46 0.00268724526525153
47 0.00264701922129592
48 0.00260867603805539
49 0.00257241863525737
50 0.00253842485514526
51 0.00250680772906738
52 0.00247766286015086
53 0.00245108455146293
54 0.0024271593122735
55 0.00240594419101847
56 0.00238749265495401
57 0.00237185521652231
58 0.00235905555010075
59 0.00234911727552619
60 0.00234207307721957
61 0.00233795567875753
62 0.00233676962851357
63 0.00233852073996985
64 0.00234322588567457
65 0.00235090376857178
66 0.00236154662597874
67 0.00237514782269143
68 0.00239171086516784
69 0.0024112394035704
70 0.00243370711978104
71 0.00245908513931197
72 0.00248735077114222
73 0.00251847532540187
74 0.0025523879720425
75 0.00258900665400473
76 0.0026282477254428
77 0.00267001623660355
78 0.00271417861091739
79 0.00276058396823668
80 0.00280907640652136
81 0.00285951225310745
82 0.00291174201774213
83 0.00296560329609785
84 0.00302091951203824
85 0.00307749862438447
86 0.00313513229653782
87 0.00319359508940196
88 0.00325264427133758
89 0.00331202092488487
90 0.00337144817309913
91 0.00343063055916948
92 0.00348926928624013
93 0.00354710994540793
94 0.00360390122752546
95 0.00365938094692439
96 0.00371330330097931
97 0.00376552219469465
98 0.00381591779940448
99 0.00386437126633686
100 0.00391078374948248
101 0.00395513433959091
102 0.00399742731652045
103 0.00403767378626969
104 0.00407590284443388
105 0.00411219630077212
106 0.00414665552806526
107 0.00417941041079514
108 0.00421068210147445
109 0.00424072236104731
110 0.00426979233382989
111 0.00429814101973117
112 0.00432594119485218
113 0.00435334965389184
114 0.00438052757793073
115 0.00440762709456881
116 0.00443475059965193
117 0.00446198957213279
118 0.00448943774761519
119 0.00451719679419549
120 0.00454539357332358
121 0.00457416379579101
122 0.00460364659345679
123 0.00463396562136413
124 0.00466517100833185
125 0.00469729497651116
126 0.00473037072572037
127 0.00476444604983923
128 0.00479962489060104
129 0.0048360281628542
130 0.00487378063751607
131 0.00491297721839328
132 0.00495357897527681
133 0.00499551133988142
134 0.00503867243306541
135 0.00508285635944802
136 0.00512782453208054
137 0.00517332972119876
138 0.00521908452392872
139 0.00526466537294056
140 0.00530960234910734
141 0.00535341021141156
142 0.00539560084216638
143 0.00543572012762227
144 0.00547331578571297
145 0.00550792770665557
146 0.00553917920805587
147 0.00556705035497876
148 0.005591618116383
149 0.00561296772110495
150 0.00563120277657766
151 0.00564647709420506
152 0.00565896210312885
153 0.00566883525695878
154 0.00567622089440457
155 0.00568101423268458
156 0.0056830552930152
157 0.00568220720794117
158 0.00567841537400967
159 0.00567164928843083
160 0.00566188322941821
161 0.0056491395472553
162 0.00563361724865298
163 0.00561556051234105
164 0.00559521429804581
165 0.00557275098918027
166 0.00554805493514737
167 0.00552094385568935
168 0.00549124257829095
169 0.00545879599906757
170 0.00542350564268179
171 0.00538529307093217
172 0.00534408821777863
173 0.00529983051980061
174 0.00525247114667103
175 0.00520197170610192
176 0.00514830413028289
177 0.00509150073176596
178 0.00503179880601463
179 0.0049694832682873
180 0.00490483468204482
181 0.00483817009820757
182 0.00476996330024827
183 0.00470070930791138
184 0.00463087249806601
185 0.00456086431554998
186 0.00449106685435176
187 0.00442184052528873
188 0.00435350848217321
189 0.00428631155174481
190 0.00422045987629042
191 0.0041561499244831
192 0.00409356742064768
193 0.00403289446016484
194 0.00397430345357104
195 0.00391795591876475
196 0.00386399039287582
197 0.00381248541635637
198 0.00376350253586894
199 0.00371710058325653
200 0.00367332578468325
201 0.00363218160590892
202 0.003593662760511
203 0.00355776635509158
204 0.00352447955419522
205 0.00349374289539863
206 0.00346548971415017
207 0.00343963610254938
208 0.00341601393693496
209 0.00339444044273861
210 0.00337474021319024
211 0.00335674012699642
212 0.00334025615640437
213 0.0033251054341194
214 0.00331110975195737
215 0.00329811009435588
216 0.00328601115085356
217 0.00327473468511055
218 0.00326420405449339
219 0.0032543157443615
220 0.00324485498379014
221 0.00323558153878193
222 0.00322625795650604
223 0.00321667260006974
224 0.00320670845014019
225 0.00319627301599828
226 0.00318527523989681
227 0.00317366466601232
228 0.00316154746983111
229 0.00314906730364738
230 0.00313636580773272
231 0.00312358559379285
232 0.00311087941558627
233 0.00309840065294703
234 0.00308629599423016
235 0.00307469295179126
236 0.0030637130414478
237 0.00305347629635187
238 0.00304408523866907
239 0.0030355766539297
240 0.00302797135438071
241 0.00302129065836011
242 0.0030155596779044
243 0.00301081699499152
244 0.00300710506034599
245 0.00300446711686921
246 0.00300293932344867
247 0.003002526827705
248 0.00300322797296547
249 0.00300504233789871
250 0.00300798933785637
251 0.00301216423990049
252 0.00301768291109214
253 0.00302466372566295
254 0.00303321208717056
255 0.00304337255441746
256 0.00305517650895365
257 0.0030686582064951
258 0.00308385493253955
259 0.00310080721345744
260 0.00311955890700674
261 0.00314017095809935
262 0.00316276318893794
263 0.00318747526297611
264 0.00321445400736268
265 0.00324383371963635
266 0.00327567388736194
267 0.00331001850768454
268 0.0033469163186698
269 0.00338641632882847
270 0.00342855382414319
271 0.00347336320633452
272 0.00352088232291527
273 0.00357113058403537
274 0.00362404095278843
275 0.00367952022351199
276 0.00373746912803565
277 0.00379775727395153
278 0.00386014694845541
279 0.00392435828249797
280 0.003990090873056
281 0.00405699288338933
282 0.0041245675187083
283 0.00419225364082057
284 0.00425948253225763
285 0.0043257679979787
286 0.00439062727364719
287 0.00445355447365411
288 0.00451405849089933
289 0.00457177728190162
290 0.00462637833661524
291 0.0046775253837603
292 0.0047249200601848
293 0.00476842603321602
294 0.00480795639384819
295 0.00484343506401436
296 0.0048748120616233
297 0.0049021094753288
298 0.00492537727048853
299 0.00494467775451194
300 0.00496016436579003
301 0.00497232099339394
302 0.00498172386852489
303 0.0049889590166748
304 0.00499458582811675
305 0.00499903404506348
306 0.00500270245469536
307 0.00500599153682424
308 0.00500927651447637
309 0.00501282759693461
310 0.00501688925643954
311 0.00502166362099788
312 0.00502718064956168
313 0.00503342739420677
314 0.00504039115164132
315 0.00504804014767123
316 0.00505626537903454
317 0.00506493798116839
318 0.00507392833697404
319 0.00508312987696945
320 0.00509253105796203
321 0.00510214425549725
322 0.00511198195538747
323 0.00512207104200684
324 0.00513249588363403
325 0.00514335591745769
326 0.00515475149508894
327 0.00516673632406572
328 0.00517917370126737
329 0.00519187784325419
330 0.00520466119389917
331 0.00521729310129683
332 0.00522937527152051
333 0.0052404644376333
334 0.00525014368305912
335 0.00525811266182186
336 0.00526410044745678
