1 0.00052066583802
2 0.000437779465914959
3 0.000378928735777445
4 0.000338208333366771
5 0.00031175984007669
6 0.000297262836908886
7 0.000293593784743
8 0.000300569344410759
9 0.000319128547045017
10 0.000351593409858567
11 0.000402106978311809
12 0.000477315041936449
13 0.00058790595868278
14 0.000751144645188874
15 0.000994763731715839
16 0.00136192097884482
17 0.00192159403223226
18 0.00278530442021424
19 0.00413043911997625
20 0.00621831863810775
21 0.00942128269392013
22 0.0142382072256599
23 0.0212199892957812
24 0.0305385482100609
25 0.0414895671941929
26 0.0520935115671889
27 0.0595066662700383
28 0.061933876438351
29 0.0589957000191446
30 0.0517621436782469
31 0.0426347602335818
32 0.0337303458989951
33 0.0262524759763633
34 0.020523535960874
35 0.0162027551155047
36 0.0129345305193038
37 0.0104535608060739
38 0.00856199027183144
39 0.00711059218941132
40 0.0059898128710877
41 0.00511964398912993
42 0.0044352973976842
43 0.00386908023668376
44 0.00337158364571574
45 0.00291160578958186
46 0.00247780441121947
47 0.00208618143590572
48 0.00174881987162459
49 0.00146895071743956
50 0.00124389536542539
51 0.00106720588217241
52 0.000932084499100736
53 0.000832644568534218
54 0.000764059217085258
55 0.000722053220214261
56 0.000704220765705665
57 0.000710161035343821
58 0.000741106200835231
59 0.000800820130990155
60 0.000896549480137594
61 0.00104007491694124
62 0.00124832623967313
63 0.00154702518513213
64 0.00197560074049583
65 0.00259196804548312
66 0.00346967028887259
67 0.00470157355588928
68 0.00639815927960111
69 0.00867195797283234
70 0.0115925724657026
71 0.0151310985708767
72 0.0190936608453814
73 0.0231086031886128
74 0.0267976692150389
75 0.0297978803896008
76 0.0317939930447025
77 0.0325679880653283
78 0.0320250082933616
79 0.0302196280260689
80 0.0274301969413468
81 0.0242860033191446
82 0.0213328708776271
83 0.0189138576813641
84 0.0171577547471239
85 0.0159040745496064
86 0.0149861002311504
87 0.0142805908075507
88 0.0136704936100589
89 0.0129829888951814
90 0.0120626540855789
91 0.0108115620379617
92 0.00925210543083295
93 0.0075975769045613
94 0.00604032325761623
95 0.00469137276698454
96 0.00359222060643458
97 0.00273762589026617
98 0.00209653962487119
99 0.00162900918175506
100 0.00129530219536861
101 0.0010588362300511
102 0.000892971223176523
103 0.000779711961163147
104 0.000707204273452452
105 0.000667820056359525
106 0.000657896610010624
107 0.000677302723863594
108 0.0007290172581482
109 0.000820519084127262
110 0.000965825535918575
111 0.00118867694354586
112 0.00152694079009865
113 0.00204285809892029
114 0.00284025995572841
115 0.00408772053046273
116 0.00602561099801238
117 0.00898569174863216
118 0.0133882663230239
119 0.019673646369947
120 0.0280947187884494
121 0.0384178406251825
122 0.0496092428786858
123 0.0598209885632901
124 0.0671109086224371
125 0.0698900720071931
126 0.0673556470246475
127 0.0600388981788707
128 0.0501900593881827
129 0.0400635098846876
130 0.0311202612333473
131 0.0239340254037807
132 0.0183664087930418
133 0.0141372273020619
134 0.0109623324469963
135 0.00856644744402624
136 0.00674157520931977
137 0.00533901948067979
138 0.00425311439118159
139 0.00341102004416494
140 0.00275752967384765
141 0.00224976115120859
142 0.00185474309123562
143 0.00154754787067708
144 0.00130897206498246
145 0.0011242260943311
146 0.000981894137237601
147 0.000872926602462702
148 0.000790582751797292
149 0.000730007214319435
150 0.000688093515382338
151 0.000663967938357154
152 0.000658024019219507
153 0.000671964721095612
154 0.000709101161583963
155 0.000774289225552824
156 0.000875666860631365
157 0.00102611422376439
158 0.0012438044073862
159 0.00155617207012678
160 0.0020051897821881
161 0.00265475475174405
162 0.00360088665269705
163 0.00498860541167071
164 0.00703670302218086
165 0.0100432588931679
166 0.0142428591553958
167 0.0196528964304194
168 0.0258492066879746
169 0.0319035488809234
170 0.0370002339016972
171 0.0405433469802753
172 0.0421934905716261
173 0.0419372894232652
174 0.0401295692203508
175 0.037286441774634
176 0.0339290073927831
177 0.0304424676662725
178 0.0269205241213779
179 0.0234093922339146
180 0.019971057169837
181 0.0167011331435074
182 0.0137593555389894
183 0.0112409421780367
184 0.00915722441036158
185 0.00744739651130619
186 0.00604742409951566
187 0.00490346187600291
188 0.00397344979739668
189 0.00323032453191207
190 0.0026469719330698
191 0.00219628381820333
192 0.00185209344085526
193 0.00158718276362062
194 0.00138076799411127
195 0.00121809649287853
196 0.00108918137162715
197 0.000988972263436242
198 0.00091410369480912
199 0.000862175929028272
200 0.000831414571734786
201 0.000819552205382536
202 0.000825200161732451
203 0.000848108891155006
204 0.000889576651583051
205 0.000954247744567145
206 0.00104962648333613
207 0.00118690281360386
208 0.00138280576398094
209 0.00166337548737399
210 0.0020702041292982
211 0.0026690571952869
212 0.00355672943811837
213 0.00488340640831228
214 0.00688598975510365
215 0.00990411453850767
216 0.0142323058935016
217 0.0199493778057039
218 0.0266426786653381
219 0.0332585901627826
220 0.0386382655721313
221 0.0417424306089293
222 0.0418872861467709
223 0.039099524320539
224 0.0344278204341645
225 0.0290910919295361
226 0.0240066164225902
227 0.0196434194296906
228 0.0160081037672011
229 0.0130148923109021
230 0.0105745232790403
231 0.00859495686339864
232 0.00697653485578836
233 0.00564144808585375
234 0.00453684708065445
235 0.00363319131936806
236 0.00290320238329485
237 0.00231955965881226
238 0.00185782443933915
239 0.00149899066669018
240 0.00122506978598131
241 0.00101967592722816
242 0.00086852394737629
243 0.000758629901818883
244 0.000680492507434133
245 0.00062773640138836
246 0.000596207110406706
247 0.000583111025641923
248 0.000587216505710783
249 0.00060883010691755
250 0.000649646130952539
251 0.000712312595406848
252 0.000801090396282612
253 0.000922386056528055
254 0.00108606073135134
255 0.00130961929715131
256 0.0016207229073236
257 0.00206282083392364
258 0.00270403175374122
259 0.00364557161477873
260 0.0050443766930637
261 0.00713256222092829
262 0.0101719054925709
263 0.0144099105918379
264 0.0199735740575444
265 0.0266914177184965
266 0.0339081455989777
267 0.0404048953405819
268 0.044579093706666
269 0.0451207558824502
270 0.0421161860570522
271 0.0365544973744516
272 0.0297373269918938
273 0.0228894500763615
274 0.0169285529401555
275 0.0122400605341228
276 0.00880708758964265
277 0.00640279436417619
278 0.00472348674247045
279 0.00354121735884947
280 0.00270176147227155
281 0.00210009497820134
282 0.0016635474243425
283 0.00134288644765083
284 0.00110444161269433
285 0.000924297980651946
286 0.000785968199472424
287 0.000678074481837565
288 0.000592792230009203
289 0.00052508359153367
290 0.000471326464346787
291 0.000428794137352378
292 0.000395640251958769
293 0.000371251161813363
294 0.000355440552650799
295 0.000348348441357969
296 0.000350494088575417
297 0.000362631218660512
298 0.000386296840370022
299 0.000424230494134872
300 0.00048084718263957
301 0.000562890631172413
302 0.000680903391452316
303 0.000851572471446381
304 0.00110107390399443
305 0.00146852393341492
306 0.00201453578735495
307 0.00283428094439275
308 0.00407535662184956
309 0.00595430275175505
310 0.00878300228815601
311 0.0129682266656552
312 0.0188504574230158
313 0.0264840463476468
314 0.0353302871088124
315 0.0441128432628361
316 0.0513617846307932
317 0.0557035936216337
318 0.0561842961010231
319 0.0526943045479211
320 0.04631703946083
321 0.038529233273471
322 0.0306372112846508
323 0.0235327921622358
324 0.0176561230076705
325 0.0130895241428096
326 0.00970196696065654
327 0.00725557925705844
328 0.00546568906516907
329 0.00412904459281459
330 0.00311404772756132
331 0.00233843642086397
332 0.00175724612541305
333 0.00133064550687242
334 0.00102178762880317
335 0.000798721362645048
336 0.000637619778046844
