1 0.00653036821985355
2 0.00764994132946667
3 0.00933929126819313
4 0.0117791242140599
5 0.0150437301115207
6 0.0190189061690658
7 0.0233554966707998
8 0.0277265049597488
9 0.0317821178402933
10 0.0351358533071201
11 0.0374919475542174
12 0.0389432352131836
13 0.0397838977486949
14 0.0403834452873477
15 0.0411116740468381
16 0.0422198117411271
17 0.0439530239478212
18 0.046611005346952
19 0.0504641146105289
20 0.0553401137619254
21 0.0608393808614393
22 0.0663788401942283
23 0.071272732553058
24 0.0751294367580305
25 0.0776718492979533
26 0.0786742743127252
27 0.0781465439836696
28 0.0768035209237318
29 0.07551252127933
30 0.0747993971147775
31 0.0739971582912541
32 0.072181501694526
33 0.0685379630231386
34 0.0626184176108257
35 0.0547450541664254
36 0.045608687282142
37 0.0360527755080435
38 0.0270389264324444
39 0.019574430563096
40 0.0139867975321917
41 0.0100920746774472
42 0.0075031197710915
43 0.00579957665609149
44 0.00468876426807822
45 0.00398835263412412
46 0.00358641182472517
47 0.00341032950957937
48 0.00342647369377181
49 0.00363449495427126
50 0.00406089932426818
51 0.00474329791654991
52 0.00574017075237958
53 0.00713265995180926
54 0.00902431245143017
55 0.0115563303252511
56 0.0148980867445439
57 0.019216811066889
58 0.0245782086701052
59 0.0308721272375961
60 0.0377291036275902
61 0.0445938957895385
62 0.0512903667587381
63 0.0579246189798404
64 0.0647993200546876
65 0.0722667914114497
66 0.0801623869624608
67 0.0880622596384054
68 0.0954093279795246
69 0.101537945580438
70 0.105727556139187
71 0.107286100569029
72 0.105656177274934
73 0.100891345726949
74 0.0946532820314108
75 0.0887415367114212
76 0.0846060837805834
77 0.0830572995409873
78 0.0832495806618432
79 0.0840261354628395
80 0.084236108884661
81 0.0827472698457614
82 0.0785693577842621
83 0.0711002175207335
84 0.0606524067991142
85 0.0489794036688326
86 0.0377638524848413
87 0.0280583450339889
88 0.0203154160227344
89 0.0145745168435101
90 0.0105506303976565
91 0.00784929482462172
92 0.00609765785186694
93 0.00497803730891877
94 0.00428766869481207
95 0.00391127933991097
96 0.00378971553817816
97 0.00389744939887301
98 0.00424749886449434
99 0.00489709367389663
100 0.00595089326679354
101 0.00753315054044925
102 0.00979836839347228
103 0.0129162826428604
104 0.0170179294252396
105 0.0220931831946332
106 0.0278642270720557
107 0.0337800237730983
108 0.0394500794642717
109 0.0446182154487595
110 0.0491260596210819
111 0.0529519913228078
112 0.056299723286953
113 0.0595164186669461
114 0.0630490160184159
115 0.0672842126734835
116 0.0719976525671915
117 0.0767089255389976
118 0.0808181431579552
119 0.0837756866127904
120 0.0856017777397156
121 0.0865226149548632
122 0.0868084633400466
123 0.0866816572898815
124 0.0860966867232717
125 0.0849476340709549
126 0.0831430112617866
127 0.0805658627397499
128 0.0769554355034353
129 0.0720949506716048
130 0.0659015614313304
131 0.0584568379534373
132 0.0500134254927588
133 0.0410096269231254
134 0.0321480915656394
135 0.0244279255911201
136 0.0183278836487406
137 0.0138382701044507
138 0.0107007393262994
139 0.00856679209395038
140 0.00716526434998688
141 0.00631758031077872
142 0.00591293712013773
143 0.00587035825007549
144 0.00616523492778872
145 0.00683042744874662
146 0.0079432396305833
147 0.00956571086283799
148 0.0117435661418035
149 0.0144697804103101
150 0.0176628909319702
151 0.0212996835960949
152 0.0253673453278786
153 0.0298302166643033
154 0.0346363872612635
155 0.0397544286361754
156 0.045165861621192
157 0.0508163350681984
158 0.0564413894171914
159 0.0616419608554625
160 0.0659420406487903
161 0.0689344051601075
162 0.0706662787734095
163 0.07138335574256
164 0.0713944666716152
165 0.0709706421501118
166 0.0701312679311093
167 0.0688390088588912
168 0.0670676534734272
169 0.0648763651111394
170 0.062606358822589
171 0.0606281374215896
172 0.059270650474887
173 0.0587220470969348
174 0.0586953878281618
175 0.0587997895168795
176 0.0586466434980164
177 0.0578163345956057
178 0.0557833724900413
179 0.0521158414423885
180 0.0466325322129648
181 0.0396445615608287
182 0.0321866907399655
183 0.0251746027080961
184 0.0191601651081705
185 0.014389214037032
186 0.0108252921325899
187 0.0082838634630949
188 0.00653866588808736
189 0.00537028195343437
190 0.00462324589493346
191 0.00420244721216373
192 0.00405667814049247
193 0.00415818322546775
194 0.00451855555076476
195 0.00519679901726561
196 0.00630503507576333
197 0.00799275994936
198 0.0104688803988247
199 0.0140088822346813
200 0.0189273798818757
201 0.0254721256342865
202 0.0336759888971694
203 0.0431552067355467
204 0.0530739637813509
205 0.0627543456850359
206 0.0716688847052437
207 0.0793664619166447
208 0.0853369230206
209 0.0891424074677036
210 0.0905014808420669
211 0.0894467787947233
212 0.0866906044134355
213 0.0831099662801915
214 0.0795099823961357
215 0.0764680980688049
216 0.0740270365289442
217 0.0721176289842691
218 0.070683241891219
219 0.0696832383074759
220 0.0691077954428559
221 0.068959558242678
222 0.0692482662341494
223 0.0698060957059196
224 0.0697214788135072
225 0.0679181227752954
226 0.0635059298949982
227 0.0562681870519332
228 0.0472958045334314
229 0.037894211396903
230 0.0290897567228724
231 0.0215685295402168
232 0.0157344855027568
233 0.0115392166809469
234 0.00867471500930577
235 0.00675517768563338
236 0.00549333772663345
237 0.00470244570855659
238 0.00426515122907161
239 0.00410270862473276
240 0.00418321777763141
241 0.00451869015080416
242 0.00515837753515629
243 0.00616195955779599
244 0.00761236790300263
245 0.00961163183665067
246 0.0122655078218433
247 0.0156798372448636
248 0.0199157162491546
249 0.0249301220421621
250 0.0305722958113462
251 0.0368018422072577
252 0.0436569507251797
253 0.0512337725211576
254 0.0596313001578881
255 0.0686632529439681
256 0.0779373829282409
257 0.086907619545305
258 0.0948326489741475
259 0.100607057477598
260 0.103033763976352
261 0.101540023401597
262 0.0975740139885636
263 0.0930279769955518
264 0.0895658470824008
265 0.0882727660099784
266 0.0887349881637932
267 0.0902525058251845
268 0.0921354565711406
269 0.0936613460369358
270 0.0940985494466465
271 0.092735372865959
272 0.0889694128027089
273 0.0824833609848547
274 0.073480069891826
275 0.0625550222024027
276 0.0505974955809515
277 0.0388077620164895
278 0.0286310882975073
279 0.0207137049092139
280 0.0149921837516167
281 0.0110649658915417
282 0.00844671814471397
283 0.00675564105614149
284 0.00572279469495269
285 0.0051516722177084
286 0.00493479597530527
287 0.00503642086042147
288 0.00547485755840609
289 0.00629840412042976
290 0.00760711696773235
291 0.00956833815492353
292 0.012407723924124
293 0.0162929267371468
294 0.0212411459043679
295 0.0269639654546052
296 0.0328409185376243
297 0.0384723341603023
298 0.0436389570698886
299 0.0482425659051697
300 0.0522903303252859
301 0.0558087442052671
302 0.058873460256768
303 0.0616159699330229
304 0.0642311134158928
305 0.0670304350990557
306 0.0703988145680148
307 0.074796188351477
308 0.0805549551523575
309 0.087056903428981
310 0.093200621821886
311 0.0978566349990629
312 0.100789683751026
313 0.102104537903014
314 0.101994875217232
315 0.100686045812822
316 0.0983304390346118
317 0.0950771024616733
318 0.0910893292200511
319 0.0864256530554371
320 0.0807511761231456
321 0.0737740534071262
322 0.0654209723357312
323 0.0559768578113946
324 0.0462462669457346
325 0.0369857356398235
326 0.0287152554767547
327 0.0217578199862973
328 0.0163233418621184
329 0.0123328748480589
330 0.00954594304805919
331 0.0076866742805691
332 0.00649151358981704
333 0.00578549022541465
334 0.00546788904712183
335 0.00547768318340012
336 0.00580622633683669
