1 0.0139443109288928
2 0.00979739473421167
3 0.00695632457990783
4 0.00507104260017097
5 0.00379976298152357
6 0.00291877195356443
7 0.00229295441000414
8 0.00184052308017599
9 0.00150864760656873
10 0.0012620525835775
11 0.00107850595329229
12 0.000948271220943263
13 0.000865348419444631
14 0.000826761063743581
15 0.000833378026940518
16 0.000889540725119658
17 0.00100808785247911
18 0.00121613129521516
19 0.00156468833702956
20 0.00214476843186892
21 0.00312628748503918
22 0.00483609889228997
23 0.00787465313348416
24 0.013073443819194
25 0.0213079934893862
26 0.0328479876961855
27 0.0464996318880108
28 0.0602174011109162
29 0.0715516593678537
30 0.0785264735184369
31 0.0812490909328765
32 0.0811062852687715
33 0.079898605256932
34 0.0790687148855044
35 0.0785078432331778
36 0.0777406025089083
37 0.0763103122928465
38 0.0739301767064248
39 0.0708672517598307
40 0.0674988707250992
41 0.06415637508851
42 0.0609358109706251
43 0.0572269967402359
44 0.0524142788890173
45 0.0461644600879795
46 0.0387523574537137
47 0.0314174553665083
48 0.0250812560071907
49 0.0201145190335774
50 0.0164321380489653
51 0.0135140280272048
52 0.010983983553215
53 0.00865984535930614
54 0.00654368447770329
55 0.0048118951528185
56 0.00352079845103679
57 0.00261586194182758
58 0.00199780190736296
59 0.00158445991945099
60 0.00131831064621045
61 0.00116120300155277
62 0.00108804293503554
63 0.00108857115557217
64 0.00116723829054563
65 0.0013447097858229
66 0.0016602754007019
67 0.00218865561749604
68 0.00306870827564528
69 0.00454653321293019
70 0.00699794437232391
71 0.0109709486782985
72 0.0171728701958359
73 0.0263042585125096
74 0.0386314814789921
75 0.0533500745673976
76 0.0680622101005106
77 0.0794110452713477
78 0.085920755211855
79 0.0878187744128643
80 0.0862497475000616
81 0.082652620884481
82 0.0784492119847974
83 0.0748780371793872
84 0.0727509322253065
85 0.0718934430798389
86 0.0719624878649546
87 0.072655449290267
88 0.0735541485771173
89 0.0737216489508588
90 0.0721036875193866
91 0.0678162737722874
92 0.0606419108995658
93 0.0517157144977904
94 0.0423541061843158
95 0.0335559494829604
96 0.0258836058364256
97 0.0194629494826986
98 0.0142668136097182
99 0.0101956472421986
100 0.00711988801063962
101 0.00491272022449567
102 0.00339436388298526
103 0.00238001773226105
104 0.0017152446939039
105 0.00128391570163544
106 0.00100806800919273
107 0.000837460314695204
108 0.000739227515960087
109 0.000695433088186203
110 0.000699382684472307
111 0.000753702394077417
112 0.000870287444126472
113 0.00107591377094111
114 0.0014230071670894
115 0.00200893632643893
116 0.00300277594453655
117 0.00470607183550534
118 0.00765683599223619
119 0.0127445862739325
120 0.0210130662534262
121 0.0330986888030202
122 0.0481087526995238
123 0.0630146892438083
124 0.0751947203100549
125 0.0832603807370674
126 0.087017944987643
127 0.0871698484462218
128 0.0847283860231395
129 0.0808266189179814
130 0.0765469265373047
131 0.0727591189126092
132 0.0699727120805924
133 0.0685875396746908
134 0.0687320464462477
135 0.0694258878740556
136 0.0693941951313702
137 0.0673822703379712
138 0.0626882139257921
139 0.0561855886642493
140 0.0490234296332204
141 0.0420915402832095
142 0.0358966449452342
143 0.0304820567889168
144 0.0257912406306419
145 0.0217593672478355
146 0.018299164536279
147 0.0152722923052334
148 0.0125797329855403
149 0.0101699218260596
150 0.00804607425976705
151 0.00627921562530168
152 0.00488563660677394
153 0.00383082927975588
154 0.00305774048150531
155 0.00250302106968746
156 0.00211547618485559
157 0.00185902572977139
158 0.00171273770518635
159 0.00166859247499008
160 0.00173373541414563
161 0.00193446267960451
162 0.00231787477651479
163 0.00297727960568956
164 0.00409222477771173
165 0.00598616249702005
166 0.0091395338368025
167 0.0142306309743105
168 0.0220757382624447
169 0.0333229451152824
170 0.0477655500234835
171 0.0635358681889521
172 0.0768095269492399
173 0.0835159039848075
174 0.0837114511815885
175 0.0798483737010204
176 0.074783796001639
177 0.0705864123902161
178 0.0673837563356422
179 0.0649180372471065
180 0.0629772346274626
181 0.0613981529841811
182 0.0601081306483868
183 0.0590602460877602
184 0.0581648885795365
185 0.0571507008444488
186 0.0557189287607066
187 0.0536059374985138
188 0.050589143434078
189 0.0464725346824821
190 0.0412131038079581
191 0.0349848320766404
192 0.0283249959942266
193 0.0222496734383519
194 0.0173482185717184
195 0.0137431601689191
196 0.0112501508714991
197 0.00942440179232065
198 0.0079466203958406
199 0.00663274992360343
200 0.00541313820304634
201 0.00434418080581442
202 0.00346338106746387
203 0.00277123102354961
204 0.00225073713479917
205 0.00188424843384862
206 0.00165287738175737
207 0.00154086883194819
208 0.00153417347274467
209 0.00163579143237757
210 0.00187273567488246
211 0.00230514613325951
212 0.00303893607558037
213 0.00426851694064511
214 0.00635364692020292
215 0.00992340943504567
216 0.0158285026130604
217 0.0249877296598663
218 0.0378505631440961
219 0.0536056715259886
220 0.0703004804389504
221 0.0849769663824615
222 0.0942960617670089
223 0.0961601089538654
224 0.0921521180053484
225 0.0852646563706381
226 0.0782792669326572
227 0.0729926988373106
228 0.0694650470252498
229 0.0674711252857778
230 0.0668799582651821
231 0.0673933435616034
232 0.0677581911954389
233 0.0664675810409611
234 0.0625111168363204
235 0.0565002572514772
236 0.0494433131823866
237 0.0422104974302682
238 0.0353865718194806
239 0.029178113248848
240 0.0236725180546735
241 0.0189056245075017
242 0.0148722412665802
243 0.011539212884223
244 0.00884400457052963
245 0.00670595130159078
246 0.00504245214612133
247 0.00378165072842961
248 0.00284730926487161
249 0.00216648205667243
250 0.00167800264812488
251 0.00133627679601155
252 0.00110589184647614
253 0.000961353665917424
254 0.000885901024270468
255 0.000868060808424903
256 0.000905825380635829
257 0.00100816101789815
258 0.00119762236184398
259 0.0015147851141892
260 0.00203330788201104
261 0.00288626287554387
262 0.00431305812609314
263 0.0067515821577105
264 0.0110124553836706
265 0.0184681354921624
266 0.0304986947629154
267 0.0472080245316183
268 0.0654145116122325
269 0.0789266575127213
270 0.0852401518260029
271 0.0856070934886929
272 0.0829017462624691
273 0.0798196699611882
274 0.0771466265414427
275 0.0751755908495083
276 0.0741807426967599
277 0.0742539725958437
278 0.074741892764262
279 0.074798005887601
280 0.0735801883116193
281 0.07049252653128
282 0.0657230565671276
283 0.0597129274652788
284 0.0529502600542337
285 0.0459432112712209
286 0.0391187155313683
287 0.032784842899764
288 0.0271046205180314
289 0.0220709285811532
290 0.017656774793503
291 0.0138426100207413
292 0.0106270968473757
293 0.00804050697082923
294 0.00604527776536464
295 0.00455434554863157
296 0.00346652856474007
297 0.00268693329703551
298 0.00213748310981794
299 0.00175879132618596
300 0.00150828500320832
301 0.00135726092890896
302 0.00129008617017888
303 0.00130379289751637
304 0.0014079594127614
305 0.00162229556848406
306 0.00198833162061682
307 0.00258411219980986
308 0.0035454003761293
309 0.00508600466504199
310 0.00754508948720781
311 0.0114220055201187
312 0.0172612527115576
313 0.0254246673671086
314 0.035658021467767
315 0.0467762873389063
316 0.0574183278675266
317 0.0662799475665284
318 0.0722906285739809
319 0.0750000095967361
320 0.0751945419949685
321 0.0741669669536365
322 0.0732592312097133
323 0.0734514679589994
324 0.074458076492261
325 0.0756812317726675
326 0.0764954427798561
327 0.0763232818355985
328 0.0748842940606068
329 0.0720324024458813
330 0.0677190247461328
331 0.0619197031534215
332 0.0544373369459197
333 0.045398132014213
334 0.0355934386769813
335 0.0265387292910859
336 0.0191487847558276
