1 0.00380168987393115
2 0.00417075899097108
3 0.00462830122435621
4 0.00521305142400869
5 0.00596237718647325
6 0.0069225697315514
7 0.00814334194151418
8 0.0096257457990892
9 0.0113213516121104
10 0.0131207016318881
11 0.0148440759296464
12 0.0162646260964658
13 0.0171296169136803
14 0.0172096280024077
15 0.0164140191426667
16 0.0149574095700767
17 0.0131428274164276
18 0.0112388269709395
19 0.00942995854879745
20 0.00779294089763216
21 0.00636021637348034
22 0.00514052874398577
23 0.00412917692233029
24 0.00331927072206514
25 0.00269101848589245
26 0.0022174809080378
27 0.00186940435660107
28 0.00161473543767717
29 0.00142942374406756
30 0.00129659199205363
31 0.00120287004557755
32 0.0011387107055217
33 0.0010974694461698
34 0.00107404091480033
35 0.00106317873269305
36 0.00106002719419047
37 0.00106003712505391
38 0.00105956637882874
39 0.00105831400233314
40 0.00105681286764423
41 0.00105559352891798
42 0.00105546683220403
43 0.00105837834252173
44 0.00106659923910783
45 0.00108253263139959
46 0.00110853671765134
47 0.00114608519121457
48 0.00119675234637627
49 0.0012626263696358
50 0.00134703596853094
51 0.00145686867004664
52 0.00160209685062545
53 0.00179668861322991
54 0.00205874066445604
55 0.00240477508163541
56 0.00285385384812964
57 0.00342916762430567
58 0.00415686549166506
59 0.00506477208699624
60 0.00617969851167495
61 0.00751732931956368
62 0.00904979930201952
63 0.0106950134422853
64 0.0123085329343891
65 0.0136851548109315
66 0.0145826672267368
67 0.0147733958674678
68 0.0141141404498243
69 0.0126571836366991
70 0.0107580392065289
71 0.00878281505807518
72 0.00698043601225785
73 0.00547172447239939
74 0.00427587780630401
75 0.00336524697243266
76 0.00269486966362606
77 0.00221516861333385
78 0.00187481347808683
79 0.00163643253686237
80 0.00147468190720607
81 0.0013705922610663
82 0.00131173074526859
83 0.00129069091101228
84 0.00130327880222175
85 0.00134653746725113
86 0.00141898109657442
87 0.00152027571925479
88 0.00165078417790075
89 0.00181139161096266
90 0.00200283374577946
91 0.00222507499947298
92 0.00247670375693841
93 0.00275433646367628
94 0.00305185318419026
95 0.00335974006161562
96 0.00366788256866173
97 0.00397724012377368
98 0.004294096765505
99 0.00462755103005445
100 0.00499075783535041
101 0.00540493932001578
102 0.00589897459161104
103 0.00651135993881407
104 0.00729126935246537
105 0.00829143390331723
106 0.00958045894787632
107 0.0112232193731414
108 0.0131569252854294
109 0.0151946660465712
110 0.0170207699753597
111 0.0182523475219257
112 0.018664332914114
113 0.0181685386301987
114 0.0168051746884446
115 0.014769030727535
116 0.0124249196528603
117 0.0101011208239713
118 0.00801185220917532
119 0.00626152172185288
120 0.0048743839750072
121 0.00382189835291416
122 0.00305207180706217
123 0.00250555008986131
124 0.00211850633903731
125 0.0018449702067863
126 0.00165496734986278
127 0.00152799644442525
128 0.00144688730181715
129 0.00139913626717903
130 0.00137572063985945
131 0.00136981580851601
132 0.00137662152246363
133 0.00139197560475615
134 0.00141334613130178
135 0.00144465509979325
136 0.0014919975994216
137 0.00156260592136259
138 0.00166406459214892
139 0.00179964287683276
140 0.0019720924115796
141 0.00218485192802883
142 0.00244069547511377
143 0.00273717211047042
144 0.00306692712622948
145 0.00341692967412848
146 0.00377202060298385
147 0.00413242033765182
148 0.00450573842918541
149 0.00490337926236828
150 0.00534045049996457
151 0.00583438594508431
152 0.00640732382414506
153 0.00708840893856906
154 0.00790092523459592
155 0.00880459408199205
156 0.00971505142888975
157 0.0105174556603635
158 0.0110910659447222
159 0.011316427545211
160 0.0110964842042315
161 0.010414272083835
162 0.00941846053053233
163 0.00828633204669543
164 0.00716004475272464
165 0.00613082585393609
166 0.00523530283381119
167 0.0044841697532853
168 0.00387474683320227
169 0.0033965578668989
170 0.00303465777395413
171 0.00277588579588974
172 0.00261131296300341
173 0.00253645654512564
174 0.00254955935110916
175 0.0026566236829096
176 0.00287458667061304
177 0.00323117790231439
178 0.00375396825003627
179 0.00447894926152256
180 0.0054528592259619
181 0.00671299685288108
182 0.00819709817331406
183 0.00971382437216749
184 0.0109796346650405
185 0.0118385823765232
186 0.0122302583452487
187 0.0121584215825283
188 0.0116864932867393
189 0.0109323018340502
190 0.0100233959074447
191 0.00907103416199096
192 0.00815877221936289
193 0.00733787044818132
194 0.00663842893264252
195 0.00607700189747281
196 0.00566265917449013
197 0.00540283977800444
198 0.0053094824108295
199 0.00540584461708546
200 0.00572403890154871
201 0.0062750121040272
202 0.00707521783293365
203 0.00815106100307628
204 0.00950789652291324
205 0.0110170246577336
206 0.012411674010759
207 0.0133519952592621
208 0.0136497844959769
209 0.0132398478200503
210 0.0121642044508193
211 0.010593471933029
212 0.00883896148253586
213 0.00716063595684012
214 0.00570843828590442
215 0.00453576900050361
216 0.00362796681511204
217 0.00294820034435382
218 0.00245660729581943
219 0.00211551904791681
220 0.00188745513512742
221 0.00174662807418247
222 0.00167829816849381
223 0.00167527180926313
224 0.00173360633975816
225 0.00185476568520738
226 0.00204608057993427
227 0.00231867948619073
228 0.0026786180229846
229 0.00312731632746407
230 0.00365818911321087
231 0.00425121548952701
232 0.00486993988991451
233 0.00545743485723258
234 0.00594784338447454
235 0.00631101011053502
236 0.00653757242596814
237 0.0066300547935782
238 0.00660704783987355
239 0.0065180436711632
240 0.00641922377552357
241 0.00636414854774649
242 0.00639566368428695
243 0.00652141024347253
244 0.00674352028564703
245 0.00706802362831513
246 0.00750663692666304
247 0.00808305478134089
248 0.00883132426241573
249 0.00979779541284393
250 0.0110344511555294
251 0.0125582322589365
252 0.0143630098482772
253 0.0164171035683469
254 0.0186198153913474
255 0.0206698478958577
256 0.0221193254373286
257 0.0224744980843953
258 0.0214086107028664
259 0.0190719080411388
260 0.0158881170440743
261 0.012411279017085
262 0.00922456282233895
263 0.00664026019971365
264 0.00471381458119271
265 0.00335305683475373
266 0.00240697687033629
267 0.00175212649722353
268 0.00129958947115321
269 0.00098639140554129
270 0.000767838231932134
271 0.000614070179257628
272 0.00050540569426609
273 0.000428723543166045
274 0.000375025933958886
275 0.000338392278561361
276 0.000315051998373242
277 0.000302701046994134
278 0.000300015658241509
279 0.000306577774441521
280 0.000322828760423859
281 0.000350069620685442
282 0.000390476949423907
283 0.000447456579411957
284 0.000526025094225386
285 0.000633094924898303
286 0.000778348405519468
287 0.000975340892637933
288 0.00124234690606538
289 0.00160116855829125
290 0.00207747348202518
291 0.00269981148871988
292 0.00349815873574791
293 0.00450729770517744
294 0.00576288176409545
295 0.0072960500485663
296 0.00911673953979702
297 0.0111551871625555
298 0.0132469387019554
299 0.0151326077390315
300 0.0165015284449672
301 0.0171178864772751
302 0.016850751238824
303 0.0157000267314209
304 0.013833724844002
305 0.0116066318040745
306 0.00935477779095895
307 0.00730803356246884
308 0.00558734469773523
309 0.00423216558570005
310 0.00321724929783963
311 0.00248263866360942
312 0.00195458267526232
313 0.00157550018632592
314 0.001304702477669
315 0.00111326531393377
316 0.000979504188098807
317 0.000888839779901603
318 0.000832026291803374
319 0.000803305535469733
320 0.000798695913591954
321 0.000816231963424101
322 0.000855757703256698
323 0.000918270592725505
324 0.00100431176238355
325 0.00111440799692679
326 0.00124881351740318
327 0.001407070650074
328 0.00158830793087866
329 0.00179009979573217
330 0.00200755680930349
331 0.00223425777802897
332 0.00246777581177183
333 0.00270718789364936
334 0.00295305386579112
335 0.00321167488822755
336 0.00349326587898754
