1618125516
1618073399
1618019370
1617898876
1617771944
1617767418
1617750217
1617725975
1617723363
1617693150
1617690517
1617637692
1617594696
1617495778
1617482657
1617481044
1617377453
1617250967
1617248418
1617230481
1617166106
1617079092
1617077109
1617055251
1616969276
1616946200
1616907358
1616886034
1616826933
1616811521
1616797147
1616734356
1616701833
1616694056
1616642051
1616614370
1616560763
1616467865
1616446612
1616434442
1616432983
1616364019
1616354647
1616304735
1616169763
1616115371
1616041212
1616018247
1616004682
1615999179
1615957666
1615876603
1615843650
1615840612
1615812204
1615777480
1615768544
1615691587
1615651771
1615587582
1615584369
1615559565
1615535301
1615485960
1615390834
1615317849
1615311189
1615239482
1615226481
1615139949
1615065630
1614987835
1614746452
1614727980
1614706219
1614668547
1614648954
1614529430
1614522760
1614480641
1614458139
1614400200
1614236023
1614068317
1614013441
1613969381
1613968130
1613966015
1613841224
1613691656
1613663553
1613526392
1613508178
1613408458
1613329937
1613320422
1613179499
1613062992
1612972272
1612892305
1612850518
1612754028
1612747072
1612743208
1612740717
1612723866
1612661818
1612585646
1612568902
1612499636
1612499131
1612498682
1612498221
1612363939
1612302785
1612204329
1612200768
1612070888
1612065628
1612049844
1611981367
1611978456
1611973756
1611898482
1611898157
1611896895
1611889317
1611888718
1611782545
1611773090
1611769730
1611631243
1611615662
1611555496
1611536394
1611524854
1611416709
1611384897
1611378468
1611337631
1611269562
1611084725
1611045425
1611045156
1611044431
1611042052
1611023349
1611007193
1610936951
1610848804
1610775720
1610737005
1610595725
1610488113
1610481890
1610428864
1610323353
1610299170
1610255346
1610171893
1610131518
1610073490
1610069558
1610051308
1610036622
1609911534
1609865299
1609801571
1609744875
1609743208
1609740572
1609738584
1609643870
1609605021
1609526597
1609520136
1609469150
1609468118
1609315758
1609313604
1609197342
1609027291
1608954547
1608945138
1608874177
1608795103
1608790732
1608749160
1608678513
1608613170
1608497550
1608449380
1608437882
1608335553
1608319439
1608236766
1608172989
1608066382
1608002151
1607974881
1607905256
1607842212
1607803709
1607735805
1607717306
1607706341
1607626986
1607548309
1607543958
1607527380
1607493252
1607455791
1607404208
1607394565
1607359308
1607355001
1607291928
1607288967
1607272827
1607237841
1607224283
1607191665
1607105139
1607097914
1606848853
1606846307
1606715809
1606685741
1606525898
1606501865
1606432482
1606420199
1606366983
1606366543
1606265269
1606250990
1606165810
1606147834
1606077187
1606063741
1605990448
1605989762
1605975394
1605886351
1605806375
1605767555
1605731727
1605716667
1605682770
1605637699
1605596794
1605590326
1605586296
1605499826
1605479724
1605475937
1605467479
1605459524
1605391477
1605378216
1605328692
1605304675
1605297397
1605295353
1605288927
1605252964
1605252450
1605251544
1605241043
1605217666
1605160727
1605140107
1605126755
1605122822
1605107979
1605077556
1605077364
1605063406
1605037983
1605024324
1604988244
1604952246
1604951855
1604951502
1604940361
1604856162
1604807566
1604784287
1604722178
1604696141
1604612200
1604555272
1604522377
1604425273
1604348674
1604264486
1604248404
1604213894
1604172691
1604171939
1604171553
1604113515
1604090540
1604070247
1604042320
1604042228
1604042059
1604000645
1603991524
1603985023
1603923324
1603913942
1603867095
1603847453
1603805256
1603753489
1603731310
1603659970
1603646380
1603574411
1603574237
1603555983
1603554995
1603553103
1603467795
1603330279
1603294593
1603268917
1603254663
1603174642
1603147945
1603118178
1603064240
1603038327
1602980428
1602966228
1602949859
1602896342
1602878347
1602867593
1602795826
1602772445
1602703529
1602639575
1602622529
1602616939
1602555343
1602467418
1602389008
1602388671
1602362201
1602296662
1602179228
1602179029
1602082128
1602037357
1602025836
1602019524
1601919949
1601917276
1601873737
1601871167
1601829371
1601821694
1601737311
1601709151
1601687693
1601669470
1601503595
1601305610
1601270251
1601265549
1601176067
1601042361
1601008232
1600973354
1600957529
1600890666
1600884735
1600884192
1600799325
1600792220
1600790033
1600782527
1600781848
1600703960
1600662535
1600645890
1600582336
1600543193
1600541119
1600444932
1600356144
1600301044
1600280801
1600272101
1600196834
1600152732
1600009534
1599975348
1599972544
1599844611
1599801690
1599800060
1599753255
1599753014
1599749215
1599686139
1599676086
1599675528
1599582526
1599539731
1599527499
1599370209
1599367467
1599350599
1599329272
1599243348
1599191494
1599153078
1599148619
1599144016
1599103706
1599082661
1599078424
1599062650
1599062139
1598995192
1598965636
1598927320
1598897703
1598723000
1598630368
1598575579
1598545474
1598536597
1598466172
1598457730
1598457464
1598391170
1598384500
1598371006
1598367015
1598318910
1598317206
1598316607
1598283715
1598226549
1598218013
1598163763
1598162400
1598112745
1598112010
1598019860
1597972001
1597853007
1597852278
1597793042
1597772472
1597699131
1597676604
1597552581
1597550835
1597463157
1597370745
1597261761
1597161158
1597027194
1596900188
1596662589
1596594315
1596593929
1596557060
1596556489
1596470642
1596390072
1596384455
1596381771
1596380274
1596348445
1596335355
1596296117
1596294509
1596219806
1596211123
1596210555
1596210323
1596125014
1596084902
1596082640
1596062819
1596045948
1596038023
1595995966
1595960590
1595948816
1595789415
1595786665
1595694015
1595625747
1595528734
1595512701
1595442382
1595383591
1595344126
1595343834
1595268421
1595201955
1595192015
1594784144
1594750132
1594656259
1594608396
1594608133
1594607800
1594500323
1594405376
1594396292
1594310217
1594264129
1594224120
1594154593
1594070167
1594051153
1594050817
1593963407
1593894438
1593876062
1593831701
1593750655
1593747747
1593705640
1593697894
1593628117
1593532432
1593454147
1593393922
1593391634
1593230332
1593195026
1593101067
1593006535
1592936206
1592922192
1592832480
1592832322
1592831087
1592799290
1592691265
1592590058
1592512699
1592402346
1592244505
1592202416
1592185151
1592146285
1592107220
1591945917
1591944656
1591943966
1591891474
1591883029
1591882838
1591825365
1591770463
1591725917
1591724416
1591640061
1591631922
1591624786
1591511212
1591494456
1591494258
1591492888
1591381289
1591231684
1591208860
1591121836
1591106229
1591042202
1591035873
1591018763
1590974604
1590893940
1590758245
1590690367
1590681566
1590603937
1590522759
1590500403
1590424156
1590421738
1590284698
1590248060
1590246838
1590171981
1590163283
1590162907
1590162775
1590076710
1590040202
1589989034
1589912292
1589911676
1589857236
1589812459
1589731708
1589731550
1589684624
1589678776
1589642403
1589641380
1589580974
1589566991
1589558598
1589551033
1589513973
1589511773
1589510643
1589477778
1589430084
1589377930
1589375190
1589298207
1589227081
1589212263
1589142736
1589125290
1588953391
1588918670
1588917472
1588916372
1588859723
1588828871
1588823685
1588772972
1588769943
1588730974
1588729691
1588708311
1588684650
1588627323
1588600470
1588597557
1588573233
1588572163
1588512566
1588470494
1588429458
1588427736
1588398428
1588377149
1588367832
1588357646
1588295313
1588255088
1588252816
1588226000
1588224535
1588223693
1588184791
1588176202
1588105514
1588097207
1588002744
1587911821
1587910378
1587880813
1587879153
1587879041
1587877395
1587801081
1587800669
1587791387
1587770165
1587750077
1587657715
1587653624
1587653424
1587612503
1587567066
1587526842
1587526115
1587525371
1587523968
1587512675
1587493453
1587440365
1587435536
1587429190
1587418912
1587389510
1587329727
1587325836
1587319651
1587221564
1587220118
1587189238
1587101745
1587050772
1587021093
1587019898
1586974815
1586927751
1586925376
1586923318
1586875387
1586844660
1586802128
1586709029
1586652600
1586631820
1586586304
1586582870
1586498397
1586497008
1586483919
1586440584
1586410391
1586361515
1586353468
1586318422
1586310655
1586267395
1586224223
1586188808
1586105116
1586069396
1586064690
1586063548
1586028488
1586011026
1585933920
1585890071
1585889825
1585888196
1585835876
1585807718
1585805970
1585805016
1585803244
1585756858
1585715479
1585711741
1585670232
1585615399
1585614540
1585592276
1585522646
1585513430
1585513150
1585495776
1585492679
1585491128
1585410231
1585408466
1585407149
1585376921
1585375514
1585331941
1585282101
1585280692
1585199135
1585160626
1585159581
1585116638
1585112210
1585105305
1585100593
1585073292
1585023719
1585020250
1584921106
1584893929
1584891878
1584890130
1584887477
1584862923
1584823823
1584805074
1584803395
1584771624
1584770014
1584767232
1584681603
1584679199
1584641523
1584595739
1584592939
1584579460
1584573439
1584503142
1584469537
1584451540
1584421377
1584301044
1584298852
1584215705
1584215087
1584213882
1584204492
1584202847
1584165610
1584164198
1584154504
1584107209
1584080576
1584028897
1583990789
1583988619
1583986757
1583951010
1583938698
1583895490
1583864670
1583856121
1583855567
1583809770
1583806952
1583729961
1583704449
1583698959
1583690550
1583686283
1583650717
1583650080
1583644881
1583620003
1583612613
1583596365
1583594812
1583591517
1583567565
1583554294
1583522244
1583514024
1583504242
1583427336
1583388261
1583385992
1583349727
1583295139
1583294342
1583293345
1583251181
1583216810
1583214930
1583211120
1583177011
1583159053
1583128510
1583108750
1583081353
1583079214
1583047233
1583045646
1583044627
1583011230
1583010820
1582998610
1582988973
1582986400
1582876085
1582873938
1582820517
1582814922
1582782578
1582744908
1582736437
1582687934
1582686736
1582674674
1582658737
1582640084
1582605759
1582572575
1582524102
1582522359
1582476325
1582475111
1582474634
1582473409
1582439633
1582434310
1582421103
1582420957
1582304578
1582262863
1582260274
1582210556
1582209639
1582178984
1582173356
1582140194
1582086919
1582051251
1582037609
1582037425
1582007926
1582003047
1581967014
1581708567
1581692089
1581633921
1581621973
1581565863
1581564922
1581519114
1581483866
1581483060
1581449149
1581447902
1581397215
1581394818
1581362359
1581361955
1581297734
1581282149
1581280514
1581267493
1581198843
1581195723
1581193771
1581183617
1581180504
1581179034
1581175626
1581155144
1581154874
1581154224
1581153500
1581153077
1581103341
1581028969
1581004101
1580956824
1580948929
1580921754
1580914491
1580882424
1580876185
1580870810
1580844672
1580790832
1580789535
1580748837
1580706407
1580663735
1580616724
1580615411
1580615239
1580584791
1580575530
1580543459
1580498942
1580435891
1580435401
1580313289
1580239677
1580227461
1580163458
1580152329
1580057693
1580057558
1580056397
1580050557
1580006404
1579999089
1579998913
1579986204
1579981038
1579975266
1579974294
1579936149
1579935761
1579877822
1579795081
1579760869
1579721027
1579634132
1579620380
1579588470
1579587208
1579547446
1579473799
1579457818
1579453990
1579416447
1579388602
1579386511
1579382539
1579382375
1579382089
1579376327
1579376167
1579288437
1579287795
1579272759
1579190077
1579134137
1579069988
1579063364
1579062179
1579042049
1579037277
1578981192
1578961674
1578894263
1578867873
1578837152
1578806367
1578789233
1578783551
1578775387
1578773556
1578733604
1578725731
1578717458
1578675547
1578668071
1578628494
1578579821
1578511101
1578502590
1578495218
1578459327
1578457243
1578424673
1578416302
1578376293
1578374655
1578373721
1578371468
1578365469
1578338433
1578330030
1578289184
1578286539
1578267891
1578265993
1578262857
1578262309
1578260060
1578259800
1578257280
1578256478
