1593449167
1593431459
1593426352
1593415697
1593357661
1593338838
1593330591
1593320282
1593267921
1593261881
1593244296
1593235438
1593173359
1593167141
1593147721
1593100224
1593077273
1593060665
1592990926
1592927213
1592890925
1592841473
1592827656
1592819598
1592803504
1592754843
1592745092
1592737456
1592734015
1592726635
1592718789
1592717405
1592659948
1592653991
1592642756
1592633629
1592572255
1592561013
1592547385
1592546334
1592543537
1592483851
1592483610
1592483342
1592471037
1592455634
1592454686
1592454297
1592453492
1592453162
1592415887
1592377288
1592377058
1592376502
1592376177
1592324313
1592303076
1592298623
1592287063
1592284418
1592229975
1592223511
1592205756
1592205351
1592137377
1592119616
1592119184
1592116599
1592114569
1592060355
1592059324
1592045141
1592038120
1592033928
1592033378
1592033000
1591977016
1591971647
1591969792
1591882361
1591868789
1591856093
1591855684
1591855513
1591855213
1591854815
1591854168
1591796805
1591794973
1591775132
1591766578
1591766158
1591765868
1591765477
1591764389
1591718268
1591713655
1591708213
1591700779
1591694491
1591690120
1591628070
1591615017
1591605752
1591598544
1591540406
1591530423
1591525494
1591519295
1591454362
1591450673
1591443932
1591429709
1591371259
1591362950
1591345223
1591287393
1591280858
1591257153
1591189034
1591186908
1591168781
1591162379
1591104181
1591103083
1591089786
1591085592
1591076532
1591002496
1590996513
1590907253
1590855120
1590851151
1590841826
1590838587
1590824051
1590765935
1590737052
1590735128
1590673287
1590665313
1590663183
1590655548
1590650074
1590597727
1590585336
1590581120
1590570554
1590565473
1590510210
1590499660
1590489311
1590476816
1590475828
1590421293
1590412382
1590388289
1590347471
1590304091
1590240832
1590219466
1590138448
1590137948
1590047851
1589986141
1589969394
1589876890
1589792392
1589708786
1589628771
1589588231
1589549047
1589447445
1589380666
1589297547
1589272445
1589200283
1589187401
1589098830
1589096722
1589014533
1588923962
1588838921
1588759936
1588718812
1588690822
1588666323
1588607779
1588602787
1588577686
1588550725
1588508781
1588492558
1588416644
1588402003
1588322333
1588257812
1588225790
1588206480
1588154942
1588065947
1587985754
1587977012
1587861176
1587810197
1587803625
1587799438
1587747391
1587719615
1587715360
1587714924
1587711005
1587659984
1587644442
1587632527
1587630373
1587627341
1587568471
1587561844
1587557550
1587543032
1587539879
1587484865
1587463019
1587449283
1587396719
1587389647
1587375633
1587374467
1587371483
1587366595
1587306487
1587290134
1587284001
1587281564
1587216246
1587211090
1587208997
1587207332
1587201113
1587176854
1587175426
1587139548
1587134917
1587131921
1587114700
1587112106
1587048562
1587039627
1587029211
1587024689
1587016658
1586960371
1586952545
1586951679
1586946076
1586930926
1586877645
1586867979
1586864263
1586853244
1586847956
1586789930
1586777967
1586768536
1586749192
1586700790
1586697288
1586681529
1586673964
1586625752
1586604521
1586596438
1586592861
1586588957
1586525217
1586512984
1586489708
1586453656
1586440169
1586423957
1586417102
1586363882
1586361658
1586339652
1586334331
1586330213
1586273718
1586266416
1586259387
1586244546
1586189300
1586181867
1586178456
1586177162
1586167848
1586164909
1586160576
1586115894
1586103594
1586088789
1586081924
1586071944
1586071517
1586016904
1586005362
1586001254
1585986309
1585984454
1585940407
1585921192
1585913808
1585900224
1585841542
1585838269
1585835285
1585818782
1585808936
1585736722
1585733658
1585730199
1585725329
1585677423
1585673955
1585647791
1585639631
1585634869
1585588207
1585584072
1585577100
1585574275
1585568808
1585563345
1585553277
1585502493
1585491307
1585486946
1585474142
1585467557
1585419233
1585412496
1585410611
1585398071
1585394805
1585388129
1585384530
1585320821
1585315281
1585291513
1585243002
1585226687
1585222009
1585207971
1585150299
1585139124
1585137537
1585126727
1585122599
1585067316
1585052157
1585040625
1585036821
1585032180
1584978769
1584968093
1584960806
1584945943
1584890277
1584880771
1584875987
1584867029
1584802145
1584790959
1584783455
1584772962
1584724298
1584710602
1584706377
1584692965
1584691199
1584688837
1584635672
1584603650
1584545968
1584531900
1584527992
1584523618
1584513340
1584512214
1584461531
1584442330
1584427063
1584378835
1584369758
1584358648
1584302709
1584288571
1584276502
1584265633
1584256586
1584203544
1584185094
1584172913
1584166235
1584122059
1584116105
1584108757
1584095499
1584093682
1584079289
1584037893
1584030498
1584025440
1584018662
1584006934
1583994499
1583946286
1583936438
1583930668
1583924345
1583912356
1583904760
1583864325
1583847558
1583843805
1583831557
1583826105
1583784501
1583761555
1583748619
1583740147
1583737544
1583730856
1583694370
1583665714
1583656472
1583647289
1583580227
1583548776
1583504319
1583450936
1583412986
1583325032
1583305940
1583247761
1583226668
1583149130
1583139504
1583080451
1583044216
1582965314
1582957254
1582885236
1582803534
1582794481
1582713813
1582624545
1582591597
1582538505
1582435725
1582393958
1582363037
1582276092
1582266255
1582205792
1582178910
1582100167
1582094860
1582030681
1582003754
1581956471
1581940340
1581921995
1581863421
1581848171
1581832936
1581762807
1581751360
1581673146
1581612135
1581576092
1581517527
1581505375
1581423946
1581408998
1581398292
1581330336
1581265505
1581257265
1581236789
1581159347
1581076067
1581049817
1581015310
1580967451
1580914070
1580890862
1580887103
1580831325
1580824418
1580799804
1580744074
1580722762
1580714041
1580660603
1580654727
1580631676
1580631105
1580569227
1580568726
1580545204
1580496894
1580474356
1580459667
1580457703
1580396934
1580384666
1580315410
1580272126
1580232792
1580213521
1580201084
1580148819
1580127612
1580125398
1580114965
1580113011
1580065006
1580058256
1580037861
1580032697
1580017847
1579985652
1579979431
1579963397
1579950523
1579942688
1579932552
1579873215
1579853259
1579850740
1579802367
1579794778
1579760860
1579712389
1579698273
1579690360
1579672422
1579630506
1579625817
1579598381
1579595017
1579586827
1579542423
1579534338
1579529391
1579498611
1579456565
1579445055
1579438729
1579430087
1579391848
1579368030
1579264193
1579202768
1579172522
1579159839
1579124241
1579091038
1579080614
1579022133
1579008615
1578997527
1578988258
1578962026
1578940394
1578936628
1578906631
1578900861
1578855284
1578847181
1578819931
1578817303
1578807624
1578806791
1578769176
1578765987
1578762797
1578759267
1578752240
1578744148
1578737951
1578730250
1578717086
1578683198
1578656223
1578645855
1578587980
1578559689
1578551718
1578547352
1578516077
1578500106
1578497949
1578469148
1578464582
1578431850
1578431352
1578426895
1578422152
1578377524
1578372120
1578367878
1578334036
1578303474
1578291017
1578255678
1578236299
1578232817
1578207481
1578206702
1578206255
1578168447
1578155918
1578154508
1578131553
1578123876
1578117403
1578069424
1578063290
1578041917
1577990353
1577973832
1577967317
1577954957
1577870604
1577859260
1577824747
1577784326
1577774555
1577711935
1577633679
1577604047
1577525730
1577455320
1577304241
1577264748
1577255559
1577170265
1577102097
1577084210
1577027393
1576933761
1576845035
1576824049
1576760397
1576746781
1576732684
1576687042
1576669203
1576652493
1576604277
1576599489
1576596484
1576580193
1576579615
1576578926
1576511423
1576506244
1576496646
1576493080
1576408187
1576407841
1576264609
1576219227
1576177840
1576167350
1576128978
1576128501
1576093701
1576066263
1576048257
1576000987
1575998700
1575981956
1575961260
1575960606
1575960335
1575960023
1575920875
1575906831
1575902473
1575895491
1575885259
1575880987
1575874013
1575871099
1575831055
1575827897
1575822949
1575812921
1575805236
1575747231
1575742477
1575732310
1575729592
1575727939
1575724696
1575717761
1575701459
1575698150
1575697860
1575652477
1575650780
1575638919
1575633445
1575613554
1575612889
1575582007
1575580946
1575551416
1575549161
1575542542
1575541202
1575529250
1575486083
1575482952
1575478601
1575469895
1575460915
1575450196
1575450014
1575387367
1575362070
1575351531
1575314846
1575309249
1575303456
1575288000
1575284849
1575277418
1575221427
1575209224
1575190482
1575188284
1575184884
1575183065
1575180758
1575138982
1575136978
1575131314
1575124599
1575108367
1575098923
1575095121
1575055568
1575033743
1575021643
1575007465
1574964817
1574930674
1574899455
1574858665
1574841902
1574840185
1574833275
1574830792
1574784053
1574772178
1574766411
1574756543
1574746511
1574707317
1574679392
1574669991
1574659516
1574621160
1574606987
1574592485
1574580485
1574579689
1574535835
1574526490
1574505799
1574501822
1574489030
1574441234
1574422959
1574417937
1574404052
1574403324
1574368423
1574340698
1574325479
1574324434
1574314668
1574249889
1574244842
1574235269
1574183972
1574168774
1574107176
1574092077
1574057091
1574021678
1574004813
1573972772
1573934180
1573919593
1573913575
1573893607
1573891366
1573831898
1573807026
1573719840
1573708195
1573699355
1573673410
1573662615
1573589626
1573589365
1573555780
1573554127
1573543999
1573472731
1573455254
1573450474
1573406930
1573406183
1573403940
1573394004
1573388560
1573387806
1573382190
1573380105
1573322587
1573307950
1573305478
1573298137
1573290726
1573242337
1573241459
1573232368
1573209648
1573206276
1573195024
1573193537
1573161115
1573161001
1573151538
1573146245
1573136067
1573131495
1573124094
1573121165
1573065395
1573045234
1573038040
1573035530
1572990009
1572983746
1572983473
1572970222
1572948965
1572937603
1572897932
1572896658
1572894586
1572851785
1572849361
1572796552
1572780113
1572773636
1572763103
1572762847
1572727786
1572721968
1572721824
1572706689
1572705150
1572702434
1572690497
1572681639
1572642001
1572641711
1572621486
1572607683
1572588609
1572541660
1572541441
1572540746
1572540337
1572514695
1572501878
1572447660
1572441425
1572434242
1572424823
1572423937
1572415524
1572340570
1572338729
1572325454
1572272736
1572257870
1572257248
1572247238
1572247024
1572246855
1572192401
1572175827
1572162508
1572160566
1572159528
1572075686
1572075385
1572074497
1572074111
1572073871
1572073561
1572072847
1572071968
1572071012
1572031025
1572018246
1572009219
1572005871
1571990949
1571990769
1571990411
1571990280
1571932131
1571931236
1571931081
1571930524
1571928733
1571927680
1571912773
1571911980
1571820183
1571819873
1571819223
1571818945
1571815001
1571814839
1571814525
1571812404
1571812245
1571811903
1571770322
1571747250
1571745865
1571745189
1571744560
1571743537
1571739371
1571729641
1571729139
1571676839
1571669958
1571667460
1571665169
1571654511
1571647137
1571646884
1571646725
1571646053
1571592452
1571580277
1571580066
1571575281
1571573603
1571562141
1571501972
1571501777
1571501543
1571501036
1571500725
1571499155
1571498326
1571497784
1571467241
1571466563
1571423925
1571423247
1571394929
1571393760
1571385837
1571385237
1571381967
1571326940
1571325351
1571324328
1571320942
1571319855
1571319560
1571296513
1571293975
1571293503
1571235166
1571234771
1571232255
1571218331
1571216975
1571215524
1571159293
1571157614
1571150692
1571145158
1571126116
1571122258
1571060876
1571060673
1570894708
1570893238
1570881231
1570873395
1570871721
1570863737
1570863032
1570799132
1570796091
1570779672
1570728236
1570704177
1570688220
1570626846
1570626612
1570626436
1570622179
1570618876
1570618303
1570615187
1570614904
1570598648
1570549965
1570547346
1570545374
1570545134
1570540127
1570525519
1570520289
1570518789
1570467635
1570461077
1570458936
1570455714
1570434170
1570432688
1570383681
1570372983
1570367157
1570346292
1570297356
1570290456
1570253009
1570199850
1570192940
1570187378
1570128897
1570128182
1570093134
1570047925
1570033230
1570032467
1570024887
1570011380
1569993021
1569859011
1569858459
1569834552
1569832593
1569828561
1569828103
1569827571
1569778030
1569765166
1569744460
1569744010
1569743099
1569739826
1569736325
1569736104
1569735907
1569677157
1569676677
1569676214
1569663462
1569660046
1569653721
1569653467
1569603766
1569603580
1569592103
1569591669
1569591093
1569590785
1569575776
1569575494
1569569818
1569568097
1569566516
1569520112
1569519919
1569519397
1569519252
1569519115
1569518594
1569518210
1569518090
1569500772
1569484358
1569424726
1569423928
1569403176
1569402917
1569400556
1569400240
1569399971
1569343319
1569342476
1569326068
1569325719
1569325547
1569325083
1569324682
1569319225
1569314451
1569310018
1569309706
1569309405
1569308609
1569251457
1569251226
1569250690
1569250322
1569249962
1569248539
1569247808
1569246691
1569245584
1569243599
1569242753
1569225676
1569224629
1569174380
1569166113
1569157573
1569144350
1569097057
1569092906
1569063533
1569058305
1569058097
1569057474
1569056264
1569004452
1569003594
1568976412
1568976120
1568974171
1568962939
1568960053
1568959751
1568913138
1568912919
1568910975
1568905375
1568900161
1568891908
1568891802
1568891563
1568891315
1568891030
1568890294
1568889894
1568889600
1568835922
1568821296
1568820748
1568817266
1568817020
1568806878
1568791912
1568791604
1568787833
1568746359
1568736266
1568735851
1568735446
1568735010
1568734646
1568726441
1568632140
1568621144
1568620882
1568620138
1568618358
1568574225
1568573810
1568563064
1568559124
1568552313
1568456902
1568456803
1568456622
1568448290
1568447429
1568389217
1568359784
1568359291
1568315077
1568275262
1568274855
1568269306
1568232528
1568141216
1568140102
1568139678
1568138923
1568138223
1568130543
1568115432
1568098967
1568098672
1568098315
1568058051
1568057473
1568045041
1568044647
1568043962
1568037395
1568027601
1568008349
1567971586
1567932103
1567931983
1567931733
1567931353
1567931196
1567929380
1567928885
1567928410
1567878307
1567877329
1567870685
1567868899
1567862944
1567862471
1567851579
1567846817
1567837762
1567791167
1567779099
1567756101
1567754571
1567754202
1567753706
1567751526
1567702369
1567701909
1567696423
1567693447
1567669051
1567667665
1567603992
1567592490
1567575355
1567574820
1567493099
1567490104
1567446490
1567412735
1567410943
1567410131
1567409316
1567409065
1567404982
1567361842
1567355656
1567351260
1567332219
1567328847
1567276088
1567274258
1567262255
1567260590
1567260106
1567236321
1567235682
1567188887
1567178807
1567175720
1567170389
1567162477
1567149786
1567148400
1567109602
1567076379
1567076078
1567075695
1567061788
1566990029
1566989695
1566988886
1566980096
1566929942
1566928971
1566928582
1566927588
1566927252
1566922761
1566909491
1566879109
1566878551
1566878272
1566877385
1566876740
1566834110
1566825969
1566824878
1566814347
1566761788
1566761397
1566753456
1566751795
1566751334
1566743407
1566726656
1566680099
1566678935
1566668553
1566652594
1566652181
1566644984
1566590903
1566590287
1566590064
1566589825
1566584107
1566562848
1566488124
1566466927
1566374478
1566361491
1566360866
1566302016
1566301780
1566299008
1566245303
1566219571
1566195832
1566160418
1566147136
1566146845
1566144463
1566140264
1566113630
1566065043
1566064536
1566064248
1566062649
1566032733
1565990546
1565985800
1565962586
1565952482
1565950594
1565935280
1565935062
1565934364
1565897605
1565897341
1565897198
1565884586
1565879269
1565854998
1565854533
1565853463
1565853130
1565852531
1565811222
1565800055
1565799931
1565791021
1565788145
1565769773
1565769388
1565731737
1565713346
1565712467
1565711659
1565705079
1565704586
1565704369
1565637823
1565636679
1565633556
1565596702
1565550608
1565549443
1565522162
1565521842
1565465727
1565440802
1565352662
1565271037
1565251446
1565192140
1565173152
1565161202
1565108632
1565082782
1565028288
1564993290
1564990280
1564925172
1564913343
1564908591
1564903699
1564897583
1564852321
1564776751
1564767397
1564762677
1564744942
1564667198
1564640557
1564636792
1564635220
1564598943
1564596252
1564587418
1564565247
1564511845
1564499453
1564498798
1564498115
1564497392
1564496081
1564482295
1564468961
1564467387
1564465494
1564415799
1564393452
1564384014
1564334046
1564327050
1564258993
1564256508
1564256234
1564216426
1564168187
1564167704
1564141216
1564141061
1564129655
1564128953
1564128649
1564080888
1564069563
1564067723
1564067609
1564067435
1564048628
1564048466
1564048300
1564048030
1563988805
1563988433
1563985102
1563984617
1563973913
1563965058
1563913161
1563912792
1563912356
1563904794
1563889367
1563888649
1563888334
1563878947
1563867720
1563829216
1563562448
1563560345
1563560186
1563545019
1563544032
1563542214
1563541835
1563541665
1563541376
1563540548
1563454382
1563308132
1563308051
1563307922
1563307551
1563307286
1563307166
1563306080
1563305914
1563305049
1563304861
1563304695
1563303613
1563303520
1563294689
1563294374
1563293853
1563286392
1563285503
1563284910
1563231951
1563231527
1563231277
1563179000
1563132304
1563120244
1563109805
1563100982
1563022023
1562987807
1562977431
1562963277
1562932213
1562843211
1562786204
1562786041
1562785496
1562775599
1562748959
1562748763
1562746730
1562746414
1562746231
1562745980
1562722275
1562722167
1562722027
1562721714
1562666226
1562657299
1562616149
1562597808
1562592124
1562518018
1562396462
1562389813
1562388761
1562388254
1562323332
1562320371
1562313278
1562264382
1562263978
1562255761
1562252858
1562251137
1562248088
1562239807
1562223179
1562166305
1562165379
1562165017
1562162919
1562099108
1562080732
1562077563
1562077109
1562071257
1562071052
1562068103
1562067754
1562064108
1561989691
1561985739
1561985557
1561907302
1561907052
1561906695
1561906467
1561906218
1561906014
1561905736
1561905234
1561904777
1561784143
1561738115
1561737945
1561737819
1561662906
1561662733
1561662605
1561662179
1561661888
1561657075
1561546070
1561407719
1561393099
1561392592
1561390395
1561369249
1561361622
1561361403
1561322425
1561322112
1561319284
1561318713
1561314923
1561314763
1561314479
1561298215
1561286755
1561271673
1561233991
1561233564
1561224357
1561223756
1561223350
1561219928
1561186576
1561141237
1561140585
1561139507
1561137932
1561130442
1561126893
1561110156
1561059018
1561055891
1561055241
1561051736
1561049322
1561034628
1561031058
1560894249
1560893809
1560866898
1560857590
1560856963
1560855482
1560853658
1560760042
1560759802
1560759539
1560759191
1560751496
1560716084
1560715720
1560713180
1560686872
1560683721
1560628918
1560627429
1560620708
1560620151
1560619644
1560618982
1560596213
1560595225
1560594732
1560594510
1560593820
1560593609
1560587643
1560587157
1560586961
1560586699
1560546081
1560545888
1560545735
1560545076
1560544455
1560544085
1560543875
1560543621
1560543411
1560543197
1560542941
1560518283
1560512459
1560496267
1560495742
1560495645
1560495379
1560439616
1560434186
1560432283
1560420880
1560414319
1560414229
1560413929
1560412013
1560358350
1560357748
1560357626
1560356879
1560356642
1560356232
1560328728
1560322952
1560316938
1560249480
1560249169
1560234667
1560233072
1560198111
1560196438
1560196031
1560195628
1560096135
1560091372
1560091118
1560090565
1560090179
1560064575
1560064376
1560063995
1560063536
1560060588
1560027028
1560026092
1560001692
1560001229
1559992554
1559977926
1559929197
1559928960
1559893520
1559893179
1559892221
1559822668
1559822271
1559820776
1559764235
1559760151
1559748176
1559675771
1559675568
1559668113
1559656642
1559656461
1559652800
1559625757
1559590911
1559590444
1559556297
1559556038
1559502817
1559501881
1559501155
1559500650
1559500437
1559499291
1559498834
1559483087
1559388027
1559385412
1559384784
1559383702
1559371406
1559371200
1559317846
1559316455
1559316054
1559313759
1559312500
1559311869
1559311125
1559309577
1559309300
1559308702
1559307996
1559307365
1559282025
1559236306
1559235724
1559235313
1559232569
1559227016
1559203268
1559151440
1559145464
1559145119
1559144220
1559143856
1559080718
1559080289
1559079964
1559079172
1559025749
1559025063
1559024207
1559023841
1558981354
1558971383
1558971166
1558970968
1558970849
1558969637
1558967457
1558946913
1558946255
1558946044
1558945381
1558945240
1558940779
1558890170
1558890076
1558887872
1558797204
1558796859
1558796657
1558796320
1558787173
1558787025
1558786327
1558786040
1558731497
1558640897
1558640623
1558633039
1558632107
1558631899
1558631759
1558631499
1558631275
1558630911
1558630465
1558630024
1558629852
1558629635
1558629403
1558629001
1558628687
1558628510
1558627844
1558627669
1558512798
1558346243
1558344015
1557922628
1557769178
1557769016
1557768500
1557766640
1557764758
1557732130
1557731839
1557731624
1557686890
1557686396
1557671022
1557670371
1557642563
1557474550
1557435181
1557434975
1557396395
1557238698
1557141928
1557141634
1557121141
1557120548
1557120243
1557090061
1557089167
1557088879
1557085994
1557085661
1557048349
1557046271
1557045622
1557045037
1557044809
1557044351
1556967816
1556965635
1556965008
1556962849
1556950076
1556949708
1556941747
1556939974
1556939775
1556902779
1556902665
1556902362
1556900341
1556897824
1556897009
1556892602
1556891481
1556813331
1556812785
1556811790
1556810248
1556809209
1556794659
1556717454
1556717315
1556715747
1556714957
1556712875
1556711978
1556710489
1556634239
1556633522
1556607214
1556606823
1556606547
1556606395
1556606125
1556605875
1556564354
1556551451
1556550044
1556548669
1556542731
1556542391
1556542015
1556541626
1556541369
1556541171
1556469118
1556463115
1556462142
1556461916
1556461728
1556461278
1556460919
1556389087
1556388580
1556387996
1556373362
1556372077
1556371079
1556370777
1556355465
1556311069
1556309532
1556303182
1556298341
1556294383
1556294092
1556291752
1556278578
1556278161
1556268434
1556263151
1556262566
1556261870
1556215940
1556215504
1556215041
1556214399
1556213882
1556207462
1556205425
1553530096
1553507546
1553507116
1553505019
1553496139
1553494221
1553492823
1553490184
1553463737
1553411589
1553410745
1553359513
1553335428
1553287583
1553100351
1553073424
1552973344
1552894997
1552812572
1552634787
1552480350
1552304925
1552220213
1552079274
1551710963
1551677607
1551516749
