1618093734
1617995509
1617827538
1617671913
1617652351
1617586328
1617291221
1617249144
1617231828
1617229277
1617224266
1617164331
1617146532
1617118378
1617061465
1616984656
1616550229
1616342753
1616279381
1616113285
1614224626
1614126743
1614034211
1613623176
1613352738
1613274749
1613183296
1612659947
1612315398
1612152539
1612053507
1611973898
1611889357
1611719970
1611701140
1611689945
1611607867
1611433631
1611368566
1611286216
1611023072
1609126906
1609013847
1608850770
1608684684
1608600851
1608171092
1607737513
1607658821
1606190207
1606068160
1604371575
1603007567
1600209218
1599627375
1598931509
1598751261
1598651797
1598493620
1598144730
1597453631
1597347874
1597171760
1596309644
1596232145
1596068734
1595982228
1595966867
1595712731
1595639521
1595551379
1595544974
1595368179
1595216535
1595125350
1595104571
1594991175
1594922032
1594707558
1594005264
1593872434
1593466564
1593454170
