1618241397
1618087754
1617999095
1617989143
1617894576
1617733287
1617723663
1617679613
1617643721
1617630514
1617560521
1617491988
1617471911
1617415479
1617383672
1617365692
1617312681
1617222248
1617123051
1617118229
1617031188
1616975028
1616949549
1616937803
1616886970
1616806042
1616770964
1616756610
1616710036
1616686984
1616614267
1616604362
1616523597
1616519813
1616505786
1616432997
1616330812
1616249719
1616196819
1616189843
1616109840
1616104513
1615898300
1615890286
1615844480
1615748920
1615720306
1615585240
1615557641
1615493787
1615471368
1615469532
1615315535
1615302136
1615225054
1615212193
1615157519
1615153116
1615144015
1615133676
1615119944
1615061089
1615053863
1614993473
1614957554
1614944776
1614895148
1614873901
1614804796
1614798640
1614733446
1614724788
1614693520
1614615930
1614600513
1614557447
1614537740
1614466753
1614456227
1614419360
1614383179
1614347349
1614191379
1614115136
1614108077
1614091211
1614085643
1614049128
1614041213
1614040041
1614012014
1613945773
1613917628
1613866091
1613855461
1613839872
1613788966
1613748803
1613576372
1613509598
1613499773
1613486502
1613478515
1613351955
1613329436
1613320195
1613266945
1613219766
1612984716
1612977841
1612872572
1612808655
1612747810
1612643140
1612625627
1612478712
1612391896
1612386241
1612302754
1612204772
1612203328
1612137526
1612105494
1612060397
1612047690
1611953796
1611876850
1611868262
1611758724
1611717516
1611698047
1611691135
1611523670
1611514860
1611451109
1611428042
1611414436
1611413534
1611364885
1611322534
1611308645
1611260385
1611241935
1611178192
1611172811
1611169018
1611155307
1611104568
1611074699
1611018997
1610988855
1610721135
1610564354
1610495432
1610288302
1610046718
1610032166
1609955283
1609736004
1609442808
1609193045
1609030414
1608588894
1606093093
1605989670
1598021073
1597855246
1597509644
1597187835
1597174692
1597080322
1596978858
1596847144
1596814062
1596662974
1596368332
1596278642
1596222069
1596051393
1595813024
1595455307
1595357548
1595157664
1594900488
1594837333
1594821418
1594812209
1594756046
1594651008
1594562823
1594251743
1594237754
1594158964
1594073882
1594066493
1594034384
1593902830
1593818178
1593813942
1593773798
1593644340
1593561203
1593475361
1593445419
1593364681
1593346540
1593294497
1593218265
1593186650
1593130506
1593105457
1593098274
1593093766
1592924905
1592854046
1592843508
1592835060
1592766223
1592754777
1592444371
1592397199
1592246304
1591537142
1591532573
1590451845
1590250181
1589371524
1589230164
1587301345
1587080282
1586623191
1586380353
1586279200
1586265022
1586202999
1586029771
1586009852
1585943878
1585585564
1585578228
1585535494
1585525646
1585411199
1585336261
1585326315
1585320357
1585172372
1585147824
1584975648
1584970378
1584842018
1584822306
1584799322
1584741832
1584669348
1584645419
1584624401
1584555454
1584550719
1584466288
1584416159
1584293676
1584235847
1584218320
1584123007
1584113105
1584058789
1584053695
1584021076
1583942742
1583854826
1583845028
1583774142
1583765628
1583670692
1583627475
1583609351
1583515537
1583502939
1583452768
1583108223
1582471981
1582386738
1582143923
1581183476
1581085530
1580925159
1580748849
1580747378
1580699238
1580662267
1580499251
1580435843
1580397124
1579954884
1579823796
1579821999
1579654183
1579602398
1579540934
1579300756
1578927592
1578882645
1578875688
1578753726
1578701497
1578590112
1578577245
1578523182
1578510963
1578490429
1578450787
1578415464
1578257579
1578251167
1578240529
1578236329
1578160141
1578078803
1578064144
1577998014
1577978143
1577906916
1577892162
1577852298
1577826553
1577810478
1577757798
1577736193
1577660278
1577569857
1577391931
1577380705
1577330926
1576953615
1576878444
1576808588
1576765626
1576722793
1576591307
1576552815
1576533434
1576512059
1576347394
1576308117
1576110392
1576093716
1576004632
1575577235
1575318982
1575152214
1575151569
1575051282
1575046142
1575037604
1574779597
1574619638
1574612843
1574431263
1574367586
1574286565
1574270774
1574202721
1574171387
1574111165
1574093266
1574040782
1574025959
1573997443
1573919020
1573773802
1573759125
1573694710
1573597385
1573500799
1573433030
1573397313
1573391170
1573301371
1573166505
1573076869
1572912568
1572650763
1572444225
1572406572
1572203414
1572113294
1571885762
1571607249
1571482552
1570556901
1570484248
1570127765
1570037403
1569760721
1569331403
1568988440
1568936891
1568898284
1568809987
1568806485
1568635857
1568569415
1567960488
1567341579
1567111418
1566472108
1563549084
1563458330
1562970090
1562276222
1561976049
1561732913
1561647485
1561634263
1561574998
1561242745
1560979276
1560954481
1560943599
1560549507
1560424249
1560334783
1560259674
1560191921
1560123669
1560102798
1560003448
1559920041
1559903854
1559850435
1559771673
1559652084
1559561160
1559509735
1559467756
1559407021
1559396663
1559334543
1559311762
1559228538
1559208024
1559142861
1559121493
1559058606
1559043085
1558963249
1558950035
1558897832
1558867534
1558822040
1558803265
1558789393
1558729576
1558698617
1558646173
1558620594
1558548707
1558481871
1558453038
1558382606
1558296733
1558285124
1558220469
1558191921
1558169856
1558110785
1558083329
1558048900
1558028588
1557996420
1557962986
1557839422
1557740739
1557602107
1557542518
1557239254
1557169093
1557158694
1557069236
1557049191
1556975737
1556910845
1556877059
1556797821
1556648922
1556614219
1556393494
1556227138
1556214016
1556188990
1556046008
1556030061
1555964086
1555958533
1555796541
1555577391
1555490162
1555422463
1555370597
1555273769
1555245767
1555183952
1555159535
1555117605
1555072047
1554994455
1554914202
1554666886
1554633082
1554571711
1554564127
1554488986
1554406229
1554304434
1554294062
1554038653
1553992108
1553887981
1553688009
1553545264
1553427618
1553301146
1546783252
