1618206919
1618196822
1618106395
1618018849
1617987015
1617906164
1617853496
1617846258
1617738443
1617644812
1617572495
1616437581
1615086185
1614984844
1614913946
1613503598
1613334177
1613020385
1613001932
1612914653
1612904068
1612835739
1612588629
1612550891
1612479571
1611863059
1611860795
1610410503
1610308006
1610218335
1610216988
1610149100
1610148513
1609299890
1608234105
1607826732
1607720992
1607654091
1607564524
1607560810
1607305028
1607290485
1607234602
1607113362
1607101311
1606956150
1606950516
1606946229
1606706959
1606508081
1606437321
1606425557
1606418239
1606236948
1606164252
1606087003
1605318165
1604955646
1604862305
1604692100
1604446961
1604000156
1603909384
1603415862
1603236266
1603140235
1603135434
1602282331
1602265186
1602187011
1602172684
1601483010
1601252036
1601237285
1601157748
1600824361
1600634762
1600543227
1600505278
1600474821
1600469926
1600312442
1600190255
1599962284
1599944253
1599771291
1599505070
1599445946
1599354720
1599334537
1599277966
1599257630
1599157730
1599084511
1599069361
1598998977
1598994564
1598982571
1598977105
1598901295
1598900175
1598849488
1598815833
1598805318
1598746641
1598655751
1598648789
1598643311
1598632442
1598575115
1598558924
1598480199
1598478398
1598467017
1598385829
1598367665
1598233682
1598151976
1598148868
1598144620
1598113172
1598071374
1598056940
1598045858
1597954452
1597820435
1597691615
1597614036
1597613778
1597607693
1597452270
1597441018
1597341655
1597274923
1597175101
1597102820
1597099170
1596996809
1596917967
1596913047
1596834524
1596825674
1596821284
1596750548
1596739554
1596734408
1596658151
1596650804
1596641997
1596568298
1596486240
1596402860
1596320872
1596317576
1596311604
1596258805
1596229085
1596140827
1596135296
1596059509
1596055172
1596042152
1595967787
1595963721
1595887083
1595881360
1595873919
1595801697
1595800205
1595790338
1595451167
1595444343
1595262973
1595193159
1595184793
1595103182
1595098979
1595096703
1595018862
1594930113
1594861187
1594843217
1594760347
1594757496
1594591727
1594582161
1594581893
1594508941
1594505278
1594418175
1594411762
1594408456
1594325802
1594320528
1594318905
1594243772
1594182474
1594175339
1594065781
1594017511
1593977839
1593897349
1593889665
1593854027
1593801751
1593723309
1593720420
1593710067
1593678247
1593461019
1593376835
1593326491
1593294951
1593285313
1593202679
1593196499
1593118610
1593105660
1593039722
1593033441
1592981716
1592941756
1592934978
1592863046
1592862395
1592856242
1592776753
1592774067
1592687846
1592677473
1592608755
1592593678
1592516946
1592431395
1592076030
1591731926
1591643065
1591559747
1591507783
1591295111
1591226057
1591213973
1590995392
1590955333
1590952983
1590948681
1590945338
1590881151
1590737165
1590655215
1590442915
1590429969
1590423077
1590349186
1590345510
1590338053
1590265515
1590172561
1590137662
1590005265
1590001899
1589926866
1589879731
1589839045
1589833135
1589744100
1589669539
1589585445
1589477768
1589447527
1589404637
1589306400
1589233423
1589225056
1589145850
1589099039
1589059225
1588809143
1588790486
1588728944
1588721664
1588704888
1588677502
1588660787
1588359013
1588183905
1587947537
1587936363
1587928165
1587922920
1587893296
1587852538
1587691412
1587664894
1587332520
1587312878
1587276372
1587232763
1587017892
1587017692
1587003101
1586843464
1586747900
1586680697
1586638369
1586415803
1585907627
1585588575
1585128293
1584459978
1584162231
1583631876
1583492051
1583401700
1583380798
1583348821
1583320109
1583302011
1583014284
1582869876
1582865608
1582856502
1582839860
1582756182
1582688414
1582437275
1582427085
1582417168
1582395185
1582394024
1582371832
1582365059
1582360360
1582164490
1582157129
1582150117
1582005756
1581961191
1581792116
1581697999
1581489052
1580429416
1580418791
1580385263
1580016411
1580005602
1580002212
1579936025
1579766453
1579559070
1579443183
1579402309
1579397735
1579249391
1579248735
1579032851
1578623216
1578525747
1578276700
1578206499
1578079907
1577950355
1577946619
1577938521
1577927423
1577857613
1577694451
1577611610
1577601029
1577517936
1577475857
1577439770
1577386689
1577328492
1577304800
1577300210
1577298830
1577292136
1577289919
1577288913
1577287323
1577286296
1577284982
1577284650
1577260124
1577183550
1577155743
1577005674
1576823856
1576396222
1576368737
1576312165
1576186293
1576147058
1576115139
1576086860
1576055511
1575963940
1575949567
1575860804
1575720611
1575422927
1575352200
1575281762
1575146121
1575094396
1575079304
1575066872
1574994047
1574982061
1574901628
1574754869
1574658872
1574627861
1574560308
1574218382
1574142374
1574120512
1574045198
1573863017
