1617488800
1616528403
1616527224
1616454543
1616453029
1616187709
1616104980
1615226983
1615052691
1614820642
1614467054
1614465336
1614390117
1614038061
1613771619
1613094369
1613082826
1612915577
1612906722
1612654225
1612390337
1612386828
1612118335
1611769515
1611714465
1611712300
1611698817
1611611023
1611367109
1611350331
1611194396
1611074863
1610817808
1610663566
1610588355
1610569956
1610418858
1610408904
1610228967
1610217239
1610064704
1610056130
1609975702
1609960898
1609898924
1609889284
1609705293
1609644917
1609633231
1609609028
1609461517
1609453808
1609375000
1609373806
1609265294
1609198185
1609093220
1609000723
1608942472
1608840262
1608838529
1608781346
1608690291
1608687801
1608661118
1608565250
1608565035
1608337887
1608252538
1608165871
1607991848
1607988906
1607822651
1607803006
1607728085
1607551707
1607453539
1607277691
1607276198
1606971647
1606971284
1606782804
1605041404
1604533007
1600817229
1600398271
1599706637
1599181280
1599095225
1598651393
1598397880
1598394736
1598047005
1595687826
1593822219
1587057739
1586467849
1586467030
1583335763
1583335278
1583002266
