1618097527
1618096739
1618096134
1617822260
1617655304
1617653430
1617480461
1617321530
1617309240
1617247061
1616717381
1616694639
1616533287
1616448513
1616372218
1616016234
1615849838
1615848001
1615764805
1615675824
1615570811
1615516573
1615493239
1615491592
1615427699
1615427355
1615248467
1615236542
1615166192
1615165824
1615076067
1615072784
1614986658
1614888014
1614816274
1614711187
1614569075
1614564967
1614469284
1614387462
1614200957
1614131339
1613965878
1613950562
1613939613
1613765599
1613687485
1613687217
1613517561
1613436624
1613354451
1613329350
1613253471
1613240744
1613184035
1613088703
1613063265
1612989826
1612984627
1612926779
1612837589
1612837135
1612835323
1612815733
1612741921
1612417183
1612322575
1612313724
1612238068
1612234979
1611940111
1611878337
1611782092
1611608120
1611516512
1611451528
1611444254
1611436526
1611270951
1611198584
1611187581
1611105646
1611096668
1611087086
1611015999
1610996573
1610825542
1610744553
1610732712
1610647714
1610594783
1610585224
1610496697
1610407058
1610319785
1610311884
1610233551
1610139167
1609973721
1609954744
1609794328
1609788973
1609786723
1609782583
1609781248
1609708285
1609614833
1609611716
1609546013
1609521733
1609466197
1609354753
1609212028
1609207649
1609202978
1609188928
1609093185
1609004723
1609004565
1609000118
1608955726
1608333860
1608327358
1608319409
1608249220
1608067665
1607808518
1607739296
1607725227
1607707432
1607653466
1607544544
1607540410
1607228592
1607213818
1607212478
1606966976
1606960926
1606956122
1606860731
1606689853
1606430433
1606252901
1606248555
1606062122
1605904085
1605573202
1605562151
1605549852
1605548254
1605403296
1605388705
1605316276
1605119534
1605058190
1605041308
1604953357
1604856830
1604851173
1604788168
1604784303
1604622650
1604619560
1604612226
1604527485
1604518814
1604505979
1604503797
1604496544
1604427855
1604426563
1604424346
1604260721
1604259302
1604257471
1603918679
1603918664
1603910875
1603904392
1603842052
1603830765
1603744779
1603664488
1603590302
1603562903
1603498874
1603498341
1603468068
1603401239
1603398651
1603385939
1603321070
1603312608
1603306267
1603305919
1603305176
1603228748
1603217781
1603209064
1603070637
1603069440
1602958023
1602901692
1602896191
1602890059
1602889260
1602885755
1602884450
1602880800
1602876835
1602865173
1602808568
1602806811
1602727367
1602723504
1602723328
1602707636
1602634375
1602618305
1602613399
1602386530
1602356949
1602294410
1602290719
1602274548
1602263979
1602263213
1602208269
1602206301
1602173823
1602143153
1602129006
1602122870
1602117565
1602115605
1602111050
1602099355
1602070759
1602016627
1602009429
1602008635
1602003246
1602002154
1601948742
1601945040
1601944820
1601932755
1601923879
1601923377
1601859480
1601858238
1601782765
1601779118
1601778811
1601763854
1601760291
1601755491
1601598041
1601593517
1601592431
1601590818
1601589638
1601586251
1601507579
1601504877
1601494769
1601493932
1601490864
1601490113
1601431907
1601324873
1601324612
1601252546
1601245393
1601241192
1601235352
1601232636
1601153194
1601148598
1601137698
1601136960
1601135899
1601130663
1600990248
1600989838
1600976938
1600975031
1600969289
1600964941
1600963483
1600962596
1600813081
1600805395
1600796423
1600741463
1600739075
1600737671
1600715975
1600637572
1600622371
1600211854
1600022788
1599943632
1599943268
1599942824
1599935688
1599934688
1599871227
1599781447
1599778545
1599612160
1599610559
1599602680
1599531881
1599526499
1599518721
1599497889
1599429594
1599429368
1599428100
1599426466
1599397619
1599356236
1599355597
1599255178
1599253174
1599252164
1599250423
1599243411
1599173276
1599172417
1599093891
1599090800
1599089606
1599087972
1599086983
1599076887
1599013394
1599008031
1598992691
1598930367
1598834968
1598816565
1598812167
1598809895
1598809696
1598659553
1598577745
1598576499
1598576245
1598456892
1598403538
1598362248
1598359335
1598311810
1598305427
1598304601
1598282184
1598225758
1598225443
