1593454775
1593454162
1593420997
1593406793
1593405485
1593400516
1593341884
1593336552
1593318842
1593244286
1593235279
1593234467
1593233732
1593233016
1593228156
1593162391
1593152212
1593146390
1593086798
1593082160
1593074031
1593058384
1593000212
1592992600
1592967787
1592933569
1592898896
1592888950
1592887022
1592828142
1592823529
1592799210
1592730861
1592713188
1592706920
1592660477
1592646593
1592645618
1592630830
1592568106
1592566882
1592554017
1592544121
1592543345
1592538714
1592489610
1592475837
1592472073
1592464096
1592453758
1592394917
1592382001
1592366900
1592296074
1592285112
1592282645
1592272472
1592252892
1592217448
1592210199
1592119055
1592109023
1592101000
1592073533
1592047137
1592033537
1592020484
1591962759
1591954686
1591938023
1591935236
1591933644
1591881617
1591879146
1591855155
1591848756
1591843970
1591793666
1591773564
1591761731
1591698663
1591689403
1591678961
1591670753
1591619985
1591615334
1591596626
1591534036
1591529837
1591506659
1591450110
1591445413
1591434738
1591433808
1591417686
1591355823
1591353515
1591339310
1591330115
1591259436
1591246182
1591236854
1591195582
1591168504
1591153457
1591153304
1591097439
1591092187
1591091097
1591085060
1591084958
1591071948
1591012962
1591009532
1590989748
1590989535
1590988941
1590988025
1590929249
1590917129
1590902098
1590849802
1590831840
1590824795
1590811897
1590761370
1590729090
1590714957
1590652826
1590628115
1590591265
1590576633
1590566272
1590552484
1590501582
1590498727
1590498142
1590466367
1590412032
1590400923
1590381797
1590381652
1590381473
1590381301
1590374140
1590374005
1590336975
1590325090
1590294320
1590286088
1590243947
1590240703
1590213667
1590134032
1590123986
1590123181
1590066055
1590041519
1590031525
1589977497
1589954539
1589948421
1589889586
1589888770
1589861399
1589861280
1589803948
1589789473
1589782911
1589782777
1589778825
1589778704
1589716526
1589716242
1589695477
1589687027
1589641812
1589639795
1589631500
1589622250
1589612795
1589602229
1589555886
1589535101
1589520423
1589509341
1589508333
1589461858
1589454860
1589448379
1589435269
1589433429
1589369456
1589369064
1589368821
1589348622
1589343457
1589343377
1589289890
1589285687
1589264652
1589264376
1589252840
1589220062
1589207426
1589199749
1589192111
1589176115
1589168748
1589168112
1589114746
1589114501
1589113745
1589095107
1589083811
1589083356
1589083117
1589082651
1589082175
1589077723
1589038852
1589028457
1589027959
1589027665
1589019130
1589008579
1589001126
1588999211
1588998284
1588998244
1588940101
1588939678
1588936302
1588932456
1588918183
1588910564
1588857425
1588851450
1588850840
1588831915
1588830996
1588830652
1588829239
1588779473
1588770242
1588769155
1588768802
1588760790
1588747866
1588741869
1588691491
1588681132
1588680262
1588679563
1588679171
1588678953
1588662413
1588660529
1588660460
1588594163
1588593794
1588591794
1588572593
1588568483
1588564659
1588562028
1588509144
1588508864
1588508310
1588499379
1588486697
1588486467
1588424636
1588424378
1588424161
1588421709
1588420696
1588416617
1588400755
1588341365
1588340665
1588338213
1588337900
1588334990
1588316283
1588316195
1588316119
1588316044
1588257021
1588256785
1588256486
1588256094
1588255881
1588242420
1588241412
1588225822
1588225619
1588225578
1588223120
1588151214
1588139222
1588139004
1588091229
1588079402
1588078286
1588077550
1588077463
1588067557
1588067525
1588050271
1588049998
1588049180
1588048484
1588047990
1588047904
1588047843
1588009431
1587992367
1587991671
1587968678
1587967534
1587959047
1587958952
1587958883
1587928041
1587905634
1587904092
1587903573
1587903149
1587879645
1587879568
1587820579
1587820059
1587818506
1587816704
1587816379
1587815883
1587815142
1587814879
1587797290
1587796809
1587796637
1587796320
1587795732
1587795483
1587789844
1587750622
1587743549
1587727566
1587723888
1587723495
1587704472
1587704365
1587704268
1587704206
1587704181
1587704006
1587661815
1587660987
1587654171
1587642595
1587642407
1587642137
1587623799
1587622037
1587616643
1587616574
1587616445
1587563821
1587563391
1587562983
1587554426
1587554010
1587552577
1587551629
1587550568
1587546464
1587545883
1587533643
1587533322
1587533269
1587533222
1587479473
1587460392
1587451718
1587451570
1587395620
1587395228
1587386796
1587386086
1587385871
1587385251
1587384953
1587384068
1587382521
1587364240
1587359962
1587306969
1587298517
1587297736
1587296157
1587293118
1587273591
1587273401
1587273151
1587272839
1587272487
1587272249
1587233649
1587223496
1587223358
1587213530
1587212109
1587191589
1587184954
1587184735
1587184679
1587142865
1587129543
1587125964
1587123618
1587123125
1587103817
1587103749
1587103663
1587045881
1587045367
1587045297
1587045166
1587045123
1587038298
1587037937
1587037758
1587037417
1587036825
1587016079
1587015911
1587006201
1586962927
1586962872
1586962736
1586962129
1586961878
1586961713
1586961527
1586961185
1586927358
1586927283
1586927217
1586927133
1586927073
1586882133
1586881778
1586881682
1586875939
1586874357
1586874098
1586873951
1586873735
1586865264
1586865064
1586864998
1586864940
1586864765
1586864119
1586863647
1586833084
1586832853
1586789019
1586785266
1586781797
1586780685
1586780532
1586780374
1586757277
1586756186
1586756000
1586755944
1586755880
1586693241
1586692772
1586691780
1586691236
1586690480
1586668911
1586668827
1586668696
1586658677
1586609525
1586609008
1586608711
1586584612
1586584563
1586584541
1586584421
1586532775
1586532347
1586520297
1586520024
1586500968
1586500883
1586499778
1586496151
1586439667
1586421570
1586421444
1586421069
1586409682
1586408698
1586408311
1586407851
1586346490
1586345493
1586344643
1586323676
1586322528
1586321164
1586321083
1586321020
1586260929
1586243031
1586242065
1586241525
1586237178
1586229385
1586229255
1586172492
1586167568
1586148917
1586148455
1586148369
1586142352
1586142311
1586142257
1586101813
1586089389
1586089147
1586066968
1586064926
1586064341
1586062951
1586062908
1586062756
1585998438
1585987196
1585986539
1585986042
1585979430
1585973946
1585973881
1585973832
1585917801
1585917256
1585900331
1585900177
1585899224
1585899060
1585899035
1585821302
1585821155
1585820272
1585811544
1585810286
1585809591
1585808958
1585801063
1585800983
1585800930
1585751918
1585744058
1585740408
1585734539
1585719801
1585719615
1585717614
1585659136
1585630668
1585629806
1585573055
1585568666
1585558227
1585548534
1585548466
1585545921
1585545187
1585544668
1585544488
1585544410
1585543643
1585487870
1585486987
1585483883
1585483473
1585460557
1585460312
1585458259
1585457603
1585395409
1585381097
1585380984
1585370452
1585370341
1585370285
1585315984
1585312490
1585305386
1585286814
1585284121
1585284049
1585283892
1585283595
1585221201
1585210358
1585210113
1585199994
1585197549
1585197506
1585197087
1585196896
1585113590
1585113066
1585112668
1585112445
1585051765
1585035091
1585029595
1584969493
1584935053
1584881137
1584878644
1584854253
1584853154
1584845012
1584766448
1584766014
1584765591
1584764762
1584713935
1584705763
1584694732
1584681961
1584681568
1584623460
1584622962
1584619467
1584593308
1584539618
1584539415
1584536574
1584520916
1584520513
1584520041
1584519829
1584514486
1584493948
1584444871
1584442202
1584440874
1584432753
1584431360
1584420328
1584368254
1584360949
1584355303
1584346545
1584338041
1584280977
1584260118
1584259104
1584250837
1584250028
1584246987
1584186540
1584184806
1584169402
1584160315
1584100320
1584095682
1584088826
1584079326
1584071533
1584023900
1583999652
1583988007
1583934696
1583926020
1583925464
1583841133
1583817602
1583759708
1583752743
1583750147
1583723919
1583667619
1583653441
1583652789
1583642161
1583580460
1583579761
1583572057
1583560646
1583552276
1583504363
1583498969
1583498704
1583469210
1583410129
1583391381
1583391287
1583317788
1583297662
1583234784
1583215718
1583215509
1583158118
1583156805
1583149902
1583143019
1583122325
1583122157
1583122011
1583052591
1583040209
1583039209
1583039071
1582975820
1582955559
1582954100
1582953938
1582891185
1582889836
1582864280
1582864085
1582859072
1582810648
1582793262
1582779364
1582779200
1582716320
1582696812
1582686183
1582635634
1582604612
1582604299
1582600055
1582545152
1582523499
1582523399
1582516307
1582516062
1582515571
1582466587
1582432206
1582432061
1582352837
1582352523
1582257878
1582169258
1582169164
1582110594
1581999402
1581994234
1581994075
1581993880
1581915547
1581915023
1581914672
1581914056
1581868781
1581831020
1581772894
1581769895
1581737760
1581737663
1581737476
1581679830
1581675478
1581655451
1581654740
1581653765
1581568506
1581568291
1581561270
1581561182
1581480231
1581419891
1581390677
1581390481
1581389957
1581311996
1581311730
1581311468
1581248195
1581220363
1581175499
1581134982
1581077504
1581055930
1580979812
1580970948
1580969062
1580968949
1580962178
1580902555
1580878881
1580878730
1580788391
1580741272
1580720304
1580705846
1580700143
1580699166
1580653727
1580652909
1580644014
1580643459
1580624587
1580624293
1580565992
1580529428
1580529142
1580528815
1580528351
1580527989
1580477998
1580442772
1580378594
1580370113
1580351094
1580319124
1580281463
1580277256
1580220473
1580212392
1580198545
1580187274
1580185099
1580126024
1580125501
1580101611
1580101393
1580101079
1580100284
1580062398
1580039678
1580038819
1580010288
1580010029
1580007596
1580007160
1579952986
1579928667
1579928256
1579927931
1579870558
1579839619
1579839464
1579787283
1579751749
1579751504
1579747672
1579705560
1579666749
1579666121
1579663508
1579662705
1579662306
1579604694
1579600401
1579587651
1579583877
1579583614
1579582789
1579530166
1579528564
1579500989
1579500824
1579494202
1579493980
1579493637
1579489895
1579450307
1579444744
1579444494
1579421742
1579412715
1579367832
1579323842
1579318278
1579316056
1579315870
1579314844
1579267518
1579229932
1579229796
1579185290
1579149940
1579149714
1579149161
1579143922
1579143805
1579090739
1579087707
1579067878
1579056615
1579013165
1579012834
1579012736
1579012640
1578978065
1578937217
1578929297
1578927209
1578927083
1578927043
1578889114
1578888321
1578844600
1578837722
1578816337
1578813931
1578813461
1578807528
1578801931
1578801429
1578801114
1578800776
1578800449
1578753522
1578742586
1578741958
1578741795
1578717396
1578717214
1578716013
1578715601
1578715216
1578714793
1578710439
1578674388
1578665154
1578646435
1578634840
1578634698
1578586701
1578586533
1578586401
1578586319
1578577859
1578577596
1578548734
1578548278
1578544110
1578541728
1578541218
1578540935
1578540750
1578483283
1578482864
1578482292
1578472800
1578472522
1578472136
1578462734
1578460592
1578401801
1578398263
1578390862
1578380940
1578380493
1578376642
1578375063
1578312544
1578309996
1578291495
1578288945
1578288477
1578239993
1578224002
1578223726
1578206933
1578206801
1578206681
1578138485
1578137843
1578137340
1578137057
1578113467
1578113405
1578112837
1578111918
1578034401
1577794356
1577792761
1577791984
1577790900
1577678310
1577677778
1577676965
1577675783
1577541468
1577540984
1577194726
1577186301
1577185966
1577185583
1577162007
1577111470
1577090863
1577073714
1577073239
1576993273
1576992681
1576935169
1576928072
1576927714
1576927357
1576904206
1576903230
1576898504
1576898209
1576847883
1576727022
1576725982
1576647647
1576638258
1576591463
1576582367
1576581942
1576513056
1576481467
1576481012
1576437915
1576437214
1576437084
1576436924
1576341501
1576335771
1576244432
1576201285
1576082578
1576069966
1576052497
1576052352
1576049899
1576047889
1575948436
1575948229
1575947994
1575946691
1575889690
1575783641
1575783057
1575782559
1575734138
1575693286
1575692896
1575692578
1575692276
1575643237
1575642763
1575614928
1575564290
1575563899
1575560937
1575543413
1575527203
1575519063
1575471270
1575177399
1574834505
1574735956
1574571931
1574571500
1574571347
1574570591
1574570509
1574310758
1574310190
1574222123
1574221913
1574221732
1574220956
1573885274
1573884616
1573700229
1573615617
1573615041
1573529233
1573528994
1573528478
1573520971
1573287742
1573279696
1573279530
1573275817
1573195058
1573093874
1573010698
1573010445
1573010083
1572620542
1572515520
1572505227
1571828798
1571382568
1571123337
1571119277
1571027886
1571027225
1571027077
1571026898
1571026581
1570338026
1570337371
1570336847
1570187617
1570074316
1569947542
1569930098
1569909667
1569909171
1569908723
1569907929
1569821149
1569820529
1569578524
1569562605
1569561518
1569561030
1569396085
1569342013
1569304924
1569256769
1569256431
1569256119
1569253190
1569211107
1568879552
1568878807
1568878459
1568798566
1568798058
1568687143
1568672555
1568530600
1568530349
1568523472
1568522607
1568438916
1568438364
1568297501
1568293428
1568292785
1568292754
1568281721
1568267365
1568267190
1568266762
1568221737
1568210886
1568205743
1568205270
1568183825
1568183523
1568175292
1568111341
1568109840
1568109599
1568096202
1568095309
1568095161
1568047990
1568047627
1568047406
1568047154
1567855150
1567854406
1567854222
1567834709
1567776884
1567775836
1567763255
1567762595
1567520519
1567505870
1567449539
1567248095
1567244058
1567092617
1567073787
1566910432
1566901013
1566900119
1566647693
1566646402
1566454894
1566388028
1566371591
1566371087
1566370996
1566370707
1566321306
1566303669
1566214596
1566105471
1566104847
1566104729
1566104246
1566103591
1566103346
1566102847
1565022925
1565022800
1564893738
1564893180
1564892946
1564892779
1564892526
1564763483
1564761175
1564760686
1564760439
1564759880
1564641690
1564640180
1564575828
1564143198
1564030986
1563937715
1563930355
1563930241
1563541063
1563450911
1563450453
1562937793
1562937468
1562937292
1562937045
1562935912
1562935521
1562934780
1562934335
1562933522
1562933227
1562932903
1562847443
1562846874
1562845331
1562844932
1562844152
1562843813
1562843387
1562842766
1562842042
1562841531
1562841108
1562573925
1562573499
1562499185
1562498469
1562134906
1562134591
1562073973
1562066230
1562066049
1561983035
1561727205
1561726719
1561616918
1561616377
1561616036
1561612270
1561375390
1561269563
1561267675
1561267420
1561267238
1561266729
1561094163
1560945183
1560942925
1560942680
1560878870
1560878647
1559825619
1559734851
1559733003
1559732851
1559732048
1559731596
1559718863
1559529764
1559529597
1559529369
1559529107
1559528811
1559528468
1559359617
1559031631
1558703673
1558625603
1558596189
1558530909
1558244813
1558097556
1558097290
1558091200
1558062700
1558000686
1557939622
1557938452
1557903188
1557902871
1557741438
1557734543
1557734448
1557729551
1557729243
1557729046
1557630606
1557629863
1557629312
1557628957
1557594738
1557594249
1557576907
1557204306
1557204015
1557028725
1556781231
1556516148
1556332226
1556277692
1556209388
1556168954
1555991259
1555991041
1555989946
1555989421
1555847842
1555824165
1555822852
1555734439
1555649153
1555634693
1555375438
1555179640
1555037176
1555005043
1554958001
1554955982
1554954336
1554953974
1554898247
1554897832
1554857680
1554823892
1554745630
1554744907
1554637994
1554624191
1554550226
1554547684
1554547064
1554543010
1554542472
1554540219
1554522896
1554521308
1554438331
1554438049
1554437696
1554433698
1554378499
1554352529
1554123127
1553865630
1553844704
1553838610
1553573595
1553572653
1553571888
1553147886
1552995085
1552967508
1552965207
1552879967
1552851948
1552849943
1552814096
1552813746
1552811998
1552811618
1552811213
1552744623
1552708011
1552704367
1552662092
1552624415
1552622501
1552562482
1552536645
1552534356
1552533091
1552457315
1552391760
1552363350
1552362373
1552361420
1552317811
1552307223
1552274256
1552272063
1552199947
1552098355
1551973348
1551783139
1551780713
1551756747
1551756037
1551755475
1551717314
1551678867
1551669876
1551531270
1551436509
1551242288
1551241669
1551241613
1551091255
1550986833
1550984787
1550823855
1550751990
1550723748
1550722331
1550547840
1550546496
1550403405
1550388886
1550318288
1550317051
1550251144
1550229003
1550206066
1550123475
1550069481
1550068802
1550058278
1550028470
1549890684
1549889169
1549870361
1549801335
1549737451
1549712308
1549675654
1549606480
1549428925
1549428213
1549426696
1549424214
1549382620
1549342506
1549341798
1549340602
1549289800
1548940071
1548907688
1548849775
1548764135
1548762734
1548741972
1548741227
1548596359
1548567265
1548491408
1548491123
1548490624
1547967371
1547958178
1547874001
1547736806
1547724899
1547637000
1547566176
1547309020
1546918798
1546875445
1546602034
1546245441
1545971904
1545969932
1545797267
1545389096
1545388192
1545376105
1545186854
1545132068
1544985641
1544966574
1544965732
1544900686
1543926571
1543724734
1543564496
1543234488
1543113939
1543113684
1542951852
1542859605
1542859023
1542683884
1542592874
1542181940
1542181301
1542180954
1542165819
1542164759
1542040660
1541924654
1541919760
1541914097
1541913433
1541912517
1541583345
1541414607
1541191459
1541190592
1540956779
1540956045
1540955785
1540184804
1540122964
1539520757
1539519425
1539293538
1539293074
1539143181
1539141782
