1618281432
1618170168
1618165720
1618165164
1618114307
1618014917
1618014746
1618014521
1618014226
1618014057
1618013912
1617992341
1617992153
1617933832
1617933664
1617923663
1617838690
1617738114
1617738076
1617738026
1617737800
1617654853
1617568650
1617568375
1617510774
1617489442
1617417336
1617399026
1617329180
1617329011
1617328873
1617304051
1617258636
1617257148
1617254735
1617134887
1617057152
1617054661
1616965364
1616964760
1616957430
1616885370
1616880158
1616869430
1616799580
1616784920
1616775429
1616716058
1616698774
1616634113
1616626725
1616626520
1616544717
1616531002
1616523556
1616523213
1616521799
1616461781
1616443943
1616435916
1616368498
1616368463
1616363831
1616363542
1616363414
1616358269
1616357556
1616258263
1616258184
1616192093
1616182277
1616182157
1616123467
1616095492
1616089186
1616086865
1616042954
1616042764
1616042556
1616015909
1616012556
1616012526
1615921035
1615918830
1615918719
1615918500
1615875614
1615852950
1615852343
1615835078
1615833286
1615832499
1615832449
1615757629
1615750737
1615749011
1615748819
1615662940
1615577543
1615496332
1615494518
1615487790
1615485423
1615483018
1615441933
1615418632
1615408353
1615349366
1615318306
1615314052
1615313152
1615158783
1615010730
1614994544
1614993311
1614989928
1614881372
1614801716
1614748827
1614647436
1614628641
1614620548
1614543762
1614374958
1614299086
1614218591
1614107275
1614106795
1614056634
1614056506
1614055458
1614033042
1614025456
1613952847
1613937716
1613891022
1613881233
1613867716
1613846729
1613846580
1613789013
1613768557
1613676495
1613675662
1613669713
1613627307
1613591033
1613587551
1613586236
1613538247
1613537852
1613512322
1613510022
1613450814
1613450693
1613450538
1613352519
1613322326
1613263950
1613187849
1613186725
1613163200
1613152059
1612904273
1612731768
1612723514
1612649915
1612637419
1612589437
1612589400
1612580220
1612553962
1612553432
1612491634
1612463251
1612404860
1612398732
1612327260
1612326349
1612304622
1612291683
1612289647
1612212753
1612205794
1612047606
1612046732
1611980487
1611980020
1611979953
1611979506
1611810729
1611777713
1611773951
1611735598
1611709995
1611707976
1611690976
1611685561
1611685305
1611504582
1611341002
1611274484
1611255495
1611202691
1611202561
1611201988
1611201902
1611170100
1611118261
1611117988
1611112272
1611103612
1611096773
1611091516
1611080687
1611029828
1611026453
1610944305
1610935726
1610935653
1610935444
1610935260
1610852333
1610851356
1610755577
1610655398
1610652252
1610588281
1610571637
1610569138
1610568200
1610562753
1610515422
1610490216
1610483013
1610474352
1610425274
1610424141
1610336321
1610318260
1610318076
1610231311
1610159027
1610158929
1610158872
1610158789
1610151270
1609972163
1609961574
1609955409
1609955280
1609892301
1609892023
1609891300
1609891040
1609890709
1609882209
1609836573
1609780247
1609634870
1609547993
1609528781
1609528308
1609273567
1609173242
1609091064
1609062258
1609013302
1609012816
1609011128
1609007230
1609007125
1608946148
1608921352
1608919874
1608919304
1608915015
1608843522
1608763173
1608759409
1608677787
1608677508
1608659819
1608658560
1608570398
1608536826
1608498736
1608427506
1608408679
1608323460
1608322250
1608236870
1608192555
1608187852
1608187566
1608187382
1608177979
1608177301
1608142220
1608097107
1608074622
1608070770
1608052565
1607983834
1607895313
1607830885
1607830256
1607800757
1607800380
1607800325
1607757580
1607756404
1607754562
1607753569
1607748780
1607748525
1607734255
1607701205
1607541157
1607462875
1607402038
1607401840
1607401076
1607371171
1607318289
1607293388
1607211680
1607211253
1607118217
1607048376
1607047599
1607046863
1607046650
1607046318
1607046056
1607045899
1607035325
1606958588
1606950122
1606946626
1606936739
1606932691
1606845768
1606801614
1606782420
1606781218
1606717413
1606688121
1606688005
1606687612
1606687404
1606686863
1606686608
1606686429
1606590979
1606590238
1606540671
1606501389
1606499597
1606435746
1606432887
1606420090
1606416152
1606416096
1606348585
1606245474
1606177283
1606177215
1606144512
1606082249
1605980025
1605880207
1605818257
1605734416
1605733950
1605723216
1605721226
1605680091
1605674615
1605641133
1605640170
1605639955
1605635985
1605560217
1605559787
1605398982
1605398867
1605398621
1605397894
1605384033
1605314785
1605248050
1605247722
1605247553
1605212594
1605212301
1605153022
1605150207
1605124507
1605033600
1605024251
1604951048
1604940143
1604884720
1604861767
1604820613
1604689105
1604597264
1604519561
1604518545
1604515690
1604426435
1604365735
1604363964
1604277380
1604274345
1604269140
1604268852
1604264234
1604201807
1604201724
1604197157
1604189895
1604189395
1604188943
1604083004
1604002281
1603926846
1603916553
1603915745
1603908792
1603905130
1603746909
1603734756
1603734057
1603649103
1603648907
1603575427
1603561521
1603481254
1603476544
1603476216
1603400895
1603392692
1603392344
1603390807
1603390634
1603301990
1603263102
1603234296
1603230655
1603224905
1603223513
1603219618
1603162353
1603149760
1603149096
1603140217
1603131357
1603052614
1603045877
1602976005
1602972075
1602969600
1602967474
1602889926
1602880916
1602796364
1602796286
1602789679
1602717730
1602717314
1602710936
1602709857
1602709833
1602695278
1602617309
1602518627
1602518042
1602444838
1602444591
1602367402
1602357633
1602356914
1602356236
1602294767
1602281388
1602278954
1602272541
1602272296
1602272039
1602270656
1602192936
1602186460
1602184933
1602098913
1602098834
1602098426
1602091962
1602008204
1602007709
1601925696
1601922662
1601862440
1601831533
1601831050
1601769576
1601767183
1601748267
1601665268
1601664719
1601578045
1601577550
1601406113
1601406060
1601314514
1601313749
1601251983
1601251008
1601250466
1601247334
1601246379
1601243654
1601243213
1601242646
1601242609
1601156492
1601152083
1601078697
1601077210
1601064917
1601064233
1600996385
1600993178
1600979918
1600969704
1600968090
1600903910
1600903131
1600830200
1600816303
1600799873
1600794689
1600792487
1600735125
1600730278
1600720020
1600640804
1600640565
1600630425
1600542406
1600472263
1600471349
1600470986
1600451334
1600373327
1600366985
1600299996
1600203604
1600128188
1600124802
1600119365
1600117749
1600036929
1599961907
1599961671
1599941641
1599941296
1599861549
1599858654
1599857011
1599854087
1599853551
1599784929
1599784482
1599767880
1599764831
1599737289
1599732026
1599702817
1599700422
1599700224
1599700087
1599699894
1599693079
1599689633
1599688430
1599688294
1599687170
1599680776
1599677100
1599616664
1599612804
1599607800
1599599369
1599599135
1599593641
1599593597
1599431875
1599431707
1599420839
1599350845
1599350570
1599344716
1599340851
1599338862
1599338729
1599282724
1599261862
1599261575
1599253367
1599249256
1599248793
1599241887
1599239734
1599201352
1599200817
1599198521
1599184390
1599162446
1599108479
1599107873
1599107352
1599106819
1599106031
1599104767
1599097416
1599086500
1599084470
1599080757
1599033821
1599021649
1599002038
1599001831
1599001459
1599000074
1598998994
1598998462
1598992959
1598904749
1598863237
1598849549
1598815775
1598738488
1598735993
1598735656
1598735048
1598728489
1598728201
1598727676
1598669128
1598558709
1598503442
1598404508
1598404241
1598403728
1598403210
1598402439
1598388740
1598379862
1598342322
1598330242
1598324434
1598314222
1598232688
1598222707
1598124079
1598123929
1598111622
1598035908
1598031656
1598030862
1597993753
1597962776
1597956829
1597947525
1597945411
1597943986
1597943570
1597943331
1597885341
1597882833
1597860924
1597808070
1597798874
1597798379
1597700609
1597610071
1597553369
1597546399
1597544648
1597536293
1597527743
1597519774
1597437885
1597437592
1597434620
1597428691
1597424477
1597360256
1597283215
1597269147
1597197256
1597184043
1597114619
1597112965
1597108984
1597108685
1597051135
1597050188
1597020574
1596939185
1596919388
1596917748
1596849399
1596837915
1596769543
1596765488
1596765103
1596747474
1596685293
1596685026
1596684899
1596684747
1596684632
1596676553
1596675711
1596581520
1596577035
1596576076
1596569774
1596486845
1596486720
1596486254
1596416843
1596309957
1596267362
1596243070
1596226582
1596224822
1596147159
1596056460
1596056288
1596056134
1596055543
1596055293
1596055131
1596054406
1596054282
1596020890
1595985233
1595967419
1595905402
1595886356
1595808181
1595804804
1595795134
1595793962
1595714768
1595633273
1595633218
1595631383
1595631050
1595621046
1595582565
1595541154
1595539596
1595465381
1595364967
1595292515
1595290525
1595275147
1595192580
1595048741
1594927542
1594927498
1594927407
1594927272
1594927078
1594926967
1594926857
1594926796
1594926701
1594926550
1594845612
1594845544
1594782860
1594768833
1594679822
1594549870
1594534428
1594425528
1594330629
1594330234
1594330189
1594244738
1594152790
1594152191
1594085457
1593989260
1593973666
1593908663
1593908513
1593804108
1593803959
1593740505
1593739532
1593737167
1593723138
1593549614
1593480884
1593462141
1593459695
1593373668
1593312739
1593305853
1593197684
1593194730
1593130827
1593129939
1593125146
1593118306
1593117043
1593041544
1592946634
1592946523
1592851937
1592792338
1592701234
1592531083
1592494087
1592485873
1592439106
1592427505
1592427348
1592420467
1592419733
1592340022
1592291048
1592269667
1592255078
1592181267
1592160395
1592074864
1592073536
1591993687
1591905561
1591831337
1591824921
1591818955
1591736852
1591736584
1591666292
1591645485
1591620776
1591584125
1591564169
1591486562
1591474250
1590722005
1590721494
1590721043
1590506533
1590498888
1590463309
1590458584
1590438591
1590359127
1590350547
1590292070
1590260316
1590176277
1590099142
1590092604
1590092369
1590027281
1590008378
1589999991
1589999376
1589947305
1589858714
1589760164
1589747467
1589672812
1589667844
1589666819
1589664051
1589599448
1589599339
1589587774
1589587310
1589586846
1589579704
1589571193
1589509445
1589506597
1589490312
1589409817
1589399033
1589339265
1589318393
1589315388
1589311455
1589221723
1589221628
1589221448
1589218539
1589154711
1589154285
1589153702
1589152182
1589061199
1589054147
1589053308
1588963454
1588886129
1588808567
1588800172
1588792901
1588731040
1588730944
1588716929
1588716692
1588710692
1588707008
1588631675
1588614712
1588572699
1588555855
1588552359
1588542900
1588528405
1588471528
1588453042
1588452988
1588452883
1588379479
1588379208
1588373450
1588356928
1588356422
1588356338
1588280758
1588277219
1588206789
1588206381
1588126664
1588110509
1588104876
1588102267
1588041556
1588041529
1588033079
1588024547
1588011106
1587964673
1587964469
1587929337
1587893651
1587863975
1587861831
1587842732
1587841649
1587760678
1587691244
1587689174
1587668317
1587600908
1587600682
1587596969
1587591539
1587588994
1587587764
1587584838
1587579817
1587524836
1587499113
1587496014
1587420405
1587415498
1587363934
1587358263
1587253731
1587245962
1587243559
1587173061
1587162573
1587157273
1587148140
1587092480
1587091253
1587069203
1587066942
1587066683
1587065134
1587065080
1586997808
1586982689
1586921723
1586915809
1586911587
1586908365
1586907469
1586904343
1586901350
1586826715
1586811116
1586804992
1586748286
1586729804
1586667391
1586656685
1586640600
1586597939
1586594523
1586571048
1586569164
1586555628
1586555367
1586554790
1586488715
1586484855
1586476719
1586469082
1586464282
1586459361
1586424461
1586398177
1586394634
1586381505
1586374532
1586325118
1586318321
1586317568
1586317303
1586316836
1586289542
1586234227
1586228612
1586222628
1586215421
1586210910
1586202941
1586138142
1586137837
1586137456
1586116705
1586115678
1586044622
1586036614
1586036188
1586033579
1586011842
1585978081
1585943933
1585939532
1585883873
1585878543
1585868338
1585867401
1585861022
1585783394
1585777748
1585776434
1585769716
1585702764
1585692030
1585620507
1585604079
1585519477
1585519240
1585517400
1585464956
1585461341
1585461084
1585444839
1585434590
1585434525
1585433021
1585432707
1585359771
1585349010
1585346425
1585344099
1585289033
1585282183
1585264280
1585256910
1585250455
1585250331
1585185879
1585185629
1585181014
1585172147
1585159329
1585107958
1585091402
1585085683
1585074952
1585012487
1585011520
1584989506
1584951201
1584927058
1584917076
1584916312
1584844462
1584836741
1584831811
1584827753
1584823917
1584813046
1584742672
1584735315
1584682599
1584677718
1584659095
1584653717
1584649948
1584648771
1584606176
1584587053
1584562281
1584562214
1584562140
1584499855
1584489367
1584480305
1584474664
1584473389
1584419919
1584409301
1584389079
1584322901
1584310189
1584293967
1584292905
1584248372
1584235427
1584228635
1584209009
1584208970
1584165558
1584137609
1584128812
1584078238
1584045488
1584043728
1583976139
1583948846
1583948334
1583898170
1583871146
1583856516
1583789710
1583789134
1583774854
1583717629
1583609000
1583608312
1583573554
1583573255
1583510146
1583470759
1583455480
1583424039
1583366776
1583362261
1583295489
1583283388
1583260229
1583259096
1583258162
1583153399
1583110215
1583052839
1582997207
1582955168
1582931073
1582919176
1582918715
1582918668
1582864611
1582831780
1582825769
1582819807
1582766340
1582756445
1582751910
1582751679
1582750725
1582682306
1582652605
1582644301
1582643501
1582625268
1582623035
1582590316
1582515935
1582486517
1582485327
1582448786
1582406890
1582397837
1582396637
1582376752
1582367315
1582366997
1582318643
1582283149
1582281006
1582239209
1582238165
1582237429
1582200043
1582156039
1582155050
1582145002
1582054941
1581992836
1581973806
1581917563
1581912331
1581900568
1581896921
1581812963
1581812583
1581791161
1581710142
1581709965
1581651915
1581639450
1581627911
1581626532
1581560824
1581525819
1581525096
1581490923
1581458387
1581359120
1581357553
1581289545
1581224212
1581223954
1581212113
1581191911
1581191574
1581190801
1581117077
1581105607
1581099995
1581067023
1581047733
1581039706
1581038946
1581021419
1581014504
1580942682
1580935958
1580930380
1580929764
1580851893
1580845028
1580781115
1580755107
1580754933
1580699384
1580696088
1580690597
1580682351
1580676969
1580595327
1580589754
1580586214
1580585440
1580538474
1580536124
1580519426
1580511525
1580510118
1580508390
1580501278
1580461250
1580430562
1580429690
1580418159
1580352137
1580331013
1580323555
1580246511
1580240556
1580158619
1580065019
1580064431
1579999580
1579981881
1579931313
1579902641
1579855806
1579807581
1579735533
1579720445
1579649652
1579637004
1579552091
1579549017
1579484974
1579463888
1579451285
1579362134
1579312231
1579299746
1579296522
1579285679
1579205618
1579201612
1579125465
1579111921
1579062440
1579029713
1578957676
1578944514
1578941821
1578872111
1578858126
1578780943
1578780676
1578779956
1578766460
1578741238
1578687501
1578670573
1578623728
1578602003
1578591895
1578513941
1578476580
1578448154
1578426615
1578423116
1578423034
1578360975
1578352510
1578340462
1578257268
1578202580
1578174584
1578163293
1578104815
1578097565
1578095110
1578081577
1578023050
1577999282
1577996423
1577931573
1577915659
1577840977
1577819134
1577750071
1577734221
1577701626
1577659018
1577640216
1577584350
1577572181
1577562314
1577480551
1577419567
1577409982
1577384627
1577384454
1577328256
1577301895
1577289750
1577232387
1577217029
1577208524
1577174353
1577144020
1577120090
1577050829
1577042173
1577028845
1576987773
1576978807
1576955844
1576943278
1576908650
1576888416
1576861847
1576856092
1576787647
1576775554
1576713245
1576705024
1576692104
1576622764
1576620617
1576619706
1576617826
1576554174
1576531433
1576528826
1576444986
1576438112
1576382867
1576378589
1576374360
1576374081
1576300292
1576273281
1576256360
1576211480
1576187931
1576176071
1576095051
1576039551
1576024603
1576018649
1576007934
1576005849
1575916375
1575834618
1575751558
1575700617
1575672215
1575661335
1575597176
1575586489
1575573373
1575570760
1575566900
1575529610
1575466922
1575407033
1575389141
1575352488
1575330027
1575323870
1575323546
1575316152
1575315085
1575240227
1575205587
1575205039
1575161730
1575126295
1575045956
1575045369
1574997876
1574992395
1574987226
1574957812
1574890964
1574874435
1574830994
1574801985
1574791026
1574722827
1574698267
1574634374
1574632616
1574620198
1574535472
1574532432
1574453002
1574450133
1574444171
1574393706
1574393144
1574352918
1574294933
1574293241
1574281011
1574234759
1574212618
1574201304
1574194726
1574129729
1574121485
1574117962
1574107563
1574071343
1574070938
1574018537
1574018367
1573944839
1573942910
1573849247
1573838458
1573779334
1573760222
1573714158
1573702958
1573701028
1573635329
1573593121
1573591031
1573590225
1573585585
1573523764
1573516573
1573503957
1573498302
1573414615
1573409603
1573343905
1573329089
1573294918
1573242203
1573232637
1573170909
1573071296
1572971796
1572902652
1572898579
1572884632
1572850810
1572834605
1572819822
1572805045
1572803730
1572733833
1572717584
1572649443
1572646985
1572628368
1572569268
1572568846
1572550082
1572464447
1572464384
1572404675
1572392655
1572374677
1572326094
1572304556
1572293298
1572289293
1572238164
1572221584
1572211539
1572140575
1572120384
1572056238
1572048092
1572037389
1572033843
1572026053
1571959944
1571951355
1571947523
1571947215
1571885429
1571872511
1571865812
1571853689
1571788722
1571775428
1571774854
1571700671
1571696049
1571695776
1571686634
1571685953
1571681758
1571608447
1571600611
1571523218
1571518750
1571514067
1571429656
1571413944
1571380115
1571379069
1571378737
1571378369
1571372280
1571358224
1571344005
1571328153
1571283863
1571250468
1571249429
1571195446
1571193823
1571169228
1571169212
1571159541
1571155017
1571097441
1571092988
1571089856
1571089730
1571083106
1571026530
1571008345
1571007273
1570914802
1570914705
1570858542
1570800073
1570797075
1570796172
1570768113
1570762027
1570752649
1570735858
1570735120
1570734525
1570727352
1570676555
1570666458
1570660416
1570660216
1570651225
1570591380
1570578687
1570558823
1570553995
1570553813
1570552849
1570482625
1570482607
1570482500
1570473119
1570414349
1570400450
1570400170
1570388682
1570388481
1570330107
1570312115
1570303024
1570296572
1570245850
1570245398
1570216714
1570209086
1570135226
1570126104
1570111991
1570080220
1570079964
1570079626
1570053910
1570044485
1570043283
1570029484
1570019766
1569959639
1569958074
1569908002
1569871446
1569870308
1569862380
1569827297
1569786143
1569690425
1569627185
1569602762
1569595165
1569569325
1569524614
1569451806
1569437192
1569361379
1569340477
1569330382
1569278815
1569273067
1569259097
1569186202
1569174987
1569114680
1569013152
1569004015
1568996935
1568922805
1568910746
1568906169
1568862662
1568852517
1568833917
1568823897
1568766303
1568761167
1568659554
1568658565
1568610658
1568548090
1568420874
1568392650
1568342967
1568326579
1568321381
1568317507
1568264456
1568241132
1568236945
1568211740
1568169700
1568168807
1568149940
1568146577
1568131553
1568124962
1568071516
1568063746
1568058334
1567987872
1567969887
1567968251
1567950212
1567950100
1567895100
1567806338
1567648973
1567625547
1567622846
1567617464
1567616597
1567577802
1567548211
1567538191
1567500513
1567486431
1567485851
1567401940
1567395398
1567377374
1567347599
1567324334
1567305913
1567287779
1567231694
1567224785
1567223091
1567222512
1567208728
1567114430
1567111821
1567023558
1566987498
1566953856
1566922408
1566867366
1566854835
1566769853
1566764109
1566761725
1566758766
1566693689
1566674452
1566598056
1566540551
1566448011
1566400776
1566399619
1566363981
1566331215
1566330657
1566329031
1566328218
1566324575
1566286772
1566285932
1566280180
1566267108
1566167331
1566167165
1566163004
1566107144
1566086026
1566085533
1566080601
1566078271
1566064269
1566004252
1565986896
1565982473
1565970967
1565968566
1565896289
1565890773
1565890035
1565884848
1565878048
1565835679
1565834440
1565812949
1565804811
1565803071
1565793490
1565792822
1565788674
1565725962
1565724214
1565718189
1565664733
1565647610
1565647461
1565646216
1565641172
1565622994
1565567474
1565566937
1565561107
1565554266
1565542197
1565533342
1565494796
1565456997
1565417830
1565417467
1565417214
1565381718
1565336650
1565308234
1565305061
1565294188
1565248501
1565231238
1565230969
1565210615
1565206175
1565190758
1565122984
1565122096
1565121673
1565053704
1565053516
1565051728
1564944991
1564935613
1564935185
1564889950
1564875465
1564855046
1564840572
1564809205
1564802862
1564792175
1564790665
1564789809
1564768118
1564712294
1564692693
1564677372
1564671369
1564621452
1564590695
1564542676
1564425836
1564414195
1564347716
1564341472
1564338428
1564330721
1564291277
1564255385
1564251493
1564238933
1564182526
1564094738
1564075765
1563992006
1563989752
1563989171
1563988890
1563984879
1563941456
1563936490
1563906828
1563899492
1563899282
1563898971
1563898891
1563849070
1563764211
1563736761
1563711772
1563658085
1563555484
1563546198
1563516573
1563497465
1563478115
1563428965
1563428730
1563427646
1563403468
1563338655
1563314220
1563145771
1562993306
1562920875
1562729411
1562718214
1562610772
1562610072
1562606929
1562599398
1562597184
1562548892
1562528900
1562433912
1562430069
1562359568
1562300429
1562264022
1562226364
1562222545
1562171026
1562125020
1562107850
1562039248
1562023016
1562009530
1562009240
1562008826
1561932000
1561930385
1561816241
1561739667
1561735013
1561686341
1561655178
1561580610
1561579115
1561573758
1561566045
1561564914
1561564465
1561519025
1561518261
1561517435
1561507706
1561507213
1561476854
1561437621
1561431902
1561398475
1561395001
1561336507
1561230849
1561219991
1561137980
1561071480
1561050676
1561048292
1560965066
1560889752
1560886753
1560886576
1560882634
1560878625
1560873528
1560859349
1560835861
1560835611
1560819262
1560816123
1560798111
1560794287
1560788710
1560788585
1560781226
1560733314
1560696155
1560605855
1560581482
1560538940
1560534281
1560520520
1560460283
1560445244
1560444741
1560436609
1560436527
1560390237
1560377566
1560314078
1560313311
1560309768
1560277604
1560277258
1560273881
1560268414
1560267110
1560266006
1560265768
1560265568
1560212190
1560209776
1560111895
1560106188
1560094593
1559963400
1559963256
1559963208
1559917387
1559917284
1559916969
1559834404
1559833974
1559795524
1559793987
1559787814
1559757032
1559751695
1559715599
1559682960
1559678188
1559676118
1559625012
1559618874
1559618069
1559617891
1559617784
1559577896
1559544740
1559526063
1559497548
1559490126
1559487585
1559443715
1559442681
1559422311
1559396581
1559396484
1559396287
1559395305
1559395114
1559318088
1559289682
1559199002
1559156212
1559155910
1559094194
1559070947
1559009592
1559008147
1558970749
1558970131
1558925633
1558925162
1558905769
1558830786
1558814113
1558723110
1558672281
1558666369
1558666113
1558623500
1558619994
1558583585
1558583414
1558582993
1558579025
1558561132
1558542814
1558471534
1558447924
1558377298
1558329670
1558329534
1558300940
1558283897
1558239450
1558220433
1558220345
1558188888
1558154206
1558153988
1558142519
1558136542
1558122260
1558017782
1558016936
1557975500
1557936105
1557892573
1557886584
1557798131
1557797683
1557713222
1557702017
1557683455
1557683193
1557605561
1557605400
1557605303
1557596920
1557591336
1557558260
1557552759
1557539820
1557530274
1557460727
1557459483
1557424194
1557414955
1557414510
1557375849
1557292396
1557284914
1557282155
1557243551
1557201463
1557104628
1557103910
1557008418
1556992251
1556984652
1556945375
1556890298
1556889383
1556836201
1556822466
1556820566
1556763254
1556739981
1556730051
1556721265
1556651780
1556591603
1556588259
1556586889
1556560013
1556502169
1556502038
1556473748
1556471976
1556459494
1556457257
1556408180
1556407983
1556345192
1556344141
1556313035
1556311962
1556298743
1556281755
1556230587
1556228811
1556198344
1556130262
1556129764
1556129013
1556123524
1556123187
1556083476
1556070195
1556063449
1556062934
1556062406
1556061551
1556048271
1556047985
1556047550
1556046961
1556046616
1556046533
1556043725
1556043334
1555980795
1555976630
1555974803
1555974626
1555951837
1555890525
1555887321
1555887237
1555887094
1555886988
1555886798
1555886654
1555878356
1555824095
1555821340
1555809460
1555808069
1555787562
1555776403
1555772546
1555766635
1555745119
1555736432
1555732706
1555732454
1555731676
1555708899
1555707407
1555688868
1555687191
1555684712
1555652437
1555635887
1555634889
1555633766
1555633599
1555562202
1555557227
1555555661
1555554706
1555551578
1555548244
1555533985
1555533257
1555470935
1555437957
1555436134
1555432225
1555429802
1555427804
1555427588
1555427317
1555427165
1555425118
1555385221
1555374658
1555368617
1555352439
1555352272
1555352058
1555337203
1555293484
1555291354
1555290797
1555290277
1555289865
1555280459
1555279721
1555278947
1555278664
1555278078
1555277439
1555272650
1555261925
1555261110
1555260167
1555212903
1555105248
1555100894
1555099231
1555081983
1555081026
1555075580
1555030546
1555027207
1555019879
1555019734
1555019298
1555019040
1555013961
1555009859
1555003746
1555002724
1554947634
1554942672
1554942436
1554933856
1554914371
1554910940
1554870223
1554865554
1554864226
1554862062
1554843963
1554829663
1554829257
1554823063
1554813155
1554812656
1554777941
1554768767
1554768438
1554764577
1554735717
1554734277
1554734044
1554732757
1554732061
1554731823
1554725926
1554725042
1554694191
1554661599
1554661040
1554660922
1554603805
1554587122
1554586797
1554505295
1554498650
1554498183
1554497979
1554491111
1554445338
1554428238
1554427959
1554410017
1554409286
1554361280
1554360856
1554356895
1554354680
1554351569
1554351013
1554343637
1554342516
1554307962
1554259048
1554237044
1554230985
1554220145
1554213723
1554171272
1554171020
1554170803
1554170322
1554159613
1554159287
1554100955
1554100473
1554055607
1553967302
1553919813
1553905624
1553896115
1553835264
1553835046
1553833592
1553832479
1553827036
1553826422
1553710521
1553710234
1553661223
1553655050
1553654951
1553653304
1553631217
1553616038
1553553057
1553551810
1553550733
1553488612
1553488547
1553488392
1553471859
1553440334
1553413954
1553393617
1553300738
1553286121
1553285878
1553266293
1553228811
1553221729
1553219938
1553199438
1553198203
1553194081
1553189221
1553186184
1553179984
1553178187
1553177807
1553177287
1553122431
1553122098
1553121965
1553118036
1553096860
1553057198
1553057006
1553055767
1553055591
1553055275
1553029144
1552969546
1552963836
1552927911
1552876123
1552875867
1552850871
1552795731
1552794172
1552745951
1552710778
1552709140
1552706259
1552705869
1552695553
1552695189
1552694165
1552693724
1552692794
1552675349
1552628284
1552587578
1552586030
1552581342
1552576714
1552576140
1552510331
1552500842
1552499898
1552483719
1552448202
1552445721
1552415819
1552413613
1552397215
1552358034
1552355566
1552322124
1552262339
1552249574
1552233798
1552186886
1552160824
1552160324
1552153347
1552145419
1552115368
1552112746
1552112549
1552111782
1552110919
1552083193
1552071698
1552059151
1552058451
1552056578
1552027836
1551997045
1551996595
1551982899
1551982374
1551982026
1551981672
1551974461
1551974223
1551967464
1551942872
1551942580
1551936877
1551901877
1551901455
1551900323
1551891125
1551814519
1551806454
1551795419
1551794985
1551754704
1551737560
1551736189
1551734285
1551710425
1551707993
1551705875
1551670766
1551579561
1551505561
1551502764
1551502364
1551448886
1551394540
1551362181
1551361730
1551327486
1551239896
1551231223
1551231085
1551230923
1551123153
1551122955
1551118241
1551115915
1551115756
1551106807
1551031778
1551031529
1551031318
1550966286
1550965977
1550965219
1550964793
1550964137
1550963711
1550866076
1550855929
1550809189
1550808389
1550807835
1550801889
1550783917
1550699705
1550634239
1550632386
1550632218
1550629113
1550628821
1550595107
1550588634
1550514166
1550464700
1550458412
1550455938
1550455566
1550455245
1550455046
1550454655
1550454372
1550453850
1550453621
1550429518
1550428817
1550428367
1550360465
1550253123
1550197121
1550172847
1550160419
1550154545
1550121564
1550117684
1550116629
1550113736
1550111104
1550089365
1550074535
1550073413
1550072360
1550029583
1550029326
1550006887
1550005492
1549947351
1549942423
1549925073
1549864331
1549864034
1549863759
1549863648
1549863511
1549863335
1549826174
1549819953
1549729534
1549654345
1549653924
1549653614
1549653221
1549641584
1549641013
1549630543
1549607041
1549598447
1549566942
1549514585
1549486789
1549486582
1549486141
1549485755
1549475496
1549467358
1549402895
1549401942
1549335986
1549256200
1549253169
1549252586
1549240888
1549151362
1549151066
1549142928
1549086552
1549076889
1549052983
1549052612
1548997522
1548997164
1548996802
1548995859
1548995038
1548994762
1548994337
1548994067
1548992587
1548949426
1548948746
1548904837
1548875789
1548820947
1548797373
1548779277
1548776807
1548769619
1548736840
1548633431
1548632699
1548632105
1548631821
1548631455
1548624249
1548623973
1548577098
1548576634
1548575944
1548575680
1548575483
1548574550
1548574435
1548573872
1548474600
1548453653
1548453564
1548449150
1548434916
1548431540
1548397761
1548396032
1548395695
1548394531
1548394344
1548394132
1548394003
1548384669
1548384512
1548367136
1548365194
1548364815
1548362472
1548361920
1548344434
1548300278
1548274683
1548273998
1548273206
1548270990
1548268597
1548267932
1548263622
1548263220
1548259785
1548180054
1548179773
1548179192
1548172073
1548171878
1548126215
1548116894
1548046123
1548045705
1548044730
1548043993
1548043751
1548035786
1548034886
1548018374
1547946189
1547854138
1547789982
1547789786
1547789667
1547787925
1547785023
1547784757
1547784552
1547783401
1547772984
1547772432
1547768106
1547767546
1547751651
1547696998
1547696642
1547696471
1547611736
1547609515
1547608345
1547607258
1547528976
1547509570
1547506452
1547505284
1547505097
1547497188
1547494185
1547492886
1547491495
1547479947
1547441032
1547440850
1547440493
1547438982
1547438763
1547437286
1547437162
1547436865
1547436702
1547422371
1547414695
1547360952
1547354220
1547353385
1547352443
1547351988
1547351643
1547349288
1547348336
1547346636
1547346572
1547346457
1547346342
1547346176
1547345935
1547344149
1547343967
1547343700
1547343548
1547343129
1547342471
1547342295
1547329781
1547328405
1547327638
1547327290
1547263573
1547263009
1547262445
1547220616
1547216105
1547169392
1547144493
1547144279
1547143899
1547143450
1547136924
1547089627
1547068027
1547003935
1546979608
1546979136
1546971314
1546970505
1546965270
1546964215
1546917407
1546917107
1546877625
1546817198
1546804635
1546804138
1546803570
1546802853
1546756480
1546752685
1546752032
1546751826
1546731599
1546668826
1546654577
1546654274
1546652938
1546628041
1546561684
1546498797
1546498664
1546493456
1546492387
1546490322
1546480994
1546480756
1546402586
1546394386
1546392055
1546391558
1546385170
1546375576
1546242089
1546240580
1546201007
1546200150
1546200064
1546199935
1546198758
1546124132
1546123692
1546122719
1546058718
1546027000
1546026849
1546026742
1545970243
1545969634
1545951775
1545898604
1545891632
1545891447
1545891351
1545890739
1545890402
1545887991
1545887797
1545881790
1545864150
1545796220
1545779334
1545758713
1545750934
1545750574
1545748520
1545698565
1545698383
1545698008
1545679821
1545678893
1545678436
1545677933
1545677442
1545634440
1545633732
1545609398
1545600769
1545599540
1545598777
1545598205
1545586566
1545556186
1545548897
1545545024
1545524224
1545447176
1545374231
1545372741
1545321424
1545284072
1545283415
1545283135
1545282666
1545282018
1545281411
1545233546
1545200005
1545197290
1545196840
1545158391
1545150543
1545101439
1545059370
1545057173
1545056644
1545056307
1544994648
1544910833
1544851421
1544844263
1544842841
1544798607
1544760759
1544715607
1544713630
1544712970
1544674423
1544648631
1544640212
1544620022
1544562033
1544542832
1544498279
1544465640
1544465071
1544464550
1544456564
1544455828
1544415730
1544415513
1544414540
1544414263
1544413738
1544413033
1544403145
1544398296
1544393807
1544392321
1544389752
1544324945
1544310722
1544310545
1544292629
1544248824
1544232788
1544212751
1544212438
1544212157
1544206030
1544200366
1544148504
1544148113
1544147983
1544147726
1544147276
1544122105
1544111361
1544069174
1544041549
1544040193
1543984973
1543984431
1543984159
1543957367
1543941152
1543939047
1543857924
1543852809
1543795005
1543787391
1543786783
1543719207
1543675176
1543637740
1543637112
1543612245
1543612178
1543612007
1543611892
1543611695
1543608645
1543599199
1543550758
1543550518
1543549240
1543501151
1543497589
1543416082
1543415113
1543412551
1543412360
1543409480
1543378622
1543377681
1543377001
1543346812
1543346214
1543335429
1543334466
1543331985
1543329057
1543328974
1543328865
1543328754
1543328624
1543294097
1543294025
1543293622
1543261582
1543247108
1543246716
1543246194
1543204830
1543204088
1543203673
1543203478
1543203386
1543203059
1543202929
1543202800
1543189383
1543189294
1543189203
1543124677
1543124349
1543124142
1543123826
1543123702
1543123502
1543089327
1543089096
1543085326
1543085068
1543078992
1543018134
1543017601
1543016306
1543016171
1542957036
1542954134
1542953968
1542950701
1542923827
1542920584
1542901069
1542864636
