1618253569
1618165244
1618161332
1617998657
1617916477
1617903203
1617821919
1617816214
1617746133
1617741150
1617731736
1617571046
1617552793
1617475219
1617467591
1617301122
1617225855
1617208721
1617132306
1616864982
1616780277
1616773084
1616688111
1616609707
1616521376
1616349604
1616204592
1616173287
1616009284
1615908822
1615740683
1615663400
1615408341
1615398361
1615310650
1615233509
1615154211
1615143712
1615059315
1614970887
1614884734
1614811773
1614719277
1614542914
1614365385
1614277264
1614114814
1614111871
1614029839
1614027880
1613852569
1613848564
1613765423
1613596029
1613590904
1613506589
1613341852
1613336032
1613322698
1613266487
1613168018
1613160062
1613074634
1612997397
1612991698
1612728735
1612644446
1612563577
1612558945
1612385221
1612211226
1612049139
1611948260
1611871105
1611860852
1611778579
1611695004
1611687552
1611603991
1611430354
1611262366
1611169807
1611087155
1611081816
1611006873
1610826067
1610820952
1610666175
1610575689
1610571809
1610565741
1610228372
1610061413
1610053275
1609971992
1609966484
1609879921
1609713384
1609704164
1609452120
1609441465
1609375844
1609370562
1609272363
1609014949
1608849007
1608842267
1608761299
1608755577
1608663655
1608417157
1608412072
1608404067
1608322619
1608236172
1608156071
1608151541
1608143866
1608065213
1607976253
1607891776
1607879876
1607814043
1607639221
1607546512
1607458229
1607379877
1607288956
1607202207
1607109926
1607024304
1606969961
1606862626
1606854836
1606767668
1606689367
1606673810
1606590042
1606507738
1606500752
1606324161
1606164157
1605985705
1605899269
1605823302
1605728695
1605642591
1605556659
1605388985
1605298638
1605290080
1605211256
1605208235
1605127845
1605032034
1604880855
1604875532
1604768400
1604698007
1604604170
1604431490
1604426258
1604276039
1604188387
1604079533
1603995027
1603826861
1603770652
1603644941
1603567550
1603473720
1603406393
1603396549
1603230281
1603133266
1603126559
1602971434
1602954312
1602868115
1602787220
1602701765
1602535826
1602363577
1602360877
1602270769
1602180325
1602099875
1602097786
1602003381
1601921412
1601839718
1601837574
1601754902
1601663418
1601595557
1601402103
1601306071
1601236333
1601154605
1600966267
1600896175
1600888809
1600794945
1600731875
1600725097
1600538875
1600456608
1600381526
1600375659
1600295848
1600215177
1600207228
1600120430
1599956224
1599869963
1599867031
1599781542
1599771705
1599703600
1599700331
1599596023
1599591306
1599527768
1599422179
1599417680
1599347443
1599289278
1599274970
1599257115
1599184181
1599094454
1599007057
1598986232
1598759747
1598664928
1598656588
1598582057
1598576313
1598483277
1598476575
1598328264
1597809148
1597719521
1597535095
1597534757
1596603145
1595982228
1595976005
1595799552
1594163961
1593987083
1593714721
1593674336
1593471237
1593226605
1592037229
1591942025
1591919059
1591731834
1591652400
1591508327
1590646602
1589675551
1588653631
1588374769
1588284175
1588043361
1588038187
1587862960
1587623127
1587181963
1587091182
1587083499
1586569547
