1617905707
1617762985
1617746335
1617471241
1617455337
1617411765
1617216458
1616983951
1616976906
1616907722
1616899724
1616806247
1616805204
1616621037
1616621012
1616561936
1616557240
1616295794
1616284805
1616040806
1616028551
1615924803
1615763036
1615594237
1615407908
1615405256
1615140601
1614888310
1614644834
1614644577
1614644271
1614129298
1613940159
1613793660
1613675215
1613531998
1613531483
1613531257
1613508724
1613254064
1613254010
1613223665
1613170808
1613071913
1612916711
1612816601
1612746807
1612640538
1612563092
1612490050
1612460187
1612410291
1612408851
1612057053
1611972129
1611971788
1611865593
1611798094
1611286178
1611285569
1611032872
1610924107
1610923555
1610323194
1610242794
1610238784
1610056773
1609987860
1609987180
1609635327
1609634719
1609031044
1609001460
1608930356
1608754030
1608608008
1608607172
1608606440
1608571299
1608518925
1608485661
1608484824
1608484510
1608433948
1608419602
1608418794
1608406177
1608091544
1608068401
1607567375
1607554654
1607477365
1607038946
1607031886
1606967147
1606939366
1606848678
1606843348
1606805863
1606702784
1606687157
1606521443
1606512668
1606456002
1606449167
1606163773
1606113524
1606084812
1606039140
1605683359
1605648641
1605592118
1605591666
1605563287
1605482180
1605292547
1605239048
1605224911
1605135126
1604954836
1604857591
1604742799
1604733287
1604716535
1604425330
1604075234
1603998437
1603936815
1603936026
1603842099
1603733714
1603651556
1603589533
1603498758
1603404860
1603362227
1603231844
1603171508
1603094458
1603062206
1602992550
1602990507
1602990402
1602434406
1602333597
1602246529
1602164184
1602142784
1602142548
1602114948
1602114787
1602106162
1602016753
1602016351
1601931033
1601920416
1601885532
1601516043
1601497682
1601497043
1601405623
1601405041
1601099998
1601078598
1601060403
1601002342
1600995237
1600994712
1600988804
1600966335
1600965936
1600834124
1600570092
1600388876
1600368905
1600036775
1599851451
1599767058
1599686646
1599617767
1599606891
1599523708
1599257372
1599256416
1599250553
1599180222
1599179527
1599135079
1599101885
1599098338
1599086239
1598994230
1598993432
1598839334
1598826216
1598648361
1598600820
1598593447
1598588009
1598586783
1598579848
1598559074
1598499847
1598407939
1598381984
1598379238
1598254090
1598110653
1598106623
1598105584
1597991495
1597969388
1597861865
1597813868
1597709736
1597702985
1597702708
1597702366
1597702101
1597591679
1597561184
1597363721
1597347092
1597279449
1597279159
1597190950
1597178116
1597142035
1597102922
1597095110
1597094693
1597094333
1597090793
1597087748
1596993804
1596965979
1596933032
1596932938
1596909898
1596846070
1596845673
1596744218
1596744036
1596743914
1596661648
1596652323
1596553275
1596552144
1596485505
1596485293
1596484855
1596417607
1596364711
1596160477
1596159918
1596159182
1595999878
1595911268
1595909647
1595892431
1595891146
1595886535
1595712804
1595702783
1595610774
1595554417
1595445639
1595371035
1595368939
1595353008
1595276445
1595214776
1595121059
1595012043
1595008704
1595002133
1595000381
1594950391
1594931169
1594780784
1594779794
1594704401
1594611532
1594520032
1594506345
1594497274
1594433070
1594426851
1594394027
1594339361
1594332673
1594321033
1594309352
1594239195
1594237202
1594160604
1594159952
1594159394
1594143159
1594142346
1594070887
1594060129
1594059760
1593970857
1593882632
1593882290
1593878640
1593848934
1593723683
1593706900
1593554236
1593480156
1593473569
1593470929
1593462274
1593455862
1593354666
1593199387
1593183549
1593183188
1593129207
1593110526
1593086879
1593080081
1593035799
1593034460
1593022583
1593003784
1592980756
1592979101
1592943733
1592929893
1592819792
1592642794
1592641477
1592546031
1592543905
1592529921
1592529678
1592438749
1592362304
1592360239
1592356187
1592344029
1592214097
1592213679
1592104340
1592088622
1591980799
1591946360
1591924087
1591907131
1591839885
1591759980
1591759381
1591575613
1591499743
1591417216
1590809396
1590716028
1590698277
1590610375
1590466232
1590280213
1590193348
1590169191
1590138652
1590086435
1589933973
1589807044
1589765934
1589756383
1589585872
1589572559
1589542790
1589484284
1589370788
1589316796
1589245319
1589189206
1589187077
1589158530
1589069444
1588990715
1588987725
1588799193
1588713301
1588675549
1588631916
1588630910
1588561517
1588367029
1588272389
1588223888
1588205878
1588133933
1588105537
1588007786
1587933548
1587931645
1587832815
1587692357
1587661759
1587579123
1587503261
1587487461
1587399741
1587318423
1587251004
1587227203
1587208689
1587208185
1587145477
1587132283
1587077383
1586884983
1586794016
1586709102
1586408690
1586407888
1586303528
1586054783
1585832816
1585597704
1585456190
1585404109
1585397209
1585365527
1585301485
1585265251
1585193880
1585106366
1584861417
1584651453
1584516019
1584349933
1584307385
1584263011
1584156561
1584135234
1583738159
1583440463
1583231107
1583180640
1583103351
1582795463
1582705300
1582702184
1582548066
1582404618
1582256962
1581971144
1581969002
1581914981
1581840919
1581713001
1581649291
1581442726
1581347424
1581281379
1580831782
1580690557
1580680864
1580429908
1580289733
1580111306
1580108418
1579947646
1579862543
1579821577
1579599624
1579585524
1579427832
1579257691
1579224895
1578904142
1578867027
1578804873
1578729455
1578644939
1578584700
1578584528
1578547730
1578252279
1578172325
1577830246
1577652464
1577362427
1577098760
1576982195
1576734035
1576569156
1576440773
1576440427
1576369300
1576095588
1575951157
1575853656
1575661466
1575352781
1575147471
1574921732
1574629241
1574354349
1574253850
1574026752
1574026455
1573862164
1573719443
1573599697
1573462924
1573324137
1573168708
1573048518
1573015328
1572929363
1572823024
1572647982
1572368771
1572097601
1572046453
1572036096
1571934616
1571925910
1571851548
1571818456
1571631430
1571336829
1571270934
1571168062
1571031446
1570837639
1570727181
1570587929
1570505977
1570209819
1570160743
1570150891
1570052389
1569860224
1569742605
1569644462
1569600755
1569397177
1569305063
1569212391
1569083907
1569038773
1568940955
1568840118
1568693907
1568619944
1568562794
1568427898
1568413603
1568321106
1568225220
1568094228
1568050219
1567983750
1567914849
1567766075
1567726618
1567713677
1567662685
1567638422
1567571506
1567544424
1567496090
1567434031
1567431099
1567390577
1567276732
1567266792
1567208947
1567123291
1567084461
1567037590
1567034332
1566959467
1566946808
1566873753
1566786545
1566581830
1566581633
1566495559
1566339874
1566183945
1566000683
1565995026
1565934207
1565903387
1565883178
1565755851
1565658109
1565577905
1565224653
1565156058
1565142217
1565056440
1564706754
1564459402
1564260715
1564215487
1563634885
1563417182
1563328442
