1618266345
1618265076
1618257453
1618187427
1618187278
1618033821
1617998697
1617850892
1617732236
1617731486
1617729488
1617510780
1617479665
1617217312
1617212536
1617131015
1617080552
1617059788
1616976828
1616974263
1616969898
1616824820
1616824366
1616824107
1616823531
1616700462
1616545499
1616545480
1616532778
1616442237
1616367198
1616362912
1616095577
1616027904
1616013368
1616010569
1615844364
1615831825
1615518829
1615415191
1615315714
1615311894
1615174978
1615165753
1614995953
1614989636
1614968870
1614968779
1614802817
1614798855
1614660742
1614638975
1614638692
1614637398
1614539288
1614479142
1614478860
1614477568
1614390292
1614377227
1614376794
1614214229
1614181216
1614025155
1613953723
1613854514
1613599776
1613599476
1613599023
1613513381
1613512476
1613437924
1613263098
1613257157
1613162511
1613088618
1613000495
1612997480
1612922282
1612733727
1612481300
1612471119
1612470803
1612384498
1612382687
1612380316
1612210885
1611974467
1611857725
1611785532
1611633527
1611632014
1611342023
1611175959
1611175311
1611174200
1611101258
1610754937
1610743393
1610587960
1610575842
1610491596
1610485277
1610390992
1610226921
1610226715
1610158835
1610141258
1610061398
1610058911
1609962135
1609912790
1609874316
1609874276
1609872138
1609431677
1609286940
1609023061
1608923324
1608841692
1608840645
1608667729
1608429511
1608429394
1608325493
1608321678
1608253224
1608238173
1608184839
1608151196
1607921218
1607732247
1607312648
1607207279
1607206988
1607206021
1607105202
1607017385
1606980333
1606935489
1606932992
1606872041
1606855734
1606854883
1606774453
1606762238
1606701728
1606700207
1606521894
1606520527
1606427393
1606346064
1606253525
1606162369
1606161706
1606161664
1606161262
1606099360
1606099223
1606098859
1606098726
1606085976
1606084532
1606084413
1606074322
1606069617
1605999565
1605910395
1605907551
1605905898
1605904717
1605727652
1605655190
1605655033
1605654865
1605636486
1605563755
1605388182
1605316379
1605302717
1605288572
1605219348
1605219296
1604860427
1604860305
1604786417
1604706644
1604705486
1604596107
1604439653
1604429723
1604423084
1604385576
1604369764
1604369025
1604216444
1604187491
1604172730
1604084624
1604078570
1604018247
1603987688
1603936241
1603919719
1603828537
1603821717
1603821373
1603820922
1603765524
1603683441
1603644281
1603521920
1603519564
1603490753
1603469510
1603401823
1603394464
1603382501
1603313988
1603303105
1603260392
1603243669
1603243457
1603226284
1603225583
1603225478
1603142878
1603136638
1603136515
1603059498
1602980719
1602958633
1602890935
1602874073
1602873836
1602792685
1602791866
1602732285
1602715688
1602715291
1602696645
1602614409
1602610940
1602311243
1602308736
1602289530
1602281262
1602281172
1602261177
1602212722
1602185000
1602184298
1602121831
1602104501
1602011235
1601969233
1601957360
1601930277
1601917295
1601748995
1601739562
1601739375
1601693205
1601494732
1601490620
1601489620
1601485709
1601485262
1601421442
1601420996
1601395901
1601324723
1601321713
1601311072
1601160886
1601159277
1601081123
1601061580
1601059284
1601058467
1601014778
1600994979
1600988597
1600965319
1600894575
1600879250
1600879076
1600819092
1600818367
1600803087
1600802057
1600721112
1600715547
1600707481
1600654563
1600649242
1600543345
1600451634
1600451085
1600368711
1600284074
1600203982
1600137944
1600124985
1600124853
1600124147
1600110107
1600108696
1599929450
1599922420
1599780607
1599776880
1599762646
1599762313
1599758753
1599755377
1599686734
1599607870
1599603584
1599598470
1599596440
1599584453
1599550702
1599433943
1599345901
1599252378
1599246563
1599242196
1599185512
1599164591
1599164401
1599164351
1599163299
1599158297
1599154013
1599079160
1599051869
1599025552
1598993539
1598978734
1598922487
1598921967
1598893462
1598835690
1598813941
1598813394
1598675520
1598660462
1598645336
1598635593
1598575138
1598510139
1598475622
1598470797
1598464848
1598460888
1598401992
1598401577
1598397479
1598394934
1598373048
1598317810
1598294202
1598293460
1598238684
1598237651
1598163111
1598162660
1598149254
1598130050
1598025999
1597986855
1597986637
1597986119
1597950077
1597943405
1597910276
1597909533
1597899887
1597879857
1597872788
1597863748
1597786599
1597768546
1597696144
1597672082
1597654276
1597626818
1597622691
1597602007
1597601698
1597474999
1597420978
1597419636
1597364974
1597353350
1597283750
1597210556
1597206347
1597183133
1597038825
1597028256
1596929368
1596914510
1596829597
1596815564
1596813973
1596748735
1596666958
1596649232
1596578492
1596564991
1596495085
1596491616
1596491446
1596486361
1596486175
1596422527
1596419048
1596413807
1596412079
1596296363
1596296304
1596296262
1596296142
1596296081
1596295913
1596295842
1596289971
1596232981
1596210964
1596210528
1596209547
1596208767
1596152330
1596139524
1596137158
1596075975
1596053239
1596052898
1596048639
1596044541
1595983250
1595962956
1595956652
1595952872
1595879129
1595812997
1595795120
1595777728
1595704971
1595694474
1595693822
1595483547
1595376258
1595376071
1595368956
1595290245
1595140376
1595134539
1595134148
1595008403
1595004972
1594933754
1594916898
1594875815
1594710489
1594710433
1594707981
1594594795
1594496377
1594452451
1594451687
1594449243
1594425260
1594420525
1594143488
1594107788
1594093747
1594059614
1593843279
1593841689
1593829977
1593632608
1593629566
1593626493
1593622648
1593581493
1593561852
1593547437
1593543667
1593539267
1593407415
1593291118
1593225346
1593205422
1593198619
1593197097
1593194476
1593160082
1593144929
1593109342
1593109063
1593045784
1593044659
1593033151
1592947067
1592946477
1592866417
1592854767
1592851696
1592851381
1592850376
1592848074
1592847972
1592796319
1592690260
1592682315
1592680794
1592680686
1592510087
1592508235
1592507858
1592420817
1592361789
1592360607
1592350709
1592349811
1592335921
1592335102
1592244836
1592244664
1592244358
1592194039
1592166798
1592094478
1592081163
1592026102
1591985016
1591984896
1591984824
1591984714
1591812756
1591812414
1591807476
1591807358
1591807296
1591764791
1591763944
1591748621
1591746040
1591652052
1591651109
1590869723
1590820206
1590788832
1590773818
1590688591
1590636709
1590626433
1590603522
1590530340
1590519776
1590518236
1590518111
1590450615
1590375111
1590257793
1590185092
1590173366
1590109858
1589991431
1589858924
1589857342
1589852743
1589820464
1589819317
1589813660
1589789161
1589755835
1589754909
1589740731
1589700659
1589690363
1589688069
1589604972
1589591580
1589565661
1589482333
1589473754
1589473011
1589423071
1589403123
1589396449
1589394310
1589394074
1589393274
1589392767
1589351747
1589322355
1589322280
1589320796
1589307929
1589301626
1589297858
1589262198
1589248352
1589221443
1589218272
1589215301
1589071824
1588977624
1588965092
1588962934
1588962325
1588881772
1588871541
1588869841
1588869466
1588861050
1588805122
1588785196
1588740340
1588725580
1588724952
1588724166
1588686884
1588615401
1588611220
1588610506
1588556138
1588535530
1588534646
1588455399
1588347930
1588342075
1588273117
1588272389
1588186305
1588011024
1588007040
1588006361
1587938312
1587938115
1587852630
1587842355
1587837935
1587788394
1587773733
1587772130
1587760776
1587749956
1587749321
1587749247
1587739861
1587641815
1587640699
1587640517
1587588480
1587577374
1587529901
1587525664
1587504547
1587495636
1587394585
1587390601
1587390367
1587318336
1587317557
1587317278
1587278468
1587275206
1587265769
1587263450
1587254594
1587254227
1587242342
1587233567
1587231994
1587230374
1587143678
1587062159
1587060495
1587056263
1587054755
1587052443
1587052382
1587014827
1586973343
1586972631
1586966894
1586961094
1586842266
1586841910
1586804208
1586803999
1586799411
1586798129
1586797563
1586717560
1586715795
1586715547
1586715457
1586647021
1586645599
1586639435
1586639255
1586627702
1586627507
1586627281
1586627080
1586530932
1586529535
1586478900
1586477188
1586449220
1586448626
1586447787
1586398056
1586381347
1586362954
1586362253
1586362049
1586322952
1586322167
1586321119
1586320238
1586280591
1586277514
1586277266
1586277154
1586230158
1586190570
1586190135
1586189736
1586189609
1586189432
1586146041
1586145215
1586105043
1586048946
1586027309
1586026922
1586025643
1586025545
1585935703
1585931000
1585930050
1585870286
1585870047
1585858336
1585858226
1585844821
1585844679
1585806397
1585768159
1585762054
1585688540
1585688315
1585686852
1585685897
1585683734
1585675841
1585672034
1585671937
1585598911
1585589337
1585544617
1585510072
1585509897
1585429940
1585422964
1585342717
1585342095
1585336431
1585326627
1585326135
1585326040
1585325967
1585325762
1585325692
1585287136
1585272518
1585260967
1585254636
1585252562
1585240585
1585240245
1585237048
1585205153
1585176901
1585176698
1585176569
1585175898
1585151775
1585132727
1585132065
1585119034
1585104372
1585100421
1585099955
1585094818
1585076756
1585076322
1585070966
1585070727
1585069495
1585069178
1585022784
1585004195
1584992323
1584992012
1584988404
1584980659
1584953968
1584952947
1584922871
1584919954
1584916464
1584916206
1584912752
1584904288
1584875555
1584874732
1584874461
1584873737
1584852313
1584852133
1584844575
1584843785
1584836221
1584825569
1584825058
1584824697
1584778046
1584776524
1584776356
1584776221
1584774170
1584769868
1584768701
1584752869
1584739448
1584730965
1584686952
1584678223
1584677869
1584664720
1584663336
1584661638
1584658955
1584607132
1584606067
1584605843
1584603118
1584602827
1584595794
1584587078
1584566786
1584563491
1584563293
1584561883
1584561437
1584556070
1584510053
1584508674
1584495931
1584487978
1584487650
1584481120
1584480844
1584426812
1584417494
1584411780
1584392298
1584391964
1584391324
1584391138
1584337703
1584330402
1584314387
1584313281
1584311644
1584299318
1584299084
1584295776
1584245195
1584133899
1584133688
1584133300
1584127581
1584123651
1584122944
1584064616
1584047258
1584047116
1584033158
1583945287
1583943538
1583943280
1583891683
1583866487
1583857765
1583857185
1583854751
1583854374
1583814708
1583812560
1583811784
1583791345
1583771636
1583771536
1583771138
1583769863
1583769508
1583626676
1583609047
1583608513
1583597550
1583597214
1583597009
1583595746
1583595644
1583549332
1583548593
1583547933
1583441060
1583440932
1583435586
1583428732
1583428369
1583343758
1583262515
1583260202
1583208357
1583207441
1583045396
1583044085
1583002766
1583002611
1582978685
1582976152
1582915623
1582908936
1582908812
1582828099
1582781957
1582697170
1582686337
1582686095
1582679622
1582669310
1582661894
1582660078
1582650947
1582650533
1582613988
1582603792
1582590672
1582524584
1582498004
1582485548
1582485255
1582483676
1582483159
1582480613
1582480320
1582477976
1582475120
1582427154
1582426973
1582422519
1582395009
1582394768
1582393834
1582393681
1582240008
1582228226
1582220265
1582220165
1582218817
1582208280
1582206978
1582184437
1582066673
1582066649
1582066620
1582056722
1582054765
1582051351
1581896801
1581896722
1581896082
1581894493
1581889087
1581878269
1581873989
1581825647
1581803186
1581787832
1581787565
1581723277
1581645232
1581624604
1581624265
1581538274
1581537729
1581537417
1581537261
1581537128
1581451030
1581400832
1581390704
1581390476
1581390375
1581387436
1581364923
1581364730
1581362924
1581362050
1581361963
1581303898
1581300003
1581226040
1581184098
1581181116
1581179691
1581179225
1581138388
1581134309
1581115713
1581102627
1581102508
1581049440
1581023006
1581022918
1581019417
1581019204
1581018002
1580929074
1580928445
1580917303
1580916912
1580863361
1580846721
1580841366
1580836880
1580834567
1580833039
1580710312
1580709846
1580676104
1580666604
1580625238
1580591440
1580591386
1580583303
1580577693
1580575647
1580574559
1580574110
1580523081
1580522855
1580522395
1580497743
1580494473
1580491773
1580420201
1580416687
1580410947
1580410764
1580402338
1580389277
1580363905
1580328058
1580326415
1580318069
1580271185
1580260185
1580254877
1580254833
1580232730
1580232119
1580231671
1580231228
1580189625
1580189202
1580188283
1580165362
1580159849
1580159615
1580149597
1580149519
1580149341
1580100107
1580021005
1579995150
1579982536
1579975987
1579975698
1579911187
1579887835
1579887153
1579881796
1579860088
1579822032
1579821891
1579755588
1579735406
1579729990
1579729906
1579729811
1579729593
1579724785
1579659679
1579638963
1579637099
1579583437
1579578633
1579576514
1579560932
1579554094
1579499075
1579498781
1579497355
1579473027
1579471088
1579463083
1579411934
1579407029
1579406919
1579406669
1579363650
1579319731
1579314896
1579308323
1579307955
1579293072
1579242790
1579242278
1579240767
1579240701
1579235936
1579218037
1579210378
1579136110
1579136081
1579122635
1579120314
1579066885
1579059556
1579009204
1579009108
1579008994
1579001130
1579000873
1579000397
1579000230
1578999870
1578979201
1578962584
1578962353
1578935038
1578934921
1578934540
1578933688
1578886723
1578886224
1578883105
1578866980
1578853739
1578853606
1578773789
1578767806
1578766079
1578765388
1578764031
1578763871
1578763641
1578761728
1578720482
1578718677
1578718393
1578693244
1578677008
1578676748
1578676325
1578676062
1578674454
1578674140
1578671630
1578599144
1578598589
1578498273
1578496557
1578496278
1578438716
1578433178
1578433016
1578430562
1578327137
1578326051
1578325814
1578325495
1578214705
1578196254
1578193146
1578185931
1578184426
1578183431
1578179530
1578170828
1578081489
1578020142
1578017912
1578017459
1578012551
1578007735
1577942161
1577939887
1577924189
1577923917
1577917630
1577914845
1577911918
1577911797
1577909099
1577858982
1577835340
1577834214
1577829853
1577827298
1577778530
1577757077
1577741166
1577739518
1577738513
1577738307
1577738210
1577736358
1577735734
1577667702
1577594052
1577588758
1577587538
1577572318
1577569216
1577565690
1577563954
1577560884
1577514142
1577510149
1577478877
1577478762
1577416490
1577408566
1577406354
1577403998
1577402497
1577394769
1577394503
1577392995
1577389722
1577311009
1577306754
1577306093
1577305985
1577262422
1577221379
1577221088
1577220943
1577218274
1577218170
1577168914
1577051839
1577051766
1577051697
1577003779
1576976615
1576968365
1576967596
1576960609
1576956715
1576956430
1576956252
1576902506
1576876136
1576874677
1576874205
1576873727
1576873505
1576873322
1576826262
1576825465
1576820667
1576819899
1576798500
1576797907
1576795884
1576793240
1576792937
1576748231
1576745002
1576724275
1576693098
1576692913
1576692597
1576692356
1576692053
1576686993
1576685263
1576685175
1576685090
1576643304
1576642928
1576634288
1576633759
1576633328
1576630727
1576627660
1576627411
1576614511
1576610191
1576592484
1576568939
1576563627
1576562727
1576546128
1576531050
1576530854
1576526737
1576450075
1576443851
1576380724
1576364581
1576354399
1576333616
1576307399
1576303944
1576272366
1576269076
1576268967
1576268735
1576268455
1576221375
1576182993
1576099278
1576036765
1576036416
1576024146
1576015176
1576014205
1576012577
1575935755
1575935275
1575827658
1575777319
1575760400
1575758084
1575755189
1575729513
1575727964
1575725570
1575725391
1575680633
1575679126
1575677665
1575676712
1575610175
1575610055
1575577647
1575567745
1575565926
1575565223
1575527291
1575527128
1575454794
1575450644
1575449610
1575439947
1575438504
1575345547
1575331191
1575329950
1575326600
1575318669
1575318361
1575318323
1575263769
1575262690
1575237253
1575236634
1575236168
1575172129
1575119112
1575069967
1575057951
1575045430
1574992998
1574963567
1574962649
1574915352
1574915109
1574809120
1574808908
1574804882
1574800974
1574788195
1574786548
1574736538
1574649399
1574649177
1574564806
1574538765
1574530532
1574523137
1574477549
1574473713
1574458985
1574449660
1574399548
1574389103
1574287975
1574165082
1574046833
1574024157
1574021904
1573960319
1573950231
1573949867
1573879891
1573753471
1573694464
1573679732
1573679356
1573596266
1573530757
1573511962
1573506034
1573416217
1573415517
1573414951
1573412354
1573411752
1573331463
1573325601
1573250890
1573226265
1573224661
1573224159
1573178025
1573177015
1573174212
1573012640
1573003933
1573003584
1572918319
1572895376
1572880816
1572738909
1572728984
1572727957
1572727246
1572724765
1572664675
1572570381
1572539783
1572481807
1572461161
1572398616
1572397250
1572232056
1572230654
1572217846
1572211700
1572211605
1572208886
1572131800
1572131464
1572099312
1572059290
1572058788
1572036984
1572026192
1572024689
1571939155
1571856731
1571790196
1571774406
1571758462
1571756819
1571709794
1571598511
1571598332
1571579888
1571527598
1571473527
1571472507
1571471918
1571430212
1571429884
1571402205
1571367261
1571366713
1571358753
1571358400
1571351646
1571289677
1571288913
1571287328
1571100357
1571098522
1571098270
1571071374
1570992737
1570992577
1570918543
1570917489
1570916899
1570897639
1570897279
1570892695
1570839151
1570832045
1570831262
1570829342
1570829222
1570683403
1570667397
1570658284
1570654282
1570588078
1570557979
1570554232
1570458716
1570416533
1570413707
1570411844
1570411392
1570373342
1570283330
1570238637
1570238522
1570228555
1570154277
1570153978
1570153732
1570153496
1570145431
1570136494
1570129567
1569982448
1569972482
1569896141
1569887168
1569866961
1569865222
1569862461
1569857138
1569769716
1569769121
1569559992
1569342974
1569342642
1569324114
1569266029
1569263251
1569263091
1569207022
1569200408
1569186460
1569166144
1569165904
1568766988
1568766748
1568520937
1568509652
1568480436
1568425936
1568422325
1568403537
1568301722
1568251913
1568167126
1568152446
1568152074
1568075710
1567966303
1567963138
1567953397
1567952934
1567952783
1567952607
1567873268
1567819489
1567819242
1567736565
1567727190
1567681798
1567635316
1567564963
1567550164
1567512896
1567505899
1567481541
1567475727
1567461762
1567373847
1567357647
1567314631
1567313688
1567292680
1567273194
1567268987
1567222436
1567208478
1567196074
1567181176
1567133603
1567097083
1567041977
1567034706
1567031645
1567015781
1567015001
1567011894
1566965634
1566965409
1566960745
1566929720
1566898693
1566897985
1566895851
1566878155
1566875853
1566841142
1566839588
1566831056
1566830904
1566783046
1566755129
1566753774
1566752581
1566752234
1566714098
1566710746
1566709547
1566707106
1566705356
1566705317
1566700403
1566698542
1566698423
1566698281
1566698188
1566698123
1566684186
1566677398
1566670726
1566664714
1566621928
1566621362
1566621172
1566620767
1566620530
1566620337
1566596039
1566528837
1566528710
1566525780
1566523589
1566494693
1566478818
1566447467
1566433232
1566424294
1566367575
1566353577
1566317899
1566295437
1566293206
1566226989
1566168167
1566167951
1566161405
1566143171
1566108076
1566106106
1566103121
1566088608
1566078726
1566053755
1565908336
1565830679
1565729217
1565721507
1565663868
1565562071
1565561967
1565552417
1565460987
1565460651
1565460318
1565409854
1563230242
1560926869
1559225671
