1618104634
1618019093
1618012337
1617305228
1617245536
1617152380
1616719685
1616094224
1616035793
1615747213
1615665472
1615430477
1615412580
1615331521
1614993699
1614643067
1614556454
1614455385
1614384505
1614206641
1614203781
1614036185
1613531237
1613524771
1613253917
1613228904
1613148354
1613098926
1612903072
1612476782
1612391756
1612303671
1612243328
1612223098
1612133894
1612068094
1611801731
1611784635
1611773274
1611758475
1611721901
1611691163
1611620611
1611618935
1611617289
1611587209
1611513700
1611450234
1611440337
1611325070
1611101071
1611087152
1611025692
1610595199
1610590690
1610572221
1610497060
1610483270
1610228668
1609973282
1609888618
1609818185
1609803524
1609716837
1609622652
1609560628
1609383314
1609365667
1609288983
1609258132
1609189736
1608837882
1608760451
1608684789
1608673582
1608599897
1608426389
1608171797
1608158365
1607980645
1607963459
1607805850
1607744342
1607735802
1607725201
1607643542
1607566742
1607542595
1607474267
1607473979
1607462862
1607442992
1607358183
1607357400
1607202794
1607129060
1607128224
1607099143
1607050500
1607046821
1606960248
1606948346
1606919790
1606856665
1606856603
1606595340
1606576076
1606342347
1606319752
1606259871
1606254790
1605991815
1605930406
1605930160
1605822099
1605661873
1605578601
1605393331
1605303304
1605031166
1604964127
1604543275
1604535945
1604451628
1604364059
1604346146
1604334903
1604109647
1603934467
1603841764
1603651913
1603500034
1603328743
1603153679
1602980494
1602914247
1602910417
1602894236
1602538321
1602381880
1602277693
1602170224
1602010560
1601682480
1601509740
1601486783
1601342333
1601324124
1601251551
1601181998
1601065915
1601047061
1600958558
1600898620
1600875455
1600834846
1600748721
1600703746
1600662208
1600662083
1600640484
1600462746
1600352676
1600305819
1600184915
1600099535
1599351873
1599336998
1599336064
1599239026
1599164604
1599162834
1599084804
1599053254
1598728401
1598715199
1598658019
1598654004
1598652575
1598314413
1598312692
1598310207
1598309067
1598309015
1598308965
1597506273
1597505352
1597450161
1597425401
1597254171
1597173580
1597113353
1597106251
1597095605
1596923734
1596921316
1596919774
1596914569
1596670951
1596660972
1596487803
1596260203
1596240291
1596231141
1596224578
1596058998
1596057066
1595965631
1595964377
1595705291
1595703063
1595653025
1595652995
1595649253
1595368786
1595366947
1595363150
1595277086
1595103741
1595023337
1595018626
1594845506
1594696579
1594680809
1594679311
1594677975
1594475091
1594332309
1594252493
1594069025
1593821325
1593728874
1593728012
1593649905
1593648958
1593639927
1593554599
1593295087
1593295041
1593294985
1593289985
1593212809
1593210199
1593145105
1593124429
1593041588
1592944739
1592872586
1592865978
1592709765
1592684281
1592610009
1592430662
1592264416
1592263118
1592238233
1591925404
1591921634
1591843008
1591836380
1591764593
1591648525
1591632907
1591630046
1591538031
1591460874
1591405291
1591382762
1591367091
1591219357
1591046508
1591033102
1590693795
1590690054
1590452777
1590186441
1590015400
1589904012
1589836959
1589826800
1589820049
1588212037
1588180007
1588005720
1586540496
1586531090
1585584282
1585063906
1584800324
1584737253
1584582840
1584399182
1584396332
1583597483
1583365978
1580490000
1579963042
1579874952
1579700852
1579530076
1579529318
1579130756
1578926722
1578668027
1578550368
1578497341
1577717504
1577204692
1576998980
