1618245180
1618190330
1617922430
1617756559
1617482122
1617411012
1617233923
1617154156
1616889153
1616720897
1616626579
1616544951
1616448021
1616374721
1616279534
1616204731
1616100310
1615931805
1615688340
1615510472
1615419110
1615256181
1615249766
1615160855
1615062381
1614975261
1614972510
1614905887
1614810441
1614468263
1614383697
1614366949
1614301695
1614293451
1613778270
1613692984
1613626501
1613598835
1613523668
1613500655
1613426780
1613412849
1613332003
1613265059
1613205800
1613182225
1613094369
1613092639
1613005532
1612985007
1612836142
1612667332
1612579565
1612575691
1612401703
1612394569
1612310896
1612233307
1612228906
1612143398
1612139191
1612135865
1611979270
1611897134
1611712622
1611617776
1611530774
1611277769
1611172942
1611098227
1611094358
1611015540
1610937263
1610844808
1610844437
1610758887
1610661825
1610585827
1610565531
1610390231
1610330217
1610155935
1610067287
1610065244
1609980616
1609822184
1609801697
1609711634
1609473015
1609378804
1609364870
1609291169
1609126635
1609100999
1608912842
1608854340
1608850121
1608843135
1608766174
1608593483
1608514623
1608422722
1608236005
1608082226
1607993563
1607913137
1607906470
1607839092
1607821614
1607737584
1607732629
1607713289
1607563822
1607561201
1607313381
1607230783
1607220777
1607218738
1607130591
1607110103
1607059510
1607048678
1607041287
1607027584
1606964045
1606959975
1606860319
1606852373
1606699515
1606693884
1606603068
1606518416
1606340409
1606249537
1606181092
1606173483
1606092078
1606012040
1605999106
1605914660
1605830052
1605829281
1605743679
1605641514
1605576282
1605486188
1605124017
1605055687
1604953765
1604880635
1604794231
1604779303
1604711697
1604706021
1604606953
1604455253
1604425730
1604256558
1604250886
1604104769
1604088081
1603857275
1603839960
1603757681
1603698263
1603668028
1603591832
1603499803
1603410761
1603394801
1603326310
1603132993
1602807910
1602625850
1602462257
1602380298
1602285139
1602182507
1602180486
1602109142
1601935899
1601859381
1601771812
1601686329
1601676310
1601591816
1601509441
1601422812
1601412432
1601332130
1601256358
1601255532
1601085332
1601072732
1600997357
1600907204
1600825555
1600811448
1600808566
1600802754
1600733550
1600557764
1600473245
1600213203
1600206627
1600128810
1600124885
1600042877
1599948846
1599782084
1599707209
1599615538
1599532355
1599530738
1599344268
1599250085
1599243491
1599170393
1599072682
1599009432
1598925226
1598912295
1598907869
1598841028
1598757306
1598744202
1598662207
1598639440
1598581664
1598550223
1598458454
1598317635
1598233630
1598142181
1597970387
1597891236
1597884951
1597782425
1597709358
1597698286
1597603753
1597589122
1597525079
1597444911
1597364191
1597358717
1597288383
1597201388
1597105663
1597023477
1597021481
1596945114
1596925465
1596860260
1596849370
1596847058
1596845501
1596774247
1596766326
1596765071
1596760877
1596759478
1596674445
1596672172
1596596537
1596587677
1596505585
1596501082
1596491632
1596417766
1596412229
1596408852
1596331489
1596165779
1596153374
1596077197
1595978561
1595898950
1595807108
1595726169
1595645724
1595640101
1595620165
1595554899
1595469329
1595373975
1595370544
1595299773
1595210773
1595192055
1595125463
1595043428
1594940420
1594868854
1594858901
1594776455
1594676836
1594604583
1594520112
1594518819
1594342291
1594258650
1594163799
1594088386
1594004099
1593916959
1593821159
1593748880
1593730655
1593655621
1593559883
1593554651
1593475535
1593474139
1593472681
1593383358
1593218493
1593216522
1593051171
1592947439
1592940651
1592875693
1592788448
1592518460
1592414182
1592358635
1592087429
1592005913
1592004946
1591751111
1590889290
1590882459
1590796335
1590714335
1590703186
1590628257
1590625341
1590603019
1590532383
1590455326
1590448315
1590444697
1590371947
1590370358
1590365912
1590364255
1590363133
1590361608
1590361273
1590257440
1590194304
1590012890
1590012490
1589594844
1589414857
1589411894
1589250180
1589246576
1588381823
1588292064
1588202162
1588116169
1588100983
1587948731
1587944518
1587866659
1587688852
1587686913
1587593229
1587522854
1587349087
1587344224
1587172224
1587084833
1587001213
1586994504
1586735779
1586656071
1586466587
1586388226
1586212039
1586043041
1585693868
1585691491
1585690373
1585352917
1585256575
1585002977
1584578018
1583964163
1583788168
1583191580
1583124627
1582928221
1582592085
1582483999
1582322075
1582238071
1582085388
1582081480
1582014312
1581818449
1581816531
1581458831
1581380407
1580942153
1580356951
1578256413
1578183996
1577837023
1577819944
1577811668
1577470225
1577378683
1577255573
1577222282
1577136882
1577045624
1576957819
1576955149
1576631897
1576463528
1576282294
1576204307
1575952000
1575948721
1575615217
1575145883
1575071878
1574966128
1574825166
1574815467
1573679462
1573603296
1573170213
1572997938
1572898380
1572393565
1572312694
1572289785
1572029036
1571679789
1571599653
1571595103
1571090253
1570907927
1570839544
1570823259
1570750981
1570560837
1570491174
1570483622
1570467255
1570396837
1570293098
1570243320
1570048477
1570031856
1569960806
1569799795
1569799610
1569717016
1569627380
1569185231
1569035206
1568768991
1568435755
1568071889
1567361049
1566788289
1566524279
1566509889
1566431071
1566358374
1566254792
1566250550
1566249330
1566161757
1566161043
1566053201
1565900762
1565890691
1565890080
1565805746
1565716790
1565491896
1565395024
1565322529
1565304392
1565302857
1565135376
1564528125
1564524821
1564426017
1564423501
1564265328
1564247672
1563854831
1563123723
1563122374
1563061810
1563056448
1563050201
1562952892
1562894635
1562535422
1562529146
1562526799
1562523091
1562444732
1562443057
1562370083
1562183642
1562009781
1561918696
1561649265
1561562238
1561561211
1561560118
1561239146
1561228243
1561056717
1561044722
1561043004
1560974992
1560974439
1560886561
1560795088
1560721865
1560713791
1560710693
1560382939
1558821360
1558717731
1555818766
1555734651
1554679973
