1618236252
1618148994
1618139720
1618067633
1617989005
1617892427
1617821244
1617802259
1617716764
1617622795
1617551755
1617474950
1617451590
1617375309
1617289736
1617198443
1617112202
1617103374
1617031291
1617017300
1616927217
1616864159
1616844728
1616778127
1616752594
1616676963
1616606690
1616582421
1616518516
1616424486
1616411107
1616343363
1616245312
1616162417
1616082129
1616000808
1615902908
1615881135
1615810520
1615720235
1615667308
1615652424
1615562543
1615492917
1615467704
1615399099
1615381635
1615296854
1615215336
1615118621
1615062050
1615037325
1614974143
1614869321
1614857058
1614707679
1614626760
1614613282
1614601212
1614530011
1614452278
1614441319
1614372778
1614356276
1614342893
1614282478
1614273704
1614260948
1614197903
1614193681
1614191751
1614100268
1614093498
1614080723
1614037708
1614008637
1613932012
1613824208
1613762357
1613743934
1613669828
1613580325
1613500535
1613402472
1613395984
1613317738
1613303953
1613249971
1613223583
1613151296
1613070241
1613051479
1612987739
1612957687
1612943104
1612897169
1612877519
1612813906
1612727748
1612698781
1612642633
1612610703
1612547810
1612468882
1612452921
1612367508
1612275787
1612195268
1612118688
1612114335
1612019591
1611945340
1611839034
1611755879
1611587352
1611510545
1611410989
1611408761
1611321941
1611316485
1611236521
1611150313
1611141766
1611069335
1611003965
1610995667
1610971940
1610916487
1610908123
1610881803
1610827488
1610821950
1610813115
1610802050
1610791997
1610706825
1610633263
1610553051
1610539963
1610480053
1610456083
1610387760
1610372877
1610284061
1610280911
1610198245
1610106488
1610036926
1610024277
1610014358
1609945962
1609936216
1609932332
1609847434
1609788269
1609770702
1609767008
1609679645
1609616092
1609595917
1609524383
1609505376
1609500029
1609436478
1609338920
1609253909
1609245121
1609174299
1609072959
1608983324
1608972982
1608906560
1608803536
1608737156
1608651108
1608560562
1608542354
1608462628
1608454287
1608388846
1608302625
1608214764
1608125948
1608056148
1608032843
1607974479
1607960400
1607860946
1607802909
1607772128
1607696149
1607623652
1607609027
1607516928
1607437534
1607419761
1607347725
1607250086
1607181340
1607106367
1607097085
1606994759
1606931158
1606849516
1606736613
1606674362
1606570523
1606474908
1606402294
1606236804
1606162381
1606138343
1606065721
1605983484
1605962886
1605888156
1605867285
1605796409
1605721046
1605708683
1605645808
1605622179
1605539930
1605458040
1605447879
1605367985
1605357767
1605282578
1605273825
1605194936
1605099192
1605037022
1605016883
1604991246
1604922365
1604837270
1604767732
1604673900
1604604978
1604589757
1604499000
1604431265
1604344442
1604248726
1604065296
1604058237
1604002368
1603973561
1603909206
1603892072
1603827641
1603724960
1603657614
1603615935
1603538361
1603466878
1603391921
1603376838
1603365474
1603298410
1603279948
1603222426
1603112684
1603037274
1603021138
1602947854
1602877325
1602793253
1602783291
1602767786
1602687445
1602603954
1602516718
1602489959
1602445424
1602358792
1602342582
1602246998
1602184914
1602170751
1602160780
1602082121
1602070676
1602004628
1601996484
1601924282
1601915706
1601816504
1601738595
1601719348
1601656679
1601640951
1601567615
1601493237
1601472109
1601390802
1601375826
1601321300
1601212165
1601206466
1601134325
1601058629
1601047104
1600875193
1600863120
1600790385
1600722949
1600700062
1600606528
1600528599
1600454011
1600372311
1600357983
1600282551
1600256576
1600195853
1600098847
1600080855
1599996708
1599945023
1599940475
1599934409
1599908568
1599767043
1599737566
1599684291
1599678869
1599670171
1599668851
1599583904
1599562339
1599500759
1599491511
1599430390
1599394515
1599331684
1599306813
1599235905
1599233685
1599167411
1599058963
1599034936
1598984530
1598910697
1598895017
1598807359
1598789905
1598735108
1598713929
1598636903
1598607738
1598531261
1598460315
1598373914
1598279856
1598214513
1598202940
1598119044
1598095001
1598019595
1597949476
1597869762
1597861856
1597851095
1597759560
1597693679
1597674008
1597592009
1597510080
1597501284
1597428076
1597418251
1597394616
1597333460
1597246882
1597221707
1597181918
1597081908
1597072377
1596997605
1596984912
1596973334
1596904614
1596814539
1596792614
1596727555
1596674193
1596645205
1596564765
1596480594
1596392233
1596369693
1596294197
1596205767
1596123171
1596026404
1595970592
1595968633
1595862409
1595765504
1595517002
1595354604
1595257016
1595154605
1594991252
1594911962
1594809379
1594740071
1594651723
1594573156
1594484387
1594394192
1594306681
1594218183
1594134193
1594046808
1593967623
1593877110
1593790073
1593704785
1593606940
1593593902
1593510363
1593436395
1593369217
1593343758
1593272900
1593178081
1593104472
1593010507
1592930179
1592847285
1592777667
1592738785
1592677659
1592656106
1592580852
1592506968
1592484451
1592433087
1592425211
1592386936
1592327544
1592252421
1592221560
1592160812
1592130145
1592061359
1592049968
1591982710
1591971599
1591957586
1591904292
1591897527
1591889772
1591811634
1591794681
1591724418
1591716392
1591618689
1591545201
1591476447
1591455293
1591389425
1591358230
1591294259
1591287198
1591266839
1591211762
1591195378
1591119774
1591110518
1591032575
1590956200
1590929183
1590873524
1590854841
1590774699
1590696986
1590673627
1590601120
1590589227
1590500927
1590425710
1590334185
1590268010
1590237921
1590184259
1590174724
1590077034
1590011788
1589981795
1589900846
1589838212
1589817246
1589730031
1589724510
1589636817
1589581133
1589482677
1589465677
1589383932
1589318450
1589295160
1589224563
1589200581
1589126156
1589116103
1589037280
1589025961
1588964357
1588946384
1588929047
1588872533
1588779328
1588774461
1588700798
1588692868
1588607425
1588538532
1588512440
1588431589
1588359955
1588345206
1588326333
1588260342
1588251206
1588174025
1588128002
1588106720
1588089251
1588016598
1588003899
1587987570
1587949673
1587913698
1587910111
1587838721
1587829155
1587824668
1587748805
1587741277
1587731572
1587686485
1587678104
1587657287
1587648399
1587606730
1587571267
1587551636
1587497047
1587488613
1587406773
1587396716
1587305926
1587294427
1587232126
1587211259
1587200636
1587157097
1587134251
1587064766
1587053019
1587043345
1587031459
1586976996
1586963497
1586949828
1586910131
1586805874
1586788056
1586769668
1586689801
1586638674
1586616772
1586605246
1586509828
1586445745
1586385375
1586355587
1586293485
1586285553
1586260841
1586182446
1586123033
1586107581
1586097615
1586032960
1585950514
1585934141
1585837684
1585826113
1585787857
1585751606
1585641788
1585574618
1585563796
1585488680
1585412175
1585380774
1585327767
1585315729
1585230678
1585149762
1585075141
1585037789
1584977721
1584964412
1584926021
1584888294
1584873683
1584816977
1584794323
1584737242
1584699286
1584641540
1584627692
1584552020
1584543242
1584526156
1584456410
1584434028
1584391685
1584385370
1584302569
1584274417
1584217529
1584130425
1584116360
1584051801
1584031484
1583964182
1583943319
1583861992
1583851996
1583835717
1583764461
1583696361
1583669908
1583577832
1583516001
1583496843
1583487181
1583422150
1583348461
1583331629
1583239472
1583160135
1583149875
1583058247
1582913715
1582843925
1582816110
1582807114
1582743740
1582736441
1582647881
1582633556
1582627044
1582559164
1582538764
1582405384
1582402945
1582380673
1582311333
1582218308
1582214780
1582141329
1582127664
1582122013
1582041021
1581960379
1581950965
1581872757
1581794846
1581694985
1581608211
1581545534
1581519584
1581371405
1581367293
1581245556
1581240717
1581183984
1581086619
1580988977
1580912533
1580853576
1580822574
1580736257
1580680973
1580663806
1580658053
1580552766
1580483212
1580479815
1580470614
1580333475
1580314615
1580241552
1580207585
1580132939
1580117304
1580058130
1579875586
1579817763
1579795799
1579723995
1579709771
1579703026
1579619389
1579606665
1579513416
1579447531
1579430839
1579357559
1579283435
1579268236
1579188240
1579083244
1579078420
1579037713
1579014087
1578927241
1578824962
1578756265
1578684396
1578667647
1578597089
1578513763
1578481339
1578412255
1578322950
1578223468
1578076950
1578062357
1577976307
1577894300
1577887484
1577796179
1577540199
1577457587
1577391561
1577290505
1577286444
1577224178
1577200334
1577123061
1577019369
1577003894
1576943940
1576926334
1576921362
1576858901
1576768330
1576697419
1576611109
1576599554
1576566755
1576415134
1576407509
1576344940
1576319025
1576247495
1576162749
1576090242
1576077021
1576008693
1575901365
1575830101
1575819936
1575756323
1575722396
1575648409
1575635385
1575588482
1575463622
1575293168
1575234085
1575189328
1575140781
1575099426
1574954089
1574790783
1574782014
1574779273
1574716971
1574624780
1574618493
1574521412
1574495298
1574449343
1574377527
1574349466
1574285659
1574273444
1574264171
1574178218
1574114188
1574088409
1573995572
1573987033
1573982568
1573918010
1573837692
1573831280
1573672546
1573641414
1573571595
1573568317
1573511770
1573398869
1573366654
1573313797
1573251577
1573241332
1573141824
1573070194
1572965065
1572890243
1572813768
1572776637
1572712167
1572623007
1572614557
1572459712
1572451239
1572288691
1572174291
1572170964
1572114601
1572032235
1572014581
1571929244
1571863672
1571841353
1571837581
1571743933
1571689138
1571675762
1571580174
1571499908
1571488900
1571483750
1571410990
1571349382
1571236649
1571066568
1570965207
1570915547
1570904031
1570804873
1570730322
1570715322
1570552658
1570468513
1570367557
1570289051
1570224772
1570206215
1570187327
1570028771
1569948487
1569788438
1569764377
1569597634
1569594100
1569588335
1569582125
1569489039
1569428866
1569351372
1569348174
1569238627
1569193966
1569165255
1569006992
1568996344
1568914549
1568818662
1568810780
1568729749
1568698622
1568551309
1568472804
1568452820
1568402312
1568380398
1568315092
1568304336
1568298593
1568130798
1568128074
1568039396
1567856932
1567809166
1567708652
1567615542
1567550175
1567448389
1567375389
1567346388
1567330890
1567206264
1567173016
1567089770
1567009770
1566943261
1566735316
1566656946
1566582555
1566481811
1566406463
1566391455
1566238098
1566236617
1566157373
1566138868
1566075113
1566063067
1566053174
1565982901
1565881192
1565800749
1565708168
1565620838
1565522745
1565459620
1565433655
1565382151
1565370872
1565365374
1565303254
1565289485
1565206978
1565190902
1565114112
1565030360
1564919836
1564770181
1564762589
1564589206
1564569865
1564515773
1564421914
1564328715
1564320633
1564307526
1564250694
1564158479
1564146232
1564072690
1564050704
1563994407
1563901264
1563829381
1563799998
1563705479
1563659724
1563566047
1563547363
1563453989
1563389839
1563370419
1563288889
1563285196
1563213862
1563182197
1563134827
1563101815
1563015021
1562971223
1562946860
1562941970
1562880951
1562858728
1562789223
1562770421
1562765208
1562689740
1562603806
1562500862
1562432437
1562361483
1562347105
1562265200
1562243168
1562099603
1562087877
1561995718
1561911288
1561842103
1561811983
1561763221
1561746954
1561740354
1561650111
1561563089
1561561123
1561485781
1561409108
1561390784
1561221316
1561139908
1561128698
1561066828
1561050225
1560972507
1560960782
1560891839
1560873558
1560791417
1560765131
1560703952
1560637563
1560631538
1560628015
1560605695
1560598212
1560511460
1560433369
1560415156
1560364505
1560352929
1560262653
1560185841
1560168153
1560078605
1560004445
1559924755
1559920353
1559846629
1559837818
1559760366
1559747778
1559685812
1559653754
1559589132
1559557660
1559484159
1559401853
1559316898
1559253477
1559232186
1559144730
1559137978
1559056214
1559038751
1558886377
1558872886
1558861287
1558707835
1558629895
1558627142
1558618809
1558462330
1558450578
1558436577
1558294684
1558275110
1558190728
1558119494
1558111008
1557960926
1557949966
1557931063
1557846581
1557836491
1557770140
1557760533
1557673069
1557605663
1557579113
1557531977
1557498581
1557446012
1557436316
1557424371
1557334588
1557330422
1557326571
1557250963
1557246130
1557240388
1557173686
1557160578
1557083100
1557051023
1556998140
1556965586
1556904088
1556826124
1556811358
1556791764
1556651738
1556637781
1556559937
1556549119
1556463310
1556450816
1556295583
1556280552
1556227369
1556203330
1556020844
1555938919
1555843896
1555790897
1555784025
1555740642
1555601040
1555596635
1555517546
1555424631
1555340958
1555335990
1555185671
1555174147
1555152976
1555083857
1554998540
1554912171
1554825044
1554724266
1554656073
1554643535
1554581018
1554562944
1554545389
1554472488
1554412959
1554389893
1554323973
1554239998
1554217651
1554129563
1553977015
1553963612
1553959879
1553939090
1553784078
1553694409
1553615833
1553545342
1553451467
1553443250
1553370373
1553343881
1553285386
1553256536
1553181251
1553095683
1553008536
1552914785
1552822474
1552814569
1552747862
1552676857
1552575490
1552507884
1552506632
1552492035
1552421578
1552405817
1552334887
1552317272
1552253609
1552218651
1552135169
1552077903
1552069099
1552033460
1551976009
1551950063
1551890995
1551885185
1551803804
1551731816
1551631437
1551609471
1551556073
1551529932
1551456709
1551436753
1551368240
1551352617
1551296387
1551279488
1551209334
1551191007
1551128804
1551105620
1551021996
1551003145
1550927395
1550850149
1550699343
1550675998
1550591141
1550588365
1550512742
1550397357
1550309795
1550239152
1550069853
1549981979
1549904961
1549816030
1549798426
1549744677
1549637066
1549558623
1549466129
1549365089
1549289438
1549211922
1549205419
1549193676
1549121491
1549111496
1549036118
1548863203
1548766535
1548692307
1548602006
1548537158
1548500343
1548451840
1548432196
1548341286
1548269979
1548258491
1548193221
1548169719
1548160120
1548084753
1547984631
1547919573
1547902354
1547735181
1547654069
1547566613
1547483060
1547294658
1547132130
1547045026
1546950535
1546689032
1546528519
1546438072
1546178012
1546009405
1545843055
1545653376
1545570983
1545489248
1545406072
1545390709
1545318349
1545235898
1545147397
1545065485
1544963187
1544801119
1544795569
1544708281
1544363449
1544201023
1543923491
1543752280
1543665092
1543509628
1543417697
1543400345
1543351885
1543345839
1543331447
1543313149
1543245034
1543173440
1543147996
1543086865
1543081116
1543057090
1543014930
1542991837
