1618248724
1618088675
1618020256
1617816102
1617728192
1617646149
1617576618
1617476173
1617381729
1617376260
1617237862
1617151171
1617070398
1617060502
1617033866
1616989231
1616962766
1616888359
1616867926
1616860834
1616784656
1616694361
1616609606
1616531189
1616454903
1616441442
1616285076
1616269547
1616178010
1616029940
1615946589
1615831739
1615770665
1615672053
1615594141
1615587423
1615493346
1615479317
1615398540
1615315658
1615243919
1615147858
1615059124
1614978399
1614914012
1614812721
1614738036
1614710134
1614640950
1614551484
1614456089
1614446729
1614370789
1614274116
1614112919
1614021751
1613972877
1613861372
1613851356
1613756992
1613678557
1613586785
1613420091
1613350368
1613337115
1613270273
1613247006
1613170353
1613157298
1613089223
1612999508
1612749522
1612722670
1612638197
1612555341
1612399732
1612378088
1612229162
1612118504
1612048015
1612030671
1611944240
1611889837
1611881836
1611784270
1611686671
1611639184
1611529030
1611439282
1611430537
1611342587
1611273453
1611241354
1611082347
1610911523
1610908605
1610859552
1610824601
1610756901
1610738366
1610566805
1610498902
1610485671
1610400499
1610398525
1610311902
1610240683
1610237735
1610228681
1610143199
1610065938
1610051537
1610049934
1610048137
1609960488
1609890587
1609800578
1609797073
1609788937
1609722418
1609708129
1609707278
1609625185
1609618980
1609615264
1609577060
1609464199
1609448478
1609444976
1609361353
1608926660
1608861514
1608749827
1608676264
1608674413
1608581582
1608580060
1608496825
1608418136
1608343010
1608338984
1608324743
1608315391
1608236478
1608158364
1608072266
1607988448
1607978847
1607915645
1607892490
1607825397
1607804884
1607801998
1607755720
1607741529
1607714955
1607664755
1607640901
1607629550
1607547434
1607473635
1607466839
1607399262
1607389242
1607371537
1607306779
1607305974
1607298304
1607289674
1607230692
1607210816
1607136349
1607123334
1607043628
1607025045
1606939404
1606858994
1606847100
1606790032
1606777248
1606638102
1606498127
1606497411
1606422199
1606421615
1606417277
1606369318
1606351245
1606276174
1606260927
1606248975
1606174784
1606173541
1606156982
1606090186
1606077249
1606006613
1605988651
1605988429
1605913046
1605845706
1605828668
1605751467
1605735989
1605641176
1605559480
1605496428
1605384514
1605373031
1605296497
1605211445
1605057781
1604945632
1604868359
1604777090
1604688247
1604604016
1604542580
1604518132
1604515276
1604456712
1604350271
1604176194
1604174197
1604098657
1604089396
1604010393
1604010082
1603912655
1603912410
1603842615
1603824677
1603823648
1603739845
1603739588
1603652267
1603567274
1603474798
1603470358
1603397252
1603327489
1603317675
1603316491
1603224921
1603224440
1603139034
1603138828
1603054290
1602998218
1602992562
1602900359
1602716182
1602703242
1602615042
1602525056
1602467972
1602444718
1602358218
1602302184
1602297145
1602276055
1602209600
1602205212
1602182918
1602019019
1601917757
1601860297
1601742242
1601740437
1601697243
1601675809
1601667278
1601665809
1601594141
1601516235
1601486815
1601236597
1601063351
1601058137
1600884882
1600792666
1600722122
1600554855
1600540088
1600489261
1600418075
1600361214
1600309931
1600111032
1600046674
1600034573
1599963660
1599960564
1599935933
1599849777
1599784650
1599700305
1599603960
1599536923
1599347293
1599332518
1599246405
1599244108
1598985537
1598820147
1598810785
1598729513
1598572649
1598564697
1598485689
1598468888
1598381300
1598287992
1598207020
1598204863
1598154362
1598062853
1597959532
1597871055
1597857412
1597805477
1597710605
1597687807
1597534636
1597462249
1597352100
1597289699
1597173036
1597088188
1596908310
1596834052
1596675555
1596600875
1596494564
1596492574
1596309840
1596224307
1596134431
1596071652
1595964977
1595909852
1595874424
1595789542
1595722087
1595613969
1595557477
1595185548
1595100479
1594930971
1594842929
1594773203
1594703819
1594597644
1594528737
1594236869
1594071590
1593971563
1593916082
1593810800
1593547225
1593289904
1593225965
1593193643
1593113225
1593045747
1592938778
1592854660
1592603287
1592587239
1592521764
1592443394
1592073497
1591917699
1591851915
1591837406
1591495785
1591302337
1591253473
1591157299
1591062218
1590956240
1590890329
1590821024
1590693300
1590633797
1590527100
1590457029
1590438798
1590343164
1590258852
1590103150
1590009956
1589931096
1589902585
1589840132
1589751548
1589691071
1589602311
1589597849
1589500301
1589424572
1589402626
1589302875
1589250834
1589233320
1589145094
1589083771
1589075237
1588981694
1588976075
1588895316
1588880199
1588825344
1588718772
1588714271
1588639628
1588459850
1588382220
1588373709
1588312255
1588303291
1588271907
1588207748
1588183706
1588138759
1588028448
1587953288
1587949317
1587931771
1587873026
1587867537
1587854586
1587769872
1587678383
1587668715
1587604073
1587598730
1587592754
1587528862
1587524782
1587510825
1587434865
1587397773
1587260042
1587188654
1587085726
1586992885
1586825565
1586748457
1586575494
1586476292
1586315621
1586285670
1586215286
1586128739
1586073643
1586044655
1585954117
1585953864
1585925789
1585887640
1585858696
1585784312
1585784052
1585702195
1585610709
1585517625
1585437669
1585379872
1585273483
1585264482
1585206342
1585167759
1585118602
1585066960
1584944657
1584925532
1584838449
1584835334
1584757682
1584757324
1584674073
1584668548
1584591530
1584547461
1584545812
1584545495
1584545252
1584543352
1584503087
1584416919
1584416740
1584415274
1584414989
1584413421
1584412044
1584411576
1584405201
1584370908
1584331360
1584247583
1584149170
1584120694
1584060552
1584060311
1584058473
1584056980
1584046123
1584044908
1583988158
1583982038
1583976102
1583974730
1583903053
1583900596
1583900070
1583898492
1583896590
1583894248
1583891671
1583822071
1583813227
1583807870
1583788500
1583722740
1583646055
1583633409
1583627459
1583553093
1583539277
1583534809
1583533420
1583473137
1583469317
1583467538
1583380721
1583372156
1583352974
1583348885
1583346899
1583340038
1583291836
1583214165
1583209980
1583207436
1583203874
1583131765
1583042189
1583038746
1583032956
1582946803
1582941013
1582929877
1582871220
1582862637
1582854831
1582851888
1582780345
1582779604
1582668694
1582665045
1582610789
1582604629
1582594246
1582507104
1582499872
1582496016
1582340969
1582251487
1582167662
1582167410
1582157072
1582151353
1582084412
1581817144
1581660867
1581626943
1581554034
1581546931
1581483712
1581481748
1581480808
1581471038
1581401479
1581400473
1581388176
1581291874
1581288315
1581210709
1581149278
1581146250
1581143380
1580540147
1580494500
1580493600
1580492609
1580371814
1580188565
1580096448
1580083593
1579982740
1579915510
