1617771816
1617721661
1617344464
1617064357
1617060695
1616539110
1616011666
1614637519
1614574378
1614156710
1613518699
1612397567
1611193644
1610580391
1610410146
1610226005
1608402562
1605312794
1602902791
1602294947
1602262233
1602093493
1601447413
1601395459
1600141582
1600135179
1599803547
1599241983
1597032406
1596748524
1595011000
1594865180
1592257103
1589766694
1587768503
1587069139
1584120285
1582357873
1581807918
1580698871
1580159120
1578307341
1577849799
1576801024
1576272614
1575947752
1575235615
1573422485
1571582083
