1618254926
1618253918
1618249477
1618243210
1618165363
1618001760
1617935039
1617923970
1617827234
1617827073
1617658793
1617657834
1617657099
1617656898
1617503582
1617502979
1617484664
1617314845
1617244195
1617234987
1617228395
1617066313
1617062266
1617059401
1616997045
1616986344
1616984151
1616982536
1616975996
1616890841
1616802750
1616785629
1616714783
1616709606
1616638118
1616546639
1616449585
1616384207
1616378606
1616288007
1616268246
1616128796
1616095545
1616026634
1616026322
1616015200
1616014608
1616009898
1615992943
1615918971
1615849511
1615847339
1615846405
1615844345
1615794073
1615684714
1615684213
1615495599
1615490853
1615488544
1615418854
1615411820
1615340696
1615251122
1615242779
1615241862
1615241577
1615171721
1615072457
1615072292
1615008369
1614895508
1614874891
1614774211
1614719728
1614638577
1614581104
1614562519
1614474980
1614406433
1614395274
1614377818
1614210394
1614125042
1614116393
1614054908
1614042067
1613940400
1613929375
1613768233
1613757484
1613689266
1613688905
1613510723
1613425437
1613425016
1613255445
1613075269
1613067253
1612988036
1612732581
1612670646
1612670072
1612669334
1612478693
1612401346
1612387771
1612331973
1612315907
1612247333
1612134941
1611952247
1611947440
1611798220
1611797447
1611796966
1611730821
1611596489
1611431631
1611431260
1611361899
1611361068
1611359991
1611358158
1611279517
1611277013
1611276520
1611188397
1611187410
1611187278
1611186701
1611079658
1610933598
1610925482
1610758035
1610680211
1610615484
1610591471
1610484502
1610403075
1610248930
1610248547
1610247954
1610244754
1610162918
1610153513
1609953077
1609952927
1609887317
1609815438
1609807241
1609747634
1609720727
1609720562
1609653417
1609539318
1609477599
1609475935
1609456866
1609448914
1609381354
1609376726
1609366154
1609201510
1609197907
1609014761
1609014239
1609013888
1609012758
1609008377
1608943783
1608939449
1608938753
1608932564
1608932335
1608931806
1608881127
1608869526
1608867908
1608687890
1608687795
1608527133
1608167331
1608162549
1608161991
1608008192
1607828030
1607810026
1607719116
1607714763
1607654842
1607651616
1607651489
1607551587
1607387228
1607383022
1607230630
1607217223
1607216340
1607211761
1607124866
1607123526
1607040755
1607039986
1607039598
1606890864
1606844835
1606768401
1606698639
1606698362
1606420883
1606414703
1606414226
1606264121
1606263592
1606263291
1606172397
1606171496
1606170164
1606169715
1605838659
1605736019
1605658879
1605490322
1605477918
1605473070
1605412742
1605314932
1605314811
1605302691
1605220800
1605206061
1605155272
1605137380
1605131389
1605121189
1605120989
1605120276
1605060858
1605052348
1605047579
1604992188
1604966616
1604961701
1604888030
1604884875
1604882192
1604865620
1604863027
1604792153
1604789188
1604709637
1604706732
1604705801
1604624965
1604471641
1604466296
1604462088
1604434847
1604430174
1604361360
1604352886
1604288047
1604286477
1604275715
1604191454
1604190804
1603954914
1603926588
1603926394
1603906855
1603865560
1603860999
1603858055
1603838647
1603838317
1603779007
1603757207
1603741244
1603741133
1603730960
1603662120
1603558976
1603517213
1603516895
1603514598
1603496594
1603493301
1603473235
1603387552
1603343123
1603337409
1603317771
1603312693
1603152138
1603078925
1603078031
1603061997
1602883494
1602883078
1602812390
1602806899
1602806422
1602800397
1602795829
1602722466
1602637944
1602637643
1602637485
1602629779
1602540674
1602430699
1602360887
1602352271
1602351735
1602294100
1602119158
1602110092
1602107401
1602100864
1602025478
1602022592
1602022418
1602017096
1601945544
1601942199
1601932976
1601878376
1601877228
1601858274
1601856879
1601845419
1601827769
1601785069
1601774454
1601682737
1601673092
1601597947
1601596805
1601501802
1601437280
1601412379
1601411379
1601411038
1601363311
1601360283
1601332854
1601269020
1601261101
1601163221
1601100295
1600996247
1600991467
1600990650
1600986506
1600985782
1600922540
1600827603
1600807887
1600744173
1600743184
1600723155
1600720570
1600577851
1600577480
1600576766
1600467780
1600398886
1600397886
1600395488
1600392121
1600231786
1600207851
1600102389
1600041945
1600038053
1599945279
1599941118
1599877692
1599523032
1599426748
1599340211
1599339503
1599338712
1599337130
1599246436
1599242101
1599241856
1599178242
1599176643
1599175735
1599151509
1598911611
1598908806
1598658103
1598657862
1598565717
1598561394
1598494451
1598493650
1598490600
1598136524
1598068994
1597960110
1597959412
1597881421
1597793201
1597748599
1597693547
1597688223
1597626045
1597548281
1597535326
1597531405
1597435387
1597433382
1597432819
1597431120
1597390380
1597389089
1597354240
1597283231
1597258782
1597200589
1597189525
1597188486
1597120839
1597095198
1597010831
1597009557
1596932752
1596932382
1596932307
1596918469
1596839188
1596838745
1596773260
1596744291
1596611533
1596578042
1596490532
1596484464
1596481584
1596329631
1596326444
1596308811
1596232812
1596229469
1596217828
1596160689
1596160596
1596160321
1596158419
1596156932
1596155567
1596152213
1596074524
1596074074
1596068520
1596067595
1596063510
1596051074
1595980600
1595978178
1595888838
1595832790
1595814135
1595808314
1595808042
1595807522
1595806148
1595805586
1595804748
1595803653
1595744137
1595727726
1595635322
1595631949
1595630424
1595629404
1595628056
1595627787
1595546226
1595534227
1595515971
1595488578
1595373440
1595370469
1595358359
1595290634
1595290455
1595278224
1595204864
1595127417
1595113878
1595111627
1595111408
1595110219
1595097656
1595026352
1595022588
1594947325
1594927110
1594925313
1594923695
1594877866
1594866310
1594865139
1594865051
1594776195
1594775984
1594775350
1594766286
1594763798
1594690769
1594690350
1594687155
1594604252
1594600271
1594530023
1594527902
1594527121
1594521445
1594517207
1594508658
1594502777
1594501944
1594500826
1594500589
1594427655
1594424136
1594421958
1594421405
1594350118
1594346942
1594260848
1594254338
1594186572
1594165234
1594156498
1594084630
1594080902
1594075519
1594075073
1594074954
1593992468
1593974168
1593913257
1593909505
1593908704
1593901618
1593893254
1593893175
1593892916
1593892695
1593830099
1593814428
1593798502
1593798300
1593797560
1593790691
1593726593
1593721042
1593719490
1593719391
1593719141
1593718807
1593651614
1593629258
1593556223
1593552941
1593551943
1593551715
1593551287
1593544325
1593541876
1593472930
1593472607
1593468269
1593465620
1593462654
1593459565
1593457072
1593454559
1593453554
1593453108
1593452767
1593385366
1593360976
1593312609
1593311562
1593296823
1593284144
1593232896
1593232841
1593228055
1593225300
1593218433
1593217698
1593132502
1593128906
1593124044
1593123302
1593119039
1592950565
1592949699
1592947889
1592944045
1592936930
1592889846
1592883974
1592883440
1592806204
1592803374
1592702476
1592586197
1592532156
1592529967
1592529324
1592525878
1592362846
1592361668
1592361279
1592358251
1592344969
1592336711
1592257035
1592252233
1592247348
1592072000
1592012890
1592010320
1591934099
1591929722
1591926753
1591925931
1591922280
1591905814
1591848096
1591752267
1591735572
1591735004
1591731910
1591731698
1591668641
1591662115
1591660745
1591655022
1591643170
1591585243
1591577222
1591575935
1591492524
1591419238
1591404113
1591399665
1591324206
1591322419
1591319529
1591318151
1591313134
1591158622
1591054302
1590971570
1590856811
1590794764
1590793685
1590778264
1590716868
1590715547
1590607913
1590530191
1590521301
1590519015
1590438909
1590437066
1590431095
1590429734
1590346459
1590345891
1590345776
1590343985
1590266251
1590207411
1590184775
1590163762
1590123202
1590122297
1590121804
1590121741
1590118664
1589995692
1589935617
1589934671
1589840460
1589772286
1589765504
1589759063
1589758803
1589679729
1589677434
1589676143
1589675943
1589668383
1589653940
1589641564
1589602979
1589596323
1589571244
1589518822
1589483184
1589475591
1589420193
1589420005
1589418667
1589418405
1589323869
1589248179
1589094541
1589094037
1589082596
1589082310
1589051743
1588997033
1588996459
1588985991
1588904192
1588898168
1588894139
1588891877
1588890700
1588808882
1588808662
1588804575
1588803721
1588798388
1588792979
1588721152
1588708086
1588554600
1588547173
1588469103
1588465276
1588462382
1588358608
1588358214
1588305285
1588296568
1588291612
1588291402
1588287822
1588206794
1588206198
1588203883
1588202981
1588198415
1588125247
1588116426
1588115984
1588114695
1588114528
1588103960
1588028827
1587942633
1587940428
1587939578
1587937333
1587937101
1587873047
1587795865
1587698360
1587696197
1587694897
1587685306
1587684402
1587651161
1587601990
1587535788
1587523409
1587522586
1587516497
1587497297
1587425342
1587392237
1587245513
1587240786
1587239235
1587237108
1587232264
1587152125
1587151052
1587151018
1587097828
1587080231
1587079387
1587078907
1586991236
1586977840
1586889629
1586887012
1586881770
1586821895
1586820039
1586757740
1586739131
1586730536
1586725222
1586724641
1586714172
1586713308
1586630773
1586627551
1586573087
1586564916
1586562949
1586562388
1586478055
1586477842
1586475929
1586469853
1586456043
1586389649
1586384888
1586379805
1586369632
1586366902
1586355909
1586309150
1586306432
1586282747
1586275659
1586244106
1586211737
1586211119
1586063907
1586010429
1585991798
1585984876
1585864921
1585780415
1585778327
1585773943
1585772939
1585772132
1585771596
1585705190
1585688092
1585687479
1585556609
1585543739
1585537814
1585517525
1585512309
1585511979
1585425684
1585366037
1585362015
1585355891
1585277344
1585276526
1585240099
1585238784
1585187041
1585184648
1585179160
1585176625
1585152589
1585081902
1585036177
1585035030
1585031047
1585030019
1584959612
1584958648
1584902308
1584901462
1584846264
1584836403
1584836048
1584835051
1584833937
1584828386
1584773035
1584770392
1584765832
1584753233
1584687392
1584587126
1584466520
1584406324
1584312353
1584310649
1584291663
1584291088
1584246267
1584246230
1584224588
1584156575
1584156365
1584054810
1584052916
1584052601
1584052495
1583986279
1583983447
1583982396
1583897260
1583882997
1583868883
1583711519
1583620884
1583530627
1583526512
1583454615
1583433449
1583429714
1583426591
1583424825
1583370285
1583368236
1583364680
1583364165
1583359682
1583351520
1583345540
1583345060
1583277269
1583276006
1583211059
1583209872
1583207084
1583181140
1583178543
1583106953
1583106109
1583101387
1583101157
1583022550
1583022009
1583021191
1583007025
1582934417
1582928319
1582926550
1582916008
1582848597
1582847989
1582847636
1582842316
1582835726
1582811158
1582750534
1582699425
1582677721
1582666997
1582664841
1582648491
1582557979
1582556354
1582504821
1582487482
1582485370
1582475022
1582454258
1582396707
1582382959
1582379831
1582366603
1582317745
1582292789
1582230136
1582221013
1582216015
1582176594
1582176264
1582161853
1582144686
1582137089
1582058285
1582049493
1581988467
1581881352
1581816147
1581724924
1581705242
1581633291
1581559005
1581540554
1581537179
1581536372
1581485740
1581479606
1581472947
1581453291
1581388928
1581381382
1581366206
1581360244
1581138883
1581138311
1581051203
1581049454
1581047552
1581037233
1581012257
1580960663
1580952676
1580948569
1580944599
1580712516
1580711099
1580619519
1580610786
1580504741
1580501391
1580449128
1580444697
1580432525
1580430071
1580413541
1580354650
1580336278
1580335216
1580323936
1580323770
1580321371
1580319136
1580243275
1580241035
1580239011
1580163974
1580094640
1580004500
1579980918
1579930569
1579918774
1579912226
1579912075
1579901673
1579887553
1579826015
1579814251
1579812470
1579807844
1579756635
1579746177
1579745862
1579745382
1579728251
1579713920
1579653505
1579628439
1579593558
1579563214
1579550907
1579540001
1579487862
1579471217
1579467509
1579402841
1579394616
1579383453
1579378731
1579315861
1579301701
1579295749
1579243566
1579213654
1579203641
1579112958
1579049849
1579040755
1579031395
1579031154
1579030297
1578936257
1578935839
1578879753
1578870904
1578868158
1578857696
1578777216
1578689313
1578682786
1578677856
1578668753
1578617164
1578600042
1578513109
1578504612
1578433649
1578361225
1578353462
1578341173
1578336436
1578176353
1578175395
1578174314
1578117941
1578067695
1578007092
1577991594
1577971969
1577883777
1577848485
1577843598
1577812185
1577731671
1577727545
1577679162
1577672742
1577648825
1577646457
1577592756
1577591271
1577590779
1577582505
1577574584
1577565666
1577506880
1577360095
1577320248
1577252419
1577247086
1577189544
1577171840
1577171536
1577169477
1577145960
1577142834
1577069251
1576874611
1576835710
1576780998
1576775810
1576713401
1576712084
1576710681
1576639448
1576625362
1576621100
1576613115
1576529633
1576455524
1576448437
1576446848
1576444394
1576423058
1576369863
1576360548
1576345578
1576344656
1576274932
1576269655
1576264620
1576260907
1576211795
1576182877
1576175222
1576174402
1576098800
1576090788
1576016989
1576016606
1575957159
1575940169
1575923347
1575916124
1575849622
1575771963
1575759067
1575690125
1575596066
1575595051
1575594566
1575523171
1575513729
1575509657
1575502523
1575440855
1575438165
1575352612
1575345167
1575329264
1575326313
1575186142
1575184492
1575173365
1575146161
1575135622
1575080842
1575055268
1575005046
1575004696
1574963663
1574892029
1574835828
1574835020
1574812860
1574811504
1574729610
1574721634
1574713502
1574702667
1574639429
1574544416
1574475300
1574472061
1574464817
1574141973
1574022377
1574022052
1573939178
1573930007
1573869196
1573862548
1573859121
1573858623
1573794139
1573703413
1573617781
1573586507
1573513023
1573510468
1573494802
1573463666
1573347006
1573318944
1573175207
1573089084
1573079692
1573069254
1573005372
1572986321
1572981064
1572919041
1572916240
1572889971
1572811940
1572750758
1572734888
1572733038
1572730059
1572650294
1572568102
1572551062
1572547152
1572546692
1572472514
1572470188
1572459167
1572392526
1572368243
1572320774
1572290803
1572290070
1572288316
1572206493
1572145600
1572144056
1572126422
1571941728
1571941147
1571867422
1571865884
1571865207
1571864851
1571776589
1571720085
1571718622
1571713381
1571711330
1571699222
1571686543
1571616868
1571616184
1571608112
1571607993
1571530565
1571530317
1571522747
1571519919
1571509154
1571260571
1571253162
1571160234
1570916223
1570908369
1570907939
1570903820
1570903353
1570894633
1570752560
1570739130
1570677568
1570676484
1570675488
1570668397
1570651666
1570403761
1570215478
1570215447
1570213478
1570207884
1570130417
1570060106
1570043509
1569958710
1569943511
1569943102
1569889472
1569882532
1569882505
1569882482
1569882391
1569880125
1569869727
1569869490
1569727743
1569702777
1569626273
1569618427
1569606711
1569541242
1569538113
1569368970
1569191204
1569188873
1569121695
1569116986
1568925225
1568758506
1568757996
1568493309
1568488085
1568487914
1568485136
1568484971
1568421963
1568421191
1568405992
1568405229
1568325351
1568314525
1568232556
1568231918
1568153650
1568151657
1568150431
1568138266
1568074637
1568074540
1568049541
1567968534
1567905300
1567734016
1567654305
1567639947
1567544465
1567469854
1567458663
1567449022
1567394106
1567383177
1567378581
1567305832
1567271567
1567202676
1567124696
1566949396
1566946305
1566933174
1566866316
1566845416
1566783717
1566442629
1566417821
1566412601
1566337363
1566334027
1566320378
1566185077
1566147830
1566067589
1566002396
1565983796
1565813317
1565804448
1565732769
1565724714
1565720859
1565647528
1565644330
1565635276
1565571607
1565550488
1565544330
1565485906
1565391006
1565390357
1565298279
1565282305
1565213198
1565107338
1564933952
1564838771
1564586685
1564522118
1564513480
1564435137
1564358156
1564338387
1564259663
1564098362
1564081937
1564025304
1563891740
1563834429
1563815856
1563753277
1563666119
1563552374
1563478178
1563400869
1563328633
1563309778
1563159315
1563129917
1563046617
1562799612
1562462900
1562451706
1562282449
1562200016
1562199152
1562111734
1562111031
1562033802
1562020221
1562005096
1561911209
1561824080
1561762425
1561682950
1561668179
1561588971
1561587754
1561507240
1561162739
1561076308
1560895205
1560892627
1560886798
1560706025
1560616168
1560559349
1560552925
1560444214
1560382644
1560219140
1560196422
1560111189
1560019867
1559956157
1559865284
1559665854
1559581385
1559524490
1559514607
1559437356
1559345781
1559249608
1559150965
1559082716
1558982451
1558736778
1558729672
1558629598
1558580284
1558467684
1558408217
1558386171
1558379862
1558321787
1558320182
1558134774
1557966224
1557965385
1557866960
1557861675
1557776052
1557774687
1557710458
1557521890
1557440051
1557352177
1557270596
1557193434
1557099011
1557005715
1556997690
1556993094
1556839436
1556744628
1556740148
1556675369
1556650133
1556562084
1556497456
1556484064
1556294727
1556225750
1556144432
1555882127
1555797158
1555721458
1555215061
1555189383
1555126506
1555117546
1555117174
1555030681
1554928188
1554924825
1554862928
1554860775
1554678784
1554662739
1554591333
1554578115
1554573780
1554504350
1554494972
1554427568
1554409963
1554345125
1554337925
1554337192
1554258918
1554240272
1554225811
1554171818
1554163305
1554155616
1554082175
1554073252
1553998189
1553997492
1553912094
1553908485
1553893079
1553882111
1553807246
1553729346
1553725979
1553628262
1553474271
1553385311
1553307709
1553302827
1553291869
1553217741
1553133612
1552958934
1552859732
1552858080
1552778930
1552775368
1552696293
1552606846
1552515185
1552513020
1552504770
1552431390
1552412454
1552341316
1552328827
1552260535
1552247209
1552074674
1552007992
1552001286
1551999053
1551914906
1551904741
1551829609
1551746332
1551744036
1551732119
1551654099
1551644359
1551643573
1551642415
1551577750
1551558921
1551492518
1551486028
1551468435
1551404101
1551395993
1551391768
1551325688
1551307309
1551304386
1551227806
1551120112
1551047106
1551039344
1550972881
1550891097
1550886937
1550804155
1550795086
1550787332
1550786089
1550697615
1550625504
1550431736
1550367853
1550282217
1550104678
1550009127
1549916111
1549848303
1549838533
1549835130
1549756528
1549749129
1549739540
1549672697
1549670696
1549662328
1549575520
1549572026
1549565133
1549396928
1549325669
1549323450
1549319875
1549155521
1549153512
1549149785
1549076262
1549075104
1549065422
1548886834
1548882822
1548878290
1548874772
1548815022
1548798543
1548790023
1548722885
1548720283
1548647177
1548640320
1548613389
1548545261
1548536290
1548274804
1548273363
1548272152
1548201816
1548195651
1548194504
1548033499
1548025262
1548012027
1547939382
1547926334
1547921982
1547691232
1547680291
1547678895
1547525788
1547525698
1547524227
1547430482
1547423500
1547418742
1547406483
1547401548
1547337235
1547163468
1547157236
1547155860
1546902862
1546897586
1546896821
1546895825
1546895632
1546881549
1546822609
1546822478
1546820387
1546724358
1546709348
1546641551
1546639185
1546629150
1546555459
1546553316
1546544664
1546475178
1546468103
1546460743
1546379877
1546316454
1546284158
1546218367
1546199622
1546137455
1546124619
1546104770
1546057264
1546042674
1546037492
1546034818
1546033092
1545954654
1545943882
1545881301
1545865829
1545847202
1545775709
1545768037
1545710028
1545677952
1545601915
1545601541
1545594916
1545582778
1545518677
1545497694
1545242669
1545193455
1545168061
1545165426
1545076508
1545072221
1545011008
1544991286
1544915157
1544826721
1544747664
1544739840
1544672809
1544653545
1544572623
1544390723
1544308783
1544307455
1544304472
1544214160
1544208332
1544060348
1543855207
1543789255
1543785001
1543779154
1543704487
1543686972
1543615297
1542919168
1542918308
1542840344
1542823968
1542769273
1542673955
1542647286
1542560689
1542479892
1542300840
1542235713
1542215198
1542155231
1542153884
1542060408
1542059731
1541978078
1541817254
1541625945
1541547087
1541473607
1541280916
1541272227
1541118857
1541039994
1541021881
1540948561
1540848272
1540755127
1540751313
1540688171
1540510765
1540424645
1540256933
1540148083
1540087799
1540081501
1540072385
1539995625
1539899037
1539805363
1539798009
1539708252
1539628343
1539473859
1539470445
1539392405
1539313499
1539288187
1539286704
1539227322
1539138761
1539031310
1538968372
1538850653
1538764253
1538683708
1538681729
1538681233
1538427719
1538427150
1538173324
1538171128
1538093480
1538002501
1537897671
1537827877
1537730958
1537729743
1537728579
1537656989
1537563693
1537381935
1537326825
1537292738
1537223348
1537208665
1537207155
1537129267
1537126819
1536948639
1536862826
1536799593
1536775559
1536775136
1536706212
1536684952
1536684250
1536633214
1536607482
1536603278
1536601497
1536536663
1536518759
1536517092
1536508660
1536507818
1536341845
1536340458
1536339833
1536339182
1536264800
1536202542
1536174467
1536120141
1535991875
1535917164
1535913408
1535744442
1535741102
1535739684
1535670952
1535670731
1535590623
1535494362
1535493955
1535484832
1535407303
1535406147
1535405867
1535258976
1535226210
1535225250
1535224497
1535073628
1535072259
1535071390
1535071138
1534738968
1534643238
1534642438
1534541592
1534293594
1534292606
1534288825
1534288406
1534126059
1534125685
1534124948
1534124446
1534124096
1534042203
1533941673
1533834078
1533700086
1533699943
1533438737
1533437921
1533437330
1533436428
1533013062
1533008946
1533007847
1532915005
1532906782
1532900258
1532838370
1532823237
1532822583
1532817866
1532726996
1532671121
1532306235
1532053844
1531969747
1531949884
1531948094
1531947009
1531851208
1531841991
1531683792
1531555761
1531097443
1531096715
1531096519
1530829886
1530568514
1530407356
1530146490
1530138950
1530074520
1530054636
1530053490
1530052988
1530047434
1529959923
1529958667
1529886914
1529882894
1529878509
1529872961
1529872213
1529712699
1529712599
1529711197
1529642845
1529639665
1529638145
1529637629
1529637207
1529593381
1529467041
1529460587
1529460198
1529457587
1529435382
1529373299
1529338247
1529280561
1529280139
1529277900
1529277477
1529276890
1529276576
1529262741
1529213483
1528937051
1528926999
1528748666
1528748530
1528668631
1528602586
1528522125
1528510881
1528501905
1528432385
1528432009
1528341885
1528325692
1528144829
1528050375
1528049641
1528038573
1527991791
1527719781
1527562050
1527543034
1527542973
1527482326
1527191446
1526932184
1526863461
1526672608
1526670201
1526584463
1526582836
1526428918
1526427740
1526427449
1525999768
1525974627
1525402689
1525299312
1525133071
