1618010477
1617925845
1617751415
1617381657
1617209761
1617131025
1616799616
1616674456
1616545258
1616443738
1616042591
1615517661
1615315087
1615251974
1614957545
1614727791
1614717084
1614375879
1614220353
1614024367
1613937010
1613840875
1613689866
1613610725
1613409645
1613317291
1613174712
1613162059
1612797907
1612656610
1612579325
1612499589
1612452531
1612311172
1612274995
1612235367
1612137668
1612028909
1611886579
1611840895
1611708853
1611685913
1611583508
1611094571
1610937574
1610818027
1610672916
1610658231
1610472822
1610230740
1610032554
1609957885
1609945799
1609721882
1609607717
1609420400
1609363425
1609292240
1609268034
1609195495
1609164206
1609118521
1608937838
1608858141
1608740844
1608695903
1608683133
1608654481
1608613047
1608503096
1608425632
1608348056
1608218975
1608044974
1607877110
1607792946
1607745724
1607704521
1607622174
1607528026
1607470307
1607452900
1607390796
1607352121
1607188641
1607089844
1607044904
1607025611
1606956295
1606849088
1606781863
1606670061
1606581210
1606520936
1606503477
1606458229
1606322367
1606249088
1606138820
1606059009
1606051273
1605995537
1605936576
1605816483
1605736456
1605656966
1605575036
1605482918
1605402571
1605296360
1605136238
1605114369
1605047932
1604968182
1604951577
1604875405
1604794909
1604609848
1604491520
1604405682
1604362530
1604201037
1604156624
1604061856
1604006037
1603987245
1603887577
1603842562
1603629523
1603558016
1603501531
1603453723
1603399202
1603324264
1603283125
1603216863
1603153437
1603109157
1603071748
1603043041
1602883459
1602875279
1602858927
1602794543
1602717835
1602634553
1602512922
1602201954
1602121744
1602003994
1602000749
1601915760
1601852913
1601737660
1601686102
1601648310
1601642007
1601554000
1601514534
1601413198
1601385100
1601328870
1601303680
1601236336
1600966591
1600897273
1600872811
1600812910
1600712978
1600704586
1600632842
1600553638
1600474642
1600457510
1600438411
1600341588
1600305179
1600207121
1600122958
1600095861
1600038837
1599945552
1599917092
1599877973
1599823877
1599785797
1599745695
1599696426
1599614725
1599509056
1599405383
1599330933
1599189783
1599090031
1599002534
1598902888
1598835233
1598742022
1598712713
1598656121
1598633997
1598536743
1598483797
1598408500
1598318013
1598218917
1598141734
1598053989
1598011972
1597971764
1597839160
1597630809
1597407944
1597352086
1597276262
1597203038
1597175095
1597020252
1596897977
1596803017
1596751103
1596726121
1596663497
1596573507
1596560424
1596492578
1596412742
1596320605
1596230085
1596083659
1595966860
1595892575
1595876953
1595697672
1595611486
1595385869
1595364969
1595354151
1595286730
1595260236
1595183061
1595174224
1595089002
1595084893
1595027820
1594956090
1594932252
1594848254
1594838193
1594678918
1594668180
1594335463
1594332669
1594222763
1594173966
1594138637
1594133894
1594082325
1594054017
1593980413
1593876230
1593843431
1593744465
1593577556
1593572368
1593557072
1593554033
1593542389
1593534402
1593525442
1593482644
1593470115
1593452731
1593448468
1593446941
1593367799
1593364956
1593196043
1593108457
1593101298
1593040154
1592670776
1592667952
1592529645
1592490601
1592448770
1592234609
1592064065
1591973871
1591818169
1591789048
1591562558
1591560464
1591052961
1590958596
1590844032
1590841014
1590766464
1590625082
1590546256
1590424895
1590417102
1590263310
1590089171
1590016327
1589986700
1589924839
1589915175
1589850291
1589837101
1589823178
1589763662
1589731735
1589680696
1589654510
1589638412
1589583363
1589568415
1589426803
1589310352
1589288940
1589232214
1589149953
1589118138
1589068985
1588980151
1588956333
1588950765
1588867412
1588810884
1588793225
1588728545
1588721465
1588622950
1588605613
1588548467
1588543418
1588257013
1588015363
1587834060
1587829183
1587587492
1587583242
1587516910
1587494817
1587327512
1587141097
1587070815
1587045637
1586910897
1586897967
1586873157
1586835814
1586750027
1586693944
1586659831
1586606007
1586488619
1586473513
1586444450
1586366803
1586354790
1586292771
1586032033
1586025083
1585964621
1585861887
1585764966
1585653552
1585621514
1585571542
1585517556
1585424689
1585422261
1585309019
1585175562
1585091207
1585054970
1585019111
1584794645
1584745510
1584723581
1584659161
1584586115
1584554352
1584549586
1584447990
1584400591
1584400387
1584309461
1584226020
1584197466
1584101044
1584013621
1583967002
1583886495
1583803927
1583801120
1583800042
1583711270
1583638198
1583589523
1583550244
1583542259
1583460727
1583325635
1583282619
1583115388
1582980809
1582946857
1582839572
1582804371
1582766789
1582765872
1582677478
1582634983
1582591813
1582391526
1582326253
1582325368
1582249423
1582201512
1582163279
1582160543
1582074219
1581980058
1581942135
1581909368
1581881308
1581877542
1581872686
1581641254
1581597718
1581377621
1581266413
1581256335
1581178327
1581120822
1581112253
1580953929
1580947896
1580874557
1580827084
1580825455
1580789548
1580683782
1580604190
1580360034
1580343544
1580263481
1580258474
1579980717
1579896209
1579668150
1579612613
1579459752
1579459061
1579367974
1579260262
1579252672
1579055398
1578914161
1578892453
1578844886
1578808259
1578806396
1578706298
1578661511
1578612773
1578526510
1578525434
1578446897
1578407539
1578363523
1578332605
1578248527
1578173145
1578155750
1578155121
1578056696
1577985146
1577969842
1577927824
1577885676
1577839971
1577743652
1577710531
1577656507
1577635163
1577544176
1577462795
1577327842
1577278465
1577148177
1577144326
1577127941
1577059191
1577040683
1577033431
1576946476
1576799195
1576629923
1576544036
1576542929
1576435336
1576433402
1576359531
1576273206
1576271914
1576200470
1576188742
1576106498
1576015194
1575938975
1575937108
1575853247
1575839950
1575678386
1575664559
1575605017
1575480988
1575473039
1575415643
1575401237
1575323377
1575211681
1575135329
1575133997
1575045695
1575041626
1574984834
1574950175
1574949776
1574894792
1574867143
1574794460
1574558012
1574537376
1574397744
1574340543
1574291197
1574285276
1574190831
1574099275
1574083797
1574016976
1574015480
1573921024
1573906690
1573905534
1573738228
1573692949
1573670810
1573591117
1573581998
1573565201
1573519844
1573504775
1573503753
1573412483
1573410577
1573406184
1573312340
1573307424
1573274463
1573261205
1573258065
1573239464
1573219179
1573130622
1573067250
1573009683
1573005812
1572998549
1572970594
1572919828
1572901275
1572885693
1572799116
1572795094
1572725865
1572717322
1572717037
1572575660
1572559368
1572556865
1572476074
1572471466
1572470705
1572401444
1572039371
1572022882
1571890494
1571841464
1571826829
1571801370
1571719053
1571706283
1571668896
1571640654
1571607097
1571580129
1571544574
1571542839
1571443529
1571440418
1571418496
1571356945
1571353835
1571271987
1571238249
1571184062
1571068064
1570988617
1570975566
1570857032
1570839558
1570636356
1570588187
1570390970
1570387112
1570135125
1570063324
1570033750
1569931117
1569544780
1569541156
1569464666
1569451238
1569367940
1569171855
1569126533
1569014634
1569011762
1568947841
1568897681
1568861766
1568848100
1568756349
1568722998
1568663310
1568648514
1568597597
1568592283
1568565428
1568503241
1568468236
1568407961
1568340114
1568313847
1568302423
1568254485
1568247657
1568153193
1567996166
1567981789
1567872006
1567794676
1567718076
1567694597
1567630932
1567543598
1567485950
1567436295
1567119570
1566871505
1566761637
1566746579
1566595130
1566532768
1566490449
1566446291
1566354562
1566323662
1566063823
1565979038
1565900961
1565897179
1565755645
1565653738
1565560640
1565554230
1565547658
1565476150
1565315665
1565270558
1565239825
1565055386
1564954541
1564947122
1564872549
1564791611
1564747605
1564632143
1564542019
1564442600
1564239577
1564067403
1564009400
1563984403
1563933873
1563404760
1563345031
1563240990
1563119338
1563046785
1563034338
1562986008
1562974764
1562807890
1562762045
1562709416
1562537052
1562518197
1562441146
1562270926
1562031365
1561944355
1561919282
1561857896
1561819074
1561777060
1561761404
1561679046
1561665811
1561492005
1561489760
1561394092
1561332371
1561042314
1560965752
1560953657
1560902298
1560888286
1560794215
1560784554
1560697100
1560635856
1560524107
1560263776
1560261499
1560122922
1559933669
1559834044
1559504686
1559417489
1559398115
1559358865
1559310833
1559143918
1557919744
