1592368972
1591868535
1591868336
1591868180
1591854011
1591709722
1589615131
1589560211
1589357721
1589301369
1589282610
1589270429
1589216757
1589213949
1589192475
1589188036
1589183840
1589181690
1589134595
1589134430
1589129543
1589127634
1589126627
1589107582
1589104964
1589103471
1589099713
1589097458
1589094916
1589092641
1589047952
1589046076
1589042900
1589041113
1589038896
1589029731
1589025504
1589023465
1589019704
1589017332
1589012587
1589008908
1589006291
1588999575
1588997512
1588960992
1588960548
1588954000
1588936980
1588934846
1588931232
1588927586
1588923980
1588921594
1588919031
1588898682
1588894847
1588892627
1588872697
1588869308
1588847214
1588844717
1588832383
1588829665
1588827304
1588787387
1588783165
1588771028
1588767889
1588762141
1588759204
1588747660
1588739186
1588697976
1588680181
1588680033
1588673904
1588672421
1588666266
1588665330
1587488254
1585538445
1585470648
1585470377
1585470011
1585469763
1585469497
