1616232961
1613557857
1612602723
1611389446
1609647969
1608372499
1608196200
1607687850
1606813657
1606191527
1605918316
1605343642
1605154200
1605099428
1604977413
1604901755
1604309050
1603530111
1603271415
1603017379
1602844327
1602733843
1602289232
1600853705
1600761896
1600682615
1600600439
1600505319
1600498444
1600164557
1599895626
1599562533
1599207093
1599041978
1599033542
1598966856
1598948744
1598940271
1598873976
1598871784
1598870536
1598782794
1598768225
1598748603
1598713869
1598672925
1598343436
1597832897
1596694928
1596273007
1596159690
1595582178
1595578776
1595387902
1594712437
1594632307
1593768862
1593162967
1592818488
1591418472
1590830674
1590339714
1590049414
1589961684
1589687354
1589106452
1589101652
1589015403
1589002090
1588750998
1588662904
1588218290
1588080503
1587714713
1587436489
1587084148
1586852918
1586565897
1586492873
1586413627
1586322912
1586139889
1586008151
1585652507
1585202259
1584939067
1584750626
1584528417
1584496301
1584415227
1584256990
1583586853
1583217747
1582800259
1582122027
1581772152
1581507554
1581161280
1581121971
1580552861
1579942791
1579940836
1579766108
1578898009
1578730006
1578637935
1578605797
1575811818
1575544808
1573126136
