1607630428
1605793569
1604001061
1603201337
1602999284
1602449251
1600871136
1600591031
1598910936
1598026770
1597700910
1597616843
1596991083
1596639751
1596568121
1595057389
1594104696
1593965716
1593654388
1593289098
1593123371
1592814067
1592615732
1592395751
1592272872
1592165151
1591713030
1591524089
1591524007
1591320713
1591233209
1591160696
1591076659
1591061185
1591019267
1590993722
1590950626
1590867395
1590799904
1590631373
1590523807
1590450657
1590353702
1590287995
1590266354
1590252225
1590171033
1590090987
1590079433
1590005695
1590005327
