1618174273
1617981255
1617489499
1616363372
1616216369
1615675907
1615415674
1615063447
1614732705
1614415568
1614240057
1614120501
1613779945
1613753763
1613687678
1613342700
1613255612
1613194356
1613149249
1612935106
1612821780
1612651249
1612585700
1612550597
1612415010
1612220385
1612050879
1612041204
1612010060
1611983626
1611952821
1611895531
1611810929
1611698865
1611613948
1611554989
1611420041
1611385872
1611272132
1611264298
1611207856
1611194477
1611076206
1611002432
1610852499
1610831996
1610810448
1610774671
1610757784
1610585765
1610556896
1610409763
1610233055
1610122767
1609955013
1609920420
1609737232
1609655295
1609559908
1608217967
1606943010
1606227580
1605673361
1605489800
1605314709
1605131267
1605042588
1604944605
1604532489
1604279405
1604232745
1604139785
1604089125
1603911888
1603739832
1603566563
1603527157
1603441236
1603391772
1603191504
1602893775
1602725452
1602024333
1601946792
1601850126
1601515468
1600783897
1598837053
1597790703
1597356644
1597184889
1597177645
1597096989
1596405961
1596385283
1596350818
1596344852
1596263678
1596248480
1596235140
1596233822
1595890394
1595767201
1595744375
1595740900
1595221655
1595166960
1595054418
1594498407
1594401302
1594250445
1593986808
1593903521
1593850851
1593752821
1593719004
1593394685
1593182693
1592420102
1592007088
1591351194
1591049092
1590682498
1590604454
1590361030
1589962446
1589854109
1589583907
1589312065
1589062371
1588973956
1588636293
1588622719
1588592368
1588555244
1588477276
1588421603
1588188381
1587894066
1587286930
1587195681
1586691291
1586428151
1586390738
1586084220
1585951475
1585887083
1585733098
1585586963
1585393401
1584959987
1584881375
1584758407
1584540147
1584453118
1584345060
1584185021
1584053385
1583848636
1583823436
1583812586
1583794263
1583556590
1583447044
1583391292
1583092889
1583014373
1582947663
1582747552
1582586268
1582557871
1582470221
1582458761
1582422702
1582394738
1582303289
1582203731
1582142070
1582061057
1581878104
1581530723
1581365938
1581035934
1580677778
1580603926
1580511659
1580070476
1579981220
1579911952
1579828329
1579653677
1579475270
1579285570
1578690678
1578361972
1577998089
1576012674
1575933406
1575671347
1575575698
1575407336
1575241558
1574681965
1574546847
1574269113
1573689794
1572699238
1572611274
1572107802
1571592668
1571093507
1570914843
1570702545
1570103548
1569931210
1569682992
1569499355
1569335469
1569149459
1569064740
1569017012
1568761231
1567817607
1567238305
1567026840
1566682833
1566604455
1566353000
1566267457
1566173805
1565647337
1565572608
1565391156
1565374551
1565301069
1565061014
1564805432
1564705876
1564541430
1564465234
1564360290
1564294883
1564176327
1564027879
1563949205
1563580546
1563177643
1563045604
1562960034
1562879466
1562196762
1562053629
1561144775
1560890662
1560464708
1560401604
1559782126
1559342143
1557076345
1556926666
1556643996
1556324358
1555876818
1554322499
1554045221
1553631861
1553560451
1553391886
1553381421
1553263104
1552743483
1552715049
1552640879
1552535012
1552515976
1552405894
1551828169
1551252369
1551160935
1550636595
1549068470
1548701950
1547997509
1547888691
1547675561
1547497933
1547376931
1546919091
1545722611
1545706513
1545477447
1545397591
1545378728
1543732208
1543725903
1543537772
1543360602
1543011737
1541889980
1541649913
1541210064
1541022106
1539659097
1538950006
1538866682
1538798270
1537350782
1537305225
1536133235
1534989176
1534412510
1534306540
1534201652
1534132087
1533421283
1533079209
1530514682
1527655443
1527295127
1526973496
1526768889
1526231404
1525852142
1525385984
1524951660
1524536371
1523680892
1523660255
1523571401
1523275658
1523251453
1523055927
1522851641
1522644233
1522564779
1522285234
1522222978
1521346006
1521330873
1521177746
1520905742
1520805702
1520719965
1520611503
1520571583
1520401455
1519885760
1519682303
1519595427
1519160342
1519126780
1519101762
1518879394
1518694918
1518630117
1516602095
1516339311
1515196740
1514668011
1513117989
1512938403
1512312139
1511821044
1511561053
1511553047
1510911731
1510433274
1509858710
1509608765
1509502949
1509444829
1509395726
1509151083
1508565421
1508141106
1507535488
1507104643
1506939699
1506860922
1506837382
1506592627
1506474801
1506185262
1506131257
1505993883
1505977438
1505769287
1505526647
1505473672
1505459139
1505444604
1505298065
1505152259
1505042884
1505022010
1504725754
1504637396
1504587617
1504546079
1504461624
1504424893
1504393536
1504352743
1504336559
1504318800
1504309303
1504293521
1504138210
1503996844
1503962898
1503786958
1503578941
1503555559
1503369255
1503288884
1503048911
1503039835
1502778275
1502670823
1502531406
1502320176
1502161111
1502142428
1502136184
1502095898
1502080541
1501990583
1501902006
1501748260
1501707932
1501626470
1501500060
1501459494
1501399287
1501372657
1501304017
1501119944
1501041822
1501029359
1500890855
1500882283
1500845348
1500275460
1499965013
1499743918
1499673264
1499641319
1499552219
1499400455
1499298110
1499231925
1499095993
1498978395
1498902431
1498762989
1498617301
1498499463
1498467630
1498450892
1498427451
1498370957
1498338223
1498269590
1498186658
1498113830
1498032697
1498007446
1497993457
1497912706
1497732215
1497322736
1497239942
1497218895
1497151630
1497059305
1496991604
1496894544
1496888896
1496721890
1496448309
1496285524
1496022432
1495926883
1495864895
1495775725
1495695778
1494806069
1494791171
1494741135
1494675715
1494560756
1494466141
1494449852
1493969552
1493939798
1493773145
1493678676
1493506173
1493269519
1493186772
1493009983
1492745187
1492718764
1492558584
1492286957
1492205747
1491697209
1491433475
1490824637
1490584985
1490569416
1490481716
1490385430
1490338558
1490307617
1490231999
1490205674
1490149568
1489947359
1489791059
1489642997
1489507443
1489443202
1489370157
1489029804
1488768220
1488666380
1488641757
1488607609
1488397935
1488138631
1487991199
1487728148
1487721386
1486481271
1486430363
1486271898
1486205251
1485993943
1485909150
1485834270
1485563616
1485547550
1485371409
1485216579
1484366004
1484339637
1484265760
1484103466
1484082865
1484021040
1483491792
1482641380
1482633187
1482464720
1482368367
1482114204
1482029688
1482010813
1481775364
1480890183
1480809126
1480630252
1480377111
1480369249
1480220977
1480007426
1479764838
1479695441
1479665306
1479437295
1478918162
1478564365
1478383743
1478285246
1478035602
1477778775
1477686785
1475878025
1475189773
1475187868
1474928639
1474754148
1474658997
1474049501
1473986844
1473632221
1473137245
1473107418
1473056488
1473053421
1473023617
1472960716
1472932482
1472924922
1472847786
1472796139
1472410670
1472357694
1471457366
1471300279
1471127438
1470683753
1470414130
1468889076
1468692086
1468355308
1468192181
1467870892
1467592237
1467590797
1467588238
1467325740
1467087711
1467059101
1466804998
1466537301
1466394152
1466375574
1466372827
1466208697
1466106790
1465681194
1465599329
1465331577
1465262764
1465167688
1465054640
1464826403
1464556846
1464481973
1464406459
1464285759
1463697330
1462912180
1461535244
1461441937
1461276647
1461109056
1460937124
1460935611
1460767121
1460607317
1460498863
1460148473
1460059130
1459185047
1458832036
1458780230
1458762752
1457394717
1457385249
1457046464
1456799423
1456514870
1456287294
1456286147
1456180115
1455848296
1455575252
1455138662
1455053638
1454965461
1454630738
1454512938
1454102832
1453943627
1453745771
1453393587
1453187758
1453187481
1447967959
1447885571
1447822827
1447822270
1447569123
1447468795
1447402113
1447368746
1447368198
1447187945
1447129508
1447125718
1447123996
1447106082
1446356172
