1590959195
1589938053
1588557624
1586910483
1583414441
1581641604
1581609417
1581429465
1581042418
1580910384
1580406940
1580306569
1578578757
1578349807
1576713199
1576072063
1575324874
1575295716
1574953985
1574690501
1574344512
1574295216
1573769827
1573652626
1573427821
1573326551
1573261848
1572907442
1572476271
1572397828
1571962562
1571788564
1571598966
1571317527
1571189351
1571087324
1570674294
1570193111
1570134292
1570053558
1569967689
1569933908
1569881559
1569696716
1569619909
1569588939
1569545629
1569448184
1569416808
1569368616
