1618248792
1618027770
1617893014
1617802900
1617757324
1617662004
1617408590
1617093240
1616997451
1616697005
1616532635
1616049856
1615866942
1615442572
1615324452
1615260055
1615228504
1615144145
1615132653
1615072273
1615059057
1614811382
1614717467
1614646948
1614447037
1614351328
1614316134
1614296658
1614296438
1614275120
1614013678
1613543549
1613456357
1613109587
1612741158
1612739260
1612490934
1612396226
1612295613
1611807366
1611448519
1611434334
1611038335
1611000383
1610837314
1610693901
1610602004
1610521776
1610330297
1610049975
1609888014
1609725795
1609612655
1609457466
1609263570
1609113543
1608863877
1608313121
1608182852
1607998719
1607913111
1607900660
1607487037
1607132453
1606591397
1606420079
1606076426
1606016978
1605897616
1605648791
1605461008
1605371097
1605212015
1605123441
1605062322
1605051973
1604771646
1604111319
1604110550
1604001772
1603837883
1603431602
1603385053
1603254019
1603088987
1602736253
1602619952
1602466877
1602197892
1602038414
1602026846
1602004307
1601785991
1601597889
1601411497
1601254886
1601176096
1600829362
1600630318
1600621953
1600364389
1600282480
1600214572
1600117288
1599945366
1599933029
1599928167
1599752446
1599708006
1599669326
1599415798
1599252466
1599098053
1599068166
1598824269
1598815164
1598686614
1598655139
1598480667
1598378672
1598148210
1597979321
1597952442
1597902739
1597865212
1597722842
1597553255
1597517455
1597477397
1597386286
1597293388
1597282112
1597103428
1597020468
1596923100
1596871652
1596690255
1596505573
1596411481
1596254722
1595970679
1595959391
1595927373
1595887613
1595647941
1595391747
1595312856
1595214846
1595213310
1595137707
1594924727
1594882767
1594787142
1594786176
1594671402
1594626275
1594612206
1594508028
1594270312
1594257510
1594182321
1594106817
1594098414
1594045108
1593890936
1593635133
1593630298
1593391042
1593369949
1593293965
1593279354
1593236011
1593071460
1593051299
1592884341
1592686380
1592623500
1592595719
1592495917
1592462650
1592420999
1592374241
1592368715
1592093205
1591943107
1591936509
1591907559
1591856114
1591834215
1591646591
1591629855
1591557336
1591423316
1591307726
1591244468
1591149860
1590952585
1590737071
1590637360
1590550534
1590477322
1590297160
1590183073
1590120659
1590099731
1590007214
1589942680
1589872621
1589849274
1589782255
1589759376
1589750580
1589697582
1589687984
1589653990
1589610018
1589609232
1589516496
1589502781
1589486499
1589433130
1589391953
1589324916
1589270482
1589231783
1589181607
1589180550
1589148961
1589086448
1588921713
1588870918
1588802796
1588715028
1588651955
1588562969
1588535742
1588493780
1588480322
1588476417
1588455780
1588404816
1588381914
1588319002
1588288430
1588232777
1588216227
1588148198
1588120833
1588055062
1588040273
1588021981
1587958741
1587952806
1587944405
1587872374
1587868832
1587838147
1587753087
1587695646
1587622808
1587582671
1587539134
1587487520
1587442882
1587421343
1587411218
1587322956
1587284230
1587264370
1587234602
1587199881
1587178003
1587174521
1587145459
1587110489
1587095553
1587019633
1587004717
1586986084
1586927135
1586912007
1586905244
1586840597
1586743113
1586722975
1586722606
1586673232
1586654855
1586636853
1586589633
1586568296
1586466589
1586465423
1586409644
1586408123
1586381030
1586329596
1586291254
1586248145
1586206791
1586144162
1586111075
1586107425
1586058815
1586057246
1586054353
1585954468
1585886554
1585858661
1585844532
1585802611
1585700852
1585685976
1585675537
1585675414
1585675222
1585619844
1585589007
1585545073
1585538370
1585504075
1585456709
1585418981
1585342658
1585340359
1585326467
1585287895
1585276638
1585246390
1585164142
1585150919
1585150683
1585080676
1585029379
1584980803
1584931736
1584915864
1584912387
1584819304
1584763651
1584747738
1584722769
1584719957
1584678548
1584660181
1584597257
1584583696
1584548653
1584504154
1584471828
1584461642
1584459907
1584407529
1584380002
1584378192
1584324321
1584321382
1584311154
1584292760
1584240632
1584226147
1584218205
1584207348
1584160894
1584155411
1584112645
1584068191
1584030995
1583980307
1583953380
1583939979
1583905729
1583896713
1583881593
1583871404
1583853661
1583819451
1583810145
1583787474
1583651917
1583646198
1583645898
