1618277755
1618256679
1618242952
1618189303
1618187383
1618176252
1618175175
1618174154
1618172763
1618083475
1618012763
1618011213
1618007884
1618004032
1618002789
1617938469
1617937903
1617937557
1617858121
1617826431
1617735374
1617733539
1617672058
1617669931
1617574107
1617562606
1617503719
1617503229
1617503131
1617501917
1617471869
1617323383
1617322080
1617314497
1617243653
1617237015
1617150838
1617148297
1617136803
1617133811
1617127821
1617066986
1617066933
1617056661
1617052963
1616981245
1616979716
1616969541
1616961095
1616960740
1616902343
1616885584
1616882857
1616802714
1616795600
1616793953
1616788109
1616778701
1616719434
1616719266
1616709106
1616707009
1616690928
1616600253
1616444923
1616439183
1616438215
1616374555
1616361441
1616354000
1616295832
1616295663
1616290038
1616187209
1616174402
1616126968
1616115586
1616111927
1616092158
1616024390
1616022056
1616013623
1616012290
1615951684
1615951201
1615923887
1615922483
1615915899
1615863630
1615862406
1615860033
1615858296
1615770275
1615753433
1615751066
1615750388
1615662225
1615580830
1615576102
1615566226
1615489823
1615424547
1615423829
1615414251
1615401180
1615399681
1615346335
1615345276
1615336432
1615259065
1615258518
1615240728
1615174999
1615170316
1615167128
1615163626
1615159667
1615154899
1615063946
1615060900
1614995360
1614904787
1614894545
1614890174
1614885942
1614832822
1614807818
1614799937
1614790030
1614647367
1614645538
1614550785
1614543104
1614542107
1614444396
1614390917
1614388313
1614382960
1614377217
1614286582
1614286122
1614218481
1614205602
1614201453
1614142515
1614140398
1614117214
1614108833
1614104550
1614101848
1614046649
1614037190
1614019673
1614012874
1613963080
1613948825
1613940856
1613937837
1613856313
1613778066
1613756551
1613696047
1613691576
1613685509
1613675679
1613574524
1613519241
1613496565
1613438055
1613429057
1613425076
1613345689
1613342886
1613331060
1613329693
1613323788
1613317537
1613246310
1613084213
1613073756
1613070213
1613069635
1612989158
1612924478
1612917792
1612891233
1612822200
1612810416
1612805300
1612717527
1612654445
1612644369
1612637553
1612632340
1612626308
1612479560
1612376234
1612305115
1612299709
1612282488
1612227166
1612217211
1612206385
1612200552
1612199269
1612136087
1612116498
1612043659
1612034842
1612030346
1611969986
1611956874
1611881711
1611872999
1611861708
1611858281
1611796181
1611791410
1611787663
1611769761
1611699251
1611623113
1611588927
1611440875
1611436014
1611430090
1611418109
1611341921
1611334908
1611262751
1611261347
1611253780
1611252982
1611251431
1611179956
1611177742
1611161940
1611081149
1611014094
1610937369
1610928870
1610912644
1610902468
1610835689
1610829558
1610826930
1610672563
1610672145
1610671901
1610654704
1610645815
1610570266
1610500058
1610498215
1610482120
1610470162
1610468034
1610394937
1610391954
1610390968
1610389041
1610315806
1610300002
1610239495
1610227498
1610226916
1610203356
1610146417
1610146381
1610125547
1610052415
1610034160
1609960291
1609953231
1609946226
1609898363
1609897489
1609896797
1609884169
1609802403
1609727206
1609724583
1609723369
1609722972
1609695337
1609690168
1609678824
1609622556
1609540462
1609462782
1609461050
1609460882
1609460416
1609377432
1609377135
1609347645
1609347263
1609260280
1609260074
1609251044
1609179100
1609118599
1609103956
1609100166
1609097425
1609091326
1609084795
1609083921
1609021610
1609003145
1609000316
1608907591
1608867876
1608867797
1608862101
1608828256
1608827916
1608812308
1608771348
1608759673
1608756835
1608673928
1608590368
1608568820
1608567534
1608503144
1608501949
1608500654
1608423924
1608418787
1608408943
1608408355
1608315742
1608309178
1608306966
1608230979
1608230837
1608162131
1608080515
1608079193
1608065102
1608062075
1608040898
1607981826
1607971668
1607969391
1607963531
1607889174
1607869194
1607866676
1607866579
1607817583
1607814335
1607635618
1607635378
1607625786
1607562793
1607556074
1607549773
1607529991
1607526557
1607526087
1607523474
1607466865
1607450549
1607450111
1607386080
1607373237
1607361013
1607358482
1607301335
1607301287
1607297147
1607216440
1607216167
1607214516
1607207009
1607206957
1607173627
1607120307
1607115731
1607115344
1607095762
1607039819
1607034485
1607034343
1607029351
1606973653
1606924406
1606919338
1606918401
1606870797
1606861323
1606843022
1606838969
1606775993
1606763893
1606685514
1606675549
1606666580
1606665023
1606664339
1606608505
1606594722
1606527097
1606509881
1606500421
1606419028
1606418253
1606414418
1606407870
1606352885
1606338154
1606333840
1606333175
1606322867
1606315226
1606266938
1606262418
1606238375
1606227565
1606184320
1606167217
1606162355
1606162319
1606102279
1606062632
1605962086
1605914603
1605908308
1605828720
1605812249
1605803700
1605743012
1605728994
1605652133
1605649608
1605647836
1605639543
1605574041
1605565935
1605471653
1605399799
1605399645
1605399254
1605383632
1605319552
1605293867
1605293570
1605263052
1605212909
1605203170
1605199342
1605188500
1605141305
1605113508
1605104285
1605056796
1605055193
1605051987
1605043914
1604969756
1604968829
1604958966
1604958746
1604942588
1604941947
1604926170
1604885845
1604884798
1604793927
1604793841
1604709829
1604694165
1604689890
1604683107
1604677305
1604623153
1604622192
1604613085
1604543007
1604542799
1604512019
1604503449
1604503097
1604498792
1604490074
1604413766
1604413041
1604358576
1604258719
1604258636
1604257799
1604239657
1604237175
1604181161
1604153108
1604099111
1604020002
1604019718
1604011435
1603997413
1603989963
1603907349
1603822081
1603808920
1603751961
1603734231
1603676621
1603665122
1603576380
1603506194
1603466884
1603414648
1603393452
1603386917
1603328610
1603314560
1603291601
1603289690
1603283791
1603229609
1603229089
1603223656
1603206612
1603203188
1603200062
1603158620
1603152383
1603128306
1603119475
1603065279
1603064342
1603063869
1603052581
1603040356
1603040165
1602974349
1602966613
1602949423
1602890483
1602862561
1602720265
1602711432
1602704989
1602694312
1602689992
1602637930
1602627415
1602620814
1602619485
1602619356
1602613688
1602605523
1602593714
1602543490
1602448879
1602448225
1602447243
1602428889
1602371814
1602349333
1602346914
1602291507
1602279390
1602273197
1602272832
1602271301
1602264577
1602201140
1602199721
1602192278
1602166056
1602086927
1602071186
1602015903
1602015050
1602013133
1602007803
1602003053
1601952121
1601950635
1601923699
1601913112
1601858815
1601857497
1601856966
1601841020
1601763480
1601762183
1601761013
1601744202
1601738912
1601738519
1601604455
1601604119
1601581836
1601567303
1601499020
1601493047
1601490890
1601489063
1601488900
1601400308
1601396328
1601392424
1601329336
1601329243
1601325699
1601308256
1601247382
1601238650
1601238453
1601237856
1601237631
1601228262
1601222232
1601164489
1601149735
1601149492
1601137209
1600981546
1600974842
1600966366
1600956962
1600956347
1600896976
1600892516
1600891736
1600872385
1600827468
1600821147
1600808975
1600797165
1600785323
1600731142
1600722032
1600720161
1600719978
1600719392
1600712228
1600708877
1600619051
1600616438
1600615790
1600547637
1600547306
1600464023
1600463428
1600460634
1600448694
1600442643
1600382775
1600382176
1600360017
1600295826
1600271998
1600269290
1600268675
1600267554
1600217759
1600217296
1600216839
1600216549
1600189927
1600181282
1600113722
1600113538
1600102094
1600096888
1599944952
1599944481
1599944155
1599929789
1599924373
1599921750
1599867412
1599847132
1599846585
1599844589
1599784015
1599770684
1599770663
1599769424
1599756262
1599703563
1599701969
1599691781
1599686345
1599661182
1599522668
1599516351
1599515449
1599510685
1599495495
1599449229
1599437606
1599408886
1599390726
1599355247
1599355032
1599354294
1599327245
1599266963
1599243843
1599225971
1599219535
1599172188
1599138918
1599125718
1599085102
1599071868
1599067444
1599067329
1599052805
1598998371
1598997339
1598997271
1598993373
1598920526
1598910393
1598894128
1598824875
1598824160
1598820362
1598818713
1598818535
1598753503
1598737227
1598678542
1598673967
1598660201
1598652854
1598649909
1598647471
1598477233
1598475020
1598468646
1598468265
1598408478
1598406974
1598396936
1598379328
1598367353
1598310622
1598294160
1598291383
1598144439
1598137474
1598123465
1598057616
1598057147
1598055007
1597965995
1597960159
1597955304
1597888635
1597888151
1597881658
1597879642
1597875473
1597784262
1597775883
1597719756
1597707642
1597704972
1597700736
1597697728
1597696812
1597605210
1597531836
1597531391
1597529397
1597448860
1597363026
1597362526
1597352484
1597351650
1597350379
1597338619
1597283769
1597281973
1597276874
1597266146
1597198458
1597197552
1597158986
1597158588
1597014384
1597014334
1597012261
1597011902
1596938564
1596937965
1596937331
1596930642
1596923294
1596919949
1596918055
1596835622
1596834876
1596834410
1596822407
1596811804
1596766013
1596765054
1596744719
1596733934
1596665304
1596664264
1596586909
1596577287
1596575152
1596573331
1596505202
1596498061
1596497188
1596489457
1596489108
1596480132
1596422680
1596421503
1596421186
1596406452
1596403760
1596400810
1596399893
1596320918
1596317954
1596247908
1596233559
1596228672
1596224080
1596223380
1596164159
1596163167
1596162603
1596162462
1596161745
1596127707
1596069440
1596057020
1596056707
1596055192
1595987537
1595986859
1595978946
1595978836
1595977945
1595904985
1595903800
1595896039
1595895492
1595894944
1595810222
1595807941
1595801211
1595791034
1595728356
1595713727
1595712634
1595712385
1595711138
1595640963
1595633213
1595631621
1595623090
1595612932
1595550567
1595548586
1595538791
1595538099
1595459077
1595458670
1595458038
1595451658
1595450539
1595382603
1595381157
1595367552
1595366424
1595366126
1595296932
1595291711
1595280569
1595280225
1595279716
1595208964
1595208608
1595190581
1595189451
1595130807
1595119339
1595113592
1595109553
1595106741
1595103183
1595003853
1594934449
1594933143
1594930062
1594920670
1594920459
1594866046
1594865665
1594865326
1594820429
1594763528
1594749193
1594747610
1594694622
1594688839
1594684016
1594668303
1594661604
1594654969
1594585662
1594567359
1594518109
1594508898
1594483433
1594431546
1594429917
1594413630
1594411899
1594408165
1594340613
1594333624
1594328313
1594326867
1594246229
1594245327
1594221960
1594159627
1594155379
1594151892
1594147222
1594143205
1594080601
1594080345
1594057518
1594052834
1593990734
1593989142
1593982834
1593979913
1593979014
1593903681
1593903203
1593898565
1593835701
1593832681
1593806375
1593743689
1593726314
1593724734
1593724495
1593649952
1593649064
1593643273
1593633274
1593630122
1593542703
1593481272
1593469182
1593468222
1593465914
1593459881
1593393834
1593392984
1593282253
1593280155
1593219373
1593213227
1593209511
1593208460
1593185289
1593184331
1593145136
1593117932
1593116713
1593059162
1593036952
1593034717
1593032879
1593019224
1592958269
1592952709
1592949916
1592949089
1592937925
1592873929
1592873163
1592786381
1592773370
1592715859
1592707077
1592701694
1592701223
1592682957
1592678760
1592610994
1592605380
1592591808
1592537093
1592535417
1592530465
1592528761
1592514115
1592453660
1592437104
1592429914
1592425594
1592415500
1592412340
1592405722
1592329478
1592268471
1592267946
1592262331
1592242722
1592238140
1592172491
1592169208
1592153340
1592076945
1592068599
1592062847
1592022011
1592021408
1592003699
1591996066
1591926547
1591925619
1591923059
1591922668
1591918526
1591913979
1591849938
1591849451
1591828484
1591813628
1591754865
1591748134
1591746012
1591743904
1591739472
1591725042
1591666191
1591586144
1591571496
1591562642
1591562267
1591502192
1591485485
1591476297
1591474606
1591409790
1591406698
1591405311
1591389324
1591388480
1591325010
1591293017
1591290029
1591288387
1591246813
1591243262
1591231092
1591214274
1591213628
1591207395
1591154809
1591154043
1591121292
1591072561
1591058892
1591057248
1591055626
1591042150
1591041050
1590977144
1590964594
1590963529
1590960265
1590959739
1590943432
1590868650
1590868145
1590866871
1590863294
1590858427
1590776155
1590756489
1590723608
1590723295
1590702879
1590612528
1590605666
1590604219
1590603829
1590547555
1590536080
1590534133
1590531503
1590521009
1590513587
1590440574
1590438513
1590436784
1590363354
1590347109
1590338057
1590282310
1590272820
1590265080
1590264131
1590189472
1590169123
1590114562
1590097843
1590096803
1590095231
1590033430
1590022682
1590018074
1590007820
1589999367
1589950608
1589945665
1589936515
1589926447
1589922811
1589922720
1589854379
1589849360
1589834129
1589825439
1589760089
1589759989
1589742459
1589673196
1589664076
1589655702
1589651387
1589598245
1589588869
1589587165
1589579448
1589579196
1589484921
1589476472
1589470112
1589385446
1589384331
1589335899
1589324806
1589323669
1589318661
1589316148
1589233927
1589232134
1589156800
1589150590
1589148961
1589141748
1589138704
1589138160
1589130900
1589078024
1589068534
1589051687
1588973836
1588963465
1588955069
1588864074
1588819435
1588792484
1588784393
1588719871
1588717864
1588705975
1588705266
1588701975
1588648168
1588644915
1588632107
1588615861
1588564051
1588555230
1588541045
1588536874
1588536398
1588532222
1588471909
1588470588
1588470271
1588460091
1588375888
1588374016
1588373208
1588354181
1588347563
1588285122
1588284263
1588280207
1588222869
1588220404
1588212883
1588190537
1588186702
1588133270
1588107063
1588106382
1588101775
1588099404
1588023733
1588017866
1588013462
1587961742
1587945938
1587936937
1587935159
1587934846
1587859489
1587857182
1587833494
1587832830
1587780663
1587779548
1587778396
1587767385
1587707288
1587678698
1587677955
1587672636
1587669495
1587668976
1587609783
1587609413
1587591180
1587583745
1587513613
1587508650
1587506459
1587504248
1587432129
1587430743
1587416246
1587415169
1587407810
1587344775
1587341334
1587340157
1587323407
1587313226
1587283750
1587250020
1587239439
1587236323
1587232959
1587180460
1587176509
1587174935
1587174090
1587173071
1587168680
1587150214
1587137401
1587101305
1587086541
1587075382
1587073523
1587000056
1586999459
1586997564
1586997234
1586996234
1586988702
1586911339
1586909801
1586904900
1586904353
1586902842
1586901950
1586900206
1586829779
1586827311
1586816059
1586814598
1586812141
1586807122
1586804896
1586798662
1586794991
1586746192
1586733743
1586731817
1586730308
1586651774
1586649530
1586632457
1586628164
1586627371
1586580689
1586572664
1586569416
1586558185
1586556726
1586484335
1586477099
1586474865
1586455811
1586405502
1586394029
1586392948
1586385594
1586378928
1586363993
1586312811
1586312749
1586279640
1586237890
1586237011
1586224889
1586219935
1586213101
1586210287
1586205251
1586204361
1586130590
1586130087
1586043349
1586010381
1585981972
1585973353
1585970490
1585955951
1585952996
1585942114
1585941350
1585922632
1585852369
1585792769
1585791855
1585791809
1585788104
1585784382
1585768011
1585764755
1585714414
1585709566
1585708846
1585707735
1585687223
1585683268
1585602499
1585599416
1585598233
1585597637
1585581371
1585539670
1585538487
1585536338
1585526353
1585526003
1585518756
1585511523
1585503631
1585502977
1585432143
1585418282
1585366848
1585366596
1585364697
1585363990
1585341559
1585337114
1585333801
1585333221
1585261435
1585260413
1585245683
1585245279
1585244308
1585162501
1585159109
1585158267
1585157295
1585095641
1585094181
1585077768
1585077592
1585067505
1585066676
1585007938
1584990755
1584985865
1584984185
1584920915
1584909391
1584908888
1584900903
1584900548
1584835395
1584833002
1584832433
1584735868
1584729968
1584729737
1584727466
1584727309
1584659725
1584636869
1584576217
1584575658
1584573481
1584552986
1584550456
1584550312
1584490673
1584485981
1584485632
1584408916
1584392805
1584386540
1584385266
1584384104
1584383901
1584303352
1584297542
1584224774
1584224756
1584224702
1584224291
1584142679
1584141990
1584133351
1584118774
1584108252
1584047831
1584045997
1584044991
1584027801
1584021492
1583890384
1583886076
1583846358
1583798327
1583766065
1583712908
1583677561
1583637303
1583536737
1583517684
1583517210
1583517158
1583509821
1583446742
1583446404
1583418345
1583368950
1583368204
1583368005
1583366976
1583325847
1583200994
1583187339
1583179661
1583155748
1583155432
1583079490
1583073588
1582995636
1582936133
1582931951
1582924346
1582924266
1582921140
1582908175
1582899398
1582840865
1582840713
1582809377
1582808974
1582807113
1582763484
1582746144
1582652740
1582648357
1582647932
1582645700
1582644057
1582593069
1582590157
1582570541
1582567855
1582555147
1582494145
1582474526
1582402521
1582381507
1582380726
1582325570
1582324124
1582323625
1582314307
1582300461
1582298855
1582290762
1582249929
1582246031
1582234912
1582209083
1582167960
1582121496
1582121224
1582067037
1582064393
1582046043
1581977114
1581949467
1581898180
1581875380
1581871201
1581870982
1581870536
1581726595
1581726327
1581712441
1581711658
1581710169
1581707421
1581627994
1581623375
1581551699
1581551083
1581542547
1581540408
1581537311
1581520941
1581512213
1581441559
1581435995
1581383553
1581348444
1581346706
1581309507
1581279569
1581212998
1581191441
1581116170
1581115309
1581103667
1581098097
1581097638
1581088346
1581036360
1581019899
1581013421
1581012812
1580924699
1580679570
1580676863
1580671539
1580670881
1580661544
1580600274
1580581764
1580571358
1580570339
1580514814
1580502395
1580480734
1580434504
1580421271
1580329963
1580327200
1580324852
1580316689
1580260557
1580253955
1580149620
1580146792
1580145975
1580143021
1580088680
1580087596
1579981164
1579981057
1579962178
1579962044
1579908876
1579829554
1579816672
1579816335
1579815642
1579815082
1579800074
1579795949
1579735190
1579734106
1579733719
1579730940
1579729519
1579728051
1579702505
1579625624
1579561006
1579558348
1579529744
1579468733
1579468059
1579397670
1579383267
1579383152
1579382457
1579374297
1579311320
1579293794
1579192992
1579184687
1579142045
1579131147
1579117640
1579117255
1579117044
1579036669
1579036445
1579035273
1578958444
1578955149
1578954861
1578932304
1578877716
1578802122
1578696077
1578683006
1578680780
1578669086
1578609993
1578607192
1578605774
1578520955
1578424314
1578353297
1578267306
1578266227
1578265417
1578170495
1578145285
1578078942
1578076750
1578075341
1578074161
1578012452
1578011001
1577927755
1577926606
1577919478
1577919040
1577905278
1577843424
1577835887
1577825856
1577816941
1577815771
1577811245
1577744750
1577735357
1577733413
1577725375
1577660389
1577653264
1577652836
1577646655
1577632204
1577544549
1577483502
1577480570
1577456789
1577383191
1577375973
1577301711
1577300888
1577289527
1577238919
1577218415
1577217698
1577212621
1577209901
1577209102
1577205848
1577205616
1577199549
1577142925
1577050933
1577034717
1577034291
1577027524
1577026120
1576879313
1576878719
1576851999
1576851783
1576850926
1576788508
1576783166
1576626848
1576605892
1576605602
1576532607
1576531866
1576531269
1576459919
1576449432
1576426940
1576358161
1576338869
1576330913
1576326769
1576265806
1576260724
1576203055
1576176641
1576125348
1576103188
1576082178
1576075478
1576074526
1576071597
1576070582
1576020665
1576016233
1575973655
1575915538
1575914413
1575855696
1575854327
1575853913
1575853707
1575735606
1575735219
1575734690
1575675495
1575671127
1575640372
1575590619
1575590296
1575590040
1575589786
1575510122
1575498725
1575497052
1575491252
1575490608
1575464322
1575401173
1575386087
1575385057
1575332830
1575328290
1575328037
1575327809
1575325912
1575325073
1575311389
1575292017
1575229226
1575160673
1575159696
1575159039
1575156496
1575139910
1575139630
1575080384
1575080112
1575061619
1575052707
1575042803
1575041533
1575037562
1574959474
1574958095
1574951594
1574951221
1574909415
1574906641
1574898466
1574822360
1574821947
1574815459
1574811733
1574804330
1574803352
1574729009
1574721114
1574720263
1574712162
1574707117
1574620694
1574608262
1574463779
1574454111
1574453689
1574386527
1574384902
1574360100
1574359332
1574359130
1574358636
1574342476
1574289173
1574288974
1574286819
1574213601
1574213355
1574179170
1574124257
1574111095
1574108668
1574107628
1574107342
1574012543
1574012334
1574010497
1574009222
1573927270
1573853768
1573853395
1573850807
1573848187
1573847590
1573826651
1573752550
1573594924
1573594177
1573588995
1573587908
1573585359
1573520297
1573508624
1573507745
1573501214
1573501174
1573484211
1573482571
1573422945
1573407206
1573406777
1573406359
1573315876
1573312984
1573312422
1573306700
1573252097
1573144108
1573141976
1573141664
1573132688
1572978324
1572976982
1572917897
1572904690
1572826068
1572825713
1572825254
1572824463
1572824013
1572823898
1572787344
1572666348
1572636922
1572632218
1572573113
1572530108
1572484881
1572482009
1572481121
1572397150
1572380989
1572306546
1572305704
1572301698
1572282663
1572226338
1572210480
1572210162
1572209080
1572194612
1572193886
1572107854
1572106953
1572105775
1572105389
1572105181
1572024756
1572024538
1571962206
1571962041
1571958297
1571957490
1571957067
1571872213
1571869492
1571794411
1571781359
1571687925
1571622106
1571520408
1571520230
1571446119
1571432126
1571427050
1571426369
1571278160
1571266036
1571179216
1571178654
1571177869
1571176075
1571161129
1571096453
1570996491
1570982594
1570982530
1570910186
1570901610
1570901469
1570901264
1570831615
1570827766
1570811391
1570754090
1570734424
1570726136
1570659317
1570651862
1570645596
1570556973
1570556847
1570486744
1570465411
1570380828
1570380679
1570380571
1570305047
1570141266
1570141163
1570130460
1570065317
1570063876
1570057631
1570028191
1569960986
1569951604
1569891943
1569890608
1569889524
1569889167
1569789836
1569788659
1569767495
1569761866
1569716430
1569714134
1569703399
1569700360
1569699974
1569690798
1569679639
1569518941
1569518757
1569459464
1569452801
1569452758
1569354061
1569292275
1569268330
1569201407
1569201179
1569194058
1569193701
1569193538
1569192593
1569171686
1569169526
1569158149
1569100851
1569097664
1569087798
1569087108
1568841694
1568840027
1568757678
1568756177
1568755201
1568753539
1568648764
1568638729
1568581090
1568503737
1568406492
1568400753
1568399998
1568399276
1568334681
1568331531
1568316929
1568299336
1568250924
1568249138
1568249089
1568244620
1568060311
1568045483
1568039458
1568038182
1567978196
1567976016
1567974505
1567973989
1567973554
1567967779
1567891421
1567881229
1567798192
1567735139
1567732512
1567732216
1567720792
1567633013
1567619257
1567609259
1567543455
1567517190
1567355235
1567308829
1567298905
1567291218
1567278472
1567104463
1567090941
1567089295
1567033808
1567033726
1567020195
1567019623
1566958976
1566957279
1566943727
1566943269
1566942800
1566940403
1566864683
1566857620
1566857445
1566855325
1566844317
1566841379
1566840683
1566766887
1566763854
1566763334
1566693445
1566672634
1566597357
1566576531
1566576296
1566576160
1566431211
1566345763
1566182388
1566180078
1566179984
1566151657
1566151415
1566150036
1566149526
1566069439
1566064355
1566007228
1565995408
1565994679
1565992694
1565891845
1565806413
1565791469
1565736792
1565652307
1565648008
1565647122
1565643087
1565567817
1565564701
1565551386
1565545051
1565488781
1565482457
1565480591
1565466326
1565382454
1565367254
1565360721
1565209215
1565189038
1564961044
1564960826
1564957648
1564950313
1564941094
1564891354
1564859413
1564805406
1564790224
1564773033
1564767368
1564686183
1564618561
1564594692
1564540914
1564538903
1564519527
1564515798
1564514517
1564514322
1564346420
1564335000
1564256551
1564256063
1564185286
1564184036
1564175048
1564173315
1564113986
1564090026
1564022499
1564022350
1564019004
1564011934
1564010103
1564009521
1564008602
1563998642
1563933109
1563898563
1563847603
1563831274
1563830958
1563763096
1563763025
1563729979
1563729864
1563685212
1563669782
1563646901
1563558281
1563548525
1563309493
1563240214
1563158855
1563154276
1563137820
1563062696
1563045961
1562963880
1562796472
1562708698
1562695599
1562640310
1562636593
1562552337
1562551910
1562524177
1562522699
1562455748
1562447757
1562432597
1562363843
1562359211
1562354504
1562281982
1562281533
1562280651
1562205586
1562168524
1562167742
1562099528
1562021093
1562011475
1562009902
1562006952
1561949114
1561931605
1561852985
1561841988
1561830097
1561829785
1561762910
1561659274
1561595027
1561594652
1561557417
1561553908
1561509299
1561504384
1561483003
1561418949
1561418315
1561416236
1561332101
1561331810
1561323547
1561231840
1561222640
1561221522
1561151516
1561150805
1561081846
1561078269
1561065634
1561063583
1561062514
1560997651
1560993684
1560988965
1560819406
1560814288
1560735465
1560732473
1560729866
1560729338
1560728687
1560728481
1560634685
1560615757
1560558167
1560557626
1560557330
1560557096
1560457695
1560457438
1560381672
1560373414
1560372919
1560372472
1560369813
1560368128
1560363998
1560361143
1560196506
1560195970
1560191352
1560103746
1560022793
1560021381
1560020923
1559925932
1559842162
1559841054
1559771662
1559687205
1559685162
1559480802
1559321026
1559319383
1559318134
1559246077
1559245982
1559244730
1559152905
1559059171
1559053285
1559052878
1559051652
1559050799
1559010126
1558902216
1558730334
1558729317
1558716777
1558716530
1558715637
1558662454
1558577968
1558558412
1558557832
1558557582
1558487554
1558487238
1558486617
1558457416
1558456849
1558394316
1558389836
1558389031
1558375817
1558368163
1558367189
1558366978
1558313799
1558313238
1558303729
1558303297
1558295168
1558294885
1558224700
1558213949
1558212818
1558201997
1558117913
1558115161
1558111638
1558108551
1558106623
1558105300
1558054744
1558054355
1558053981
1558033879
1557961998
1557709685
1557708702
1557706794
1557685728
1557682614
1557619883
1557618306
1557617322
1557611564
1557591270
1557590393
1557590100
1557586503
1557454984
1557428593
1557428055
1557414465
1557346439
1557345665
1557337884
1557337124
1557324784
1557255333
1557190111
1557069390
1557003412
1557003029
1556992592
1556992304
1556991679
1556918700
1556917367
1556917266
1556828134
1556824168
1556753621
1556751522
1556727172
1556721445
1556650185
1556487884
1556484403
1556409687
1556409586
1556408791
1556330443
1556327224
1556311328
1556310780
1556309427
1556309289
1556309200
1556202695
1556202300
1556149449
1556148864
1556147783
1556143094
1556141506
1556050509
1555980715
1555889916
1555885674
1555881815
1555880823
1555875036
1555807629
1555805695
1555785910
1555785503
1555550205
1555538710
1555534694
1555518970
1555460071
1555370124
1555369314
1555356258
1555256840
1555199168
1555177226
1555176471
1555176150
1555074675
1555018376
1554861507
1554860236
1554833037
1554747950
1554666155
1554662404
1554595110
1554588210
1554587523
1554578615
1554561995
1554561492
1554558171
1554492452
1554329440
1554327660
1554322571
1554317424
1554299809
1554299339
1554245088
1554213018
1554210170
1554076177
1554057233
1554055964
1554052281
1554051207
1553967676
1553905790
1553815047
1553705683
1553688846
1553638072
1553637117
1553560596
1553544202
1553541588
1553541350
1553533707
1553462718
1553462260
1553460798
1553392135
1553369997
1553368688
1553366945
1553365106
1553213535
1553211859
1553207100
1553131948
1553108942
1553108153
1553106760
1553106464
1552949929
1552927052
1552840195
1552839934
1552794845
1552793184
1552777355
1552776411
1552776022
1552775430
1552578114
1552567211
1552505567
1552504811
1552504401
1552422265
1552421696
1552415622
1552317441
1552243898
1552234620
1552234192
1552156789
1552085692
1552069184
1552068216
1551992279
1551983570
1551980081
1551901640
1551810139
1551807771
1551745699
1551744899
1551744409
1551657974
1551656837
1551646764
1551645624
1551644554
1551643672
1551642047
1551577918
1551481672
1551466865
1551461416
1551392822
1551390018
1551368550
1551316704
1551315526
1551313696
1551313172
1551312415
1551229153
1551214162
1551213269
1551115647
1551114275
1551113847
1551113533
1550881788
1550861946
1550861339
1550858971
1550856665
1550704572
1550696971
1550695366
1550627642
1550613747
1550612564
1550612067
1550610915
1550603804
1550441521
1550440064
1550437492
1550437134
1550435644
1550435211
1550329103
1550260621
1550259822
1550259377
1550186100
1550185378
1550168748
1550162300
1550000537
1549999318
1549998508
1549997283
1549936000
1549934356
1549932941
1549910779
1549818624
1549670164
1549647240
1549494917
1549494046
1549493811
1549472190
1549464470
1549401642
1549401353
1549400485
1549321903
1549321803
1549124071
1549057061
1549055186
1549050640
1549036734
1548984602
1548983937
1548983416
1548804847
1548801897
1548801609
1548800928
1548766115
1548725161
1548612066
1548523995
1548523260
1548522640
1548521986
1548469504
1548468164
1548461733
1548451458
1548450245
1548351303
1548336358
1548111171
1548022204
1548020164
1548019154
1548001142
1547949862
1547854292
1547844629
1547838941
1547835568
1547834060
1547831540
1547738041
1547737254
1547736402
1547735719
1547678992
1547650688
1547598529
1547590515
1547503081
1547501458
1547501057
1547428474
1547424961
1547392808
1547342918
1547340024
1547302244
1547239569
1547238759
1547151359
1547151036
1547150390
1547149582
1547069863
1547056129
1547052196
1547044294
1547038945
1546641457
1546638954
1546638284
1546637403
1546636827
1546636202
1546548751
1546540713
1546364272
1546295321
1546294265
1546276824
1546275549
1546202345
1546201538
1546108675
1546034281
1546024903
1546023157
1546022699
1546021321
1545938925
1545691249
1545525255
1545493924
1545428181
1545425992
1545351139
1545336818
1545314317
1545242613
1545079665
1545079093
1545010997
1544979064
1544920319
1544822170
1544821741
1544819056
1544814865
1544814078
1544809949
1544809507
1544493054
1544492200
1544455240
1544384684
1544384176
1544376707
1544195080
1544050283
1544027919
1544025944
1543977368
1543964991
1543942457
1543942229
1543598950
1543446855
1543441962
1543352526
1543329364
1543151965
1542930455
1542902271
1542900224
1542811537
1542748111
1542669778
1542549723
1542545378
1542210317
1542209685
1542208977
1542148268
1542134862
1542070053
1541944268
1541897369
1541809475
1541798905
1541797702
1541545981
1541522461
1541457291
1541455991
1541201210
1541182780
1541175677
1541088525
1541088108
1541080063
1541014333
1541014248
1541013712
1541012851
1540940640
1540747377
1540690593
1540653937
1540653734
1540650492
1540577791
1540415332
1540411474
1540323641
1540074885
1540002477
1539990261
1539988551
1539983160
1539965737
1539883719
1539803537
1539795240
1539649753
1539614874
1539560243
1539531182
1539444305
1539443424
1539195665
1539195107
1539183016
1539027308
1538947166
1538941265
1538842440
1538841956
1538841397
1538689937
1538592684
1538585881
1538432577
1538428412
1538427388
1538351082
1538167815
1537906409
1537905450
1537790588
1537569625
1537567879
1537476057
1537454676
1537388857
1537305085
1537304646
1537220364
1537203682
1537203122
1537148280
1537132876
1537050325
1536960739
1536952338
1536934380
1536767985
1536626687
1536608754
1536532363
1536531446
1536530974
1536441729
1536441083
1536439664
1536437980
1536356103
1536350221
1536161835
1536101664
1536093581
1536021490
1536016876
1535998850
1535820110
1535814571
1535814167
1535745426
1535580320
1535557037
1535409366
1535408610
1535407271
1535324256
1535322375
1535321409
1535122932
1534976870
1534785941
1534715092
1534630226
1534608143
1534530007
1534440582
1534431808
1534105705
1534093360
1534030149
1534025861
1533931113
1533921948
1533596856
1533413611
1533413213
1533341757
1533176148
1533003102
1532897271
1532657318
1532642852
1532641331
1532477737
1532477389
1532473451
1532306562
1531971245
1531778054
1531776589
1531774234
1531508842
1531254802
1531251837
1531241967
1531237546
1531183108
1531164135
1531159023
1530839675
1530663201
1530405517
1530401446
1530369534
1530138927
1530130676
1529881348
1529865233
1529864864
1529861947
1529796308
1529794990
1529717419
1529717311
1529636909
1529540291
1529528972
1529448689
1529447884
1529447371
1529278890
1528928608
1528830859
1528830497
1528741273
1528738887
1528682401
1528669682
1528659528
1528659167
1528494477
1528492518
1528409304
1528406939
1528241313
1527959256
1527958239
1527958015
1527115252
1526932048
1526696834
1526695371
1526599623
1526498921
1526348454
1526340634
1526260055
1526252494
1525993797
1525898531
1525894306
1525815834
1525809473
1525807013
1525641548
1525639972
1525638468
1525627783
1525564930
1525563287
1525394988
1525392176
1525303120
1525194915
1525116556
1525050477
1524964459
1524844993
1524782611
1524699879
1524698733
1524695107
1524444747
1524439825
1524411692
1524358415
1524354665
1524347218
1524254935
1524093353
1524064387
1523995762
1523994219
1523917427
1523916953
1523907444
1523753968
1523752988
1523751710
1523747712
1523745390
1523667702
1523574836
1523572364
1523568054
1523567661
1523392358
1523384314
1523316386
1523290963
1523232140
1523228836
1523226181
1523226021
1523211024
1523126525
1523122188
1523120667
1523051766
1523037426
1522971716
1522966912
1522947642
1522880970
1522713455
1522617675
1522617473
1522607712
1522590735
1522503872
1522500948
1522369392
1522368623
1522368096
1522355517
1522354646
1522346187
1522199072
1522192388
