1618169195
1618082209
1618008603
1617996205
1617910609
1617816939
1617742628
1617651352
1617570459
1617544794
1617507264
1617475772
1617465453
1617403172
1617380342
1617344547
1617282885
1617226403
1617211081
1617145571
1617123738
1617087861
1616956129
1616933481
1616869640
1616725320
1616686100
1616536291
1616457697
1616202664
1616186791
1616004713
1615894450
1615847965
1615823582
1615663691
1615608530
1615605199
1615590588
1615574743
1615518744
1615405427
1615376507
1615349440
1615335062
1615329711
1615151575
1615139272
1615125156
1615044328
1614973167
1614957536
1614915636
1614901615
1614884155
1614839964
1614825335
1614800422
1614790169
1614724885
1614644283
1614615001
1614542494
1614518381
1614484241
1614469873
1614442128
1614381793
1614356100
1614268218
1614221110
1614206847
1614096389
1614027122
1613932581
1613886876
1613841458
1613781198
1613684804
1613674099
1613650072
1613624243
1613583473
1613543636
1613501991
1613439433
1613417205
1613406668
1613352101
1613318569
1613245190
1613236674
1613162803
1613158080
1613112151
1613104726
1613073534
1612987204
1612955418
1612907108
1612847586
1612809232
1612779699
1612771164
1612759108
1612722554
1612676022
1612590207
1612480242
1612379548
1612326035
1612293918
1612262470
1612189456
1612074689
1612029316
1611982661
1611870508
1611843969
1611791796
1611781379
1611772872
1611727593
1611675636
1611641513
1611629850
1611514606
1611485498
1611370125
1611327469
1611290658
1611197275
1611173731
1611097492
1611086465
1611011703
1610948206
1610908051
1610864517
1610832192
1610683602
1610660196
1610609636
1610580019
1610511790
1610423357
1610407557
1610312085
1610223513
1610156245
1610050974
1610000517
1609956171
1609274832
1609223541
1609196566
1609172686
1608925278
1608924464
1608838421
1608789405
1608596670
1608462423
1608395849
1608010817
1608001587
1607884706
1607805869
1607729871
1607655079
1607495024
1607104416
1606838555
1606666102
1606597327
1606443637
1606422453
1606267954
1606184713
1606164893
1606101845
1606012951
1605905702
1605851910
1605816259
1605814826
1605751667
1605737284
1605641019
1605407208
1605330445
1605313390
1605306748
1605122293
1605030363
1604969374
1604681784
1604517246
1604455965
1604452650
1604371897
1604341728
1604310578
1604278918
1604259503
1604242616
1604187492
1604161962
1604106226
1604047489
1604031236
1603995508
1603987879
1603907569
1603888294
1603830354
1603824333
1603813807
1603747049
1603666848
1603579713
1603474198
1603426474
1603368952
1603314124
1603274460
1603237026
1603126925
1603113613
1603106164
1603051090
1602969890
1602949429
1602896749
1602879849
1602856874
1602797747
1602775453
1602708654
1602656503
1602625814
1602608335
1602571544
1602505980
1602469899
1602453564
1602425684
1602399626
1602371428
1602322342
1602288565
1602216598
1602160558
1602063877
1601955226
1601852983
1601804725
1601759246
1601533539
1600633836
1600459920
1600406650
1600285091
1600029799
1599860570
1599677792
1599602636
1599508838
1599425855
1599341986
1598816973
1598779060
1598603618
1598479711
1598390994
1598297817
1598222515
1598211823
1598126260
1597888292
1597864441
1597776069
1597348394
1596822197
1596653448
1596394668
1596049917
1595785121
1595701824
1595647730
1595611040
1595525230
1595487607
1595440973
1595189199
1594969713
1594838489
1594750204
1594374386
1594234391
1594087381
1594056503
1593896730
1593803078
1593795262
1593726759
1593714435
1593707833
1593634880
1593628314
1593620379
1593550058
1593543390
1593452736
1593373171
1593283414
1593216424
1593203242
1593111178
1593028092
1592940331
1592868462
1592855249
1592770572
1592763926
1592692146
1592679810
1592610116
1592602793
1592523248
1592254487
1592173921
1592160058
1592083191
1591994260
1591840464
1591765067
1591689111
1591642010
1591578526
1591469987
1591421755
1591391196
1591224181
1591047626
1590952957
1590949734
1590866482
1590791353
1590729600
1590643096
1590511334
1590435209
1590430645
1590347289
1590343281
1590261401
1590170127
1590087540
1590082205
1590000531
1589931837
1589913350
1589817785
1589778058
1589738543
1589700758
1589695474
1589609493
1589599283
1589567231
1589482741
1589478859
1589476946
1589394150
1589389949
1589351913
1589345518
1589299971
1589265905
1589141592
1589128514
1589047959
1588990730
1588967326
1588877626
1588868551
1588714952
1588618407
1588548163
1588444680
1588398363
1588380249
1588357611
1588353346
1588311738
1588261411
1588223855
1588184237
1588175978
1588030581
1587935501
1587854330
1587830406
1587787963
1587761516
1587741766
1587699013
1587679067
1587657693
1587571710
1587504576
1587483995
1587259490
1587239283
1587161863
1587137344
1586718216
1586713643
1586702432
1586668735
1586649398
1586643224
1586491673
1586405498
1586367834
1586317811
1586276198
1586236616
1586185571
1586131328
1586009677
1585972211
1585953847
1585935036
1585863819
1585846857
1585784548
1585603503
1585540037
1585520648
1585502905
1585441007
1585430686
1585412801
1585366384
1585338636
1585249542
1585208369
1585115801
1585097659
1585087338
1585065135
1585021185
1584931075
1584848878
1584835734
1584774253
1584759504
1584708741
1584668167
1584551367
1584498965
1584434821
1584414759
1584412066
1584408601
1584374669
1584332929
1584313886
1584163446
1584156454
1584072664
1583986450
1583818756
1583815259
1583730881
1583688865
1583646739
1583617218
1583567440
1583554759
1583529785
1583517585
1583490525
1583393845
1583347356
1583311411
1583286929
1583240635
1583201428
1583184384
1583133846
1583040692
1583004130
1582955215
1582946655
1582868551
1582825455
1582784027
1582762513
1582640911
1582614051
1582581687
1582574529
1582412106
1582316407
1582291705
1582207182
1582130156
1582085338
1582052129
1582001013
1581978994
1581882520
1581802247
1581743543
1581691239
1581654489
1581622132
1581528570
1581448806
1581388496
1581360969
1581266879
1581197146
1581169024
1581038579
1581002193
1580929110
1580908185
1580845270
1580823701
1580755153
1580629339
1580577353
1580531561
1580463097
1580445060
1580408781
1580369039
1580345401
1580334365
1580287076
1580284094
1580255699
1580245035
1580231589
1580175048
1580165138
1580156050
1580076101
1579991239
1579980151
1579922041
1579908528
1579898678
1579821115
1579661803
1579642937
1579571689
1579538105
1579463225
1579376481
1579321443
1579291710
1579239391
1579232819
1579130176
1579127885
1579048265
1579026935
1578640456
1578361518
1578212889
1578175974
1578171982
1578034898
1578019836
1577990571
1577952289
1577928771
1577920226
1577826794
1577822168
1577775586
1577737157
1577684457
1577648340
1577636927
1577577777
1577550299
1577523783
1577482516
1577346221
1577344937
1577305759
1577252997
1577236880
1577172473
1577005102
1577004223
1576982485
1576947616
1576867447
1576825971
1576820371
1576733528
1576618751
1576426330
1576393018
1576312298
1576298248
1576260361
1576190502
1576189570
1575958813
1575878120
1575837204
1575785803
1575737518
1575734664
1575651252
1575611757
1575385309
1575336206
1574979272
1574594612
1574525500
1574003517
1573853841
1573675795
1573601006
1573423620
1573389700
1573123040
1572995711
1572993233
1572090056
1571604089
1571559891
1571501530
1571255968
1571161513
1571149673
1571056046
1570980292
1570978768
1570900523
1570824435
1570793954
1570602623
1570311046
1570257374
1570244930
1570102571
1569992676
1569822126
1569732907
1569639390
1569441893
1569345873
1569311936
1569305719
1569213567
1569138508
1569128173
1569042222
1568918139
1568744733
1568735239
1568606745
1568562185
1568529751
1568403404
1568144126
1568008061
1567972691
1567885955
1567835673
1567795355
1567746425
1567663849
1567660158
1567576435
1567496745
1567359269
1567320583
1567320176
1567235166
1567200680
1567144595
1567143994
1567093533
1567059807
1567055192
1567005885
1566970876
1566798277
1566621442
1566583425
1566543561
1566504859
1566460953
1566412821
1566362968
1566282638
1566196531
1566196051
1566027890
1566024450
1565935110
1565849878
1565844385
1565814904
1565673644
1565510784
1565499710
1565451827
1565449970
1565412062
1565368601
1565325952
1565244960
1565242313
1565199034
1565143561
1565125400
1565105013
1565066704
1564996473
1564989508
1564894294
1564809254
1564731275
1564723690
1564722452
1564645712
1564547730
1564470353
1564380832
1564293041
1564201821
1564101252
1564070350
1564001166
1563943583
1563770671
1563685971
1563597060
1563424642
1563251677
1563164749
1563083211
1562999149
1562912077
1562908594
1562740547
1562223231
1562045974
1562043534
1561741493
1561741388
1561605792
1561407664
1561406679
1561401628
1561233844
1560839332
1560728203
1560727885
1560408046
1560395292
1560324042
1560320003
1560316984
1560316810
1560235703
1559803004
1559715630
1559443038
1559357091
1558763456
1558762304
1558245017
1558160940
1558154164
1557718784
1557469727
1557201836
1557078535
1557011859
1556993635
1556778676
1556773877
1556550724
1556408445
1556380819
1556380602
1556343976
1556341842
1556340900
1556259455
1555912548
1555912323
1555652926
1555652680
1555606344
1555604709
1555603171
1555602205
1555601763
1555601627
1555394420
1555392197
1555141981
1555141515
1554961603
1554615272
1554355705
1554355095
1554272762
1554272624
1554233017
1554190212
1554157559
1554096891
1554096444
1553143097
1553063122
1552544797
1552542499
1551813375
1551592894
1551167345
1550476457
1549822281
1549325258
1549141768
1549136853
1549092188
1549091377
1547952031
1547798784
1547657818
1547572165
1547485673
1547360756
1547312666
1547275773
1546716055
1544894075
