1618177863
1618171879
1618168064
1617555949
1616964455
1616527234
1615318130
1615316962
1615314819
1614031524
1613757796
1613675831
1613412864
1613241256
1612810039
1612638223
1611948915
1611168576
1610656713
1610649287
1608232423
1608230461
1607965447
1607888365
1607886164
1605377402
1605372538
1604684936
1604507945
1604336990
1603391137
1603214159
1603041433
1602954625
1602014618
1601058224
1600799340
1600619793
1600292569
1597597422
1597587604
1597259301
1596387037
1596384048
1596217707
1595525362
1593534037
1592337123
1592243845
1592150495
1592072274
1589936442
1589475872
1589054466
1588278685
1587934188
1587833800
1587665922
1586992305
1586883627
1586803426
1586802144
1585941839
1585866800
1585587745
1585076070
1585073345
1585000403
1584992317
1584560588
1584295437
1584053212
1583866304
1583863353
1583605673
1583522546
1583344955
1583085536
1582653936
1582653627
1582567465
1582485448
1582308276
1582231094
1582222976
1581632576
1581529841
1581452856
1581271628
1581184419
1581183918
1581109743
1580839200
1580837639
1580401701
1580238215
1580060709
1580060346
1578449012
1578182230
1578162231
