1617843443
1617654156
1613977276
1613405564
1612720917
1609956305
1609784073
1609782629
1609108267
1608945480
1608945168
1608944263
1607539426
1596824684
1596824074
1596592425
1596510599
1596509903
1595908425
1594326633
1594313314
1592854011
1592342696
1591728267
1591645453
1591378318
1591050540
1590638830
1590172654
1590113414
1590112043
1590108576
1590030024
1589766396
1589303327
1589301428
1589241108
1588912966
1588905532
1588878257
1588349937
1588292550
1588265431
1588263522
1588100644
1588098176
1588096666
1588093884
1587663595
1587658227
1587100753
1586657072
1586555173
1586303105
1586210362
1586210134
1586033465
1586031429
1585859792
1585776551
1585763684
1585760629
1585758465
1585608526
1585333818
1585263681
1585255850
1585249367
1585093624
1585012902
1585012158
1584992443
1584991837
1584825368
1584816309
1584645835
1584645212
1584566045
1584218463
1584218053
1584210401
1584209432
1584034913
1583876069
1583870160
1583698224
1583612911
1583608538
1583608189
1583607872
1583595953
1583543395
1583532640
1583529025
1583528847
1583375066
1583360725
1583356838
1583195368
1583163930
1583160733
1582758341
1582667775
1582590073
1582503129
1582409258
1582406482
1582406287
1582252962
1582252430
1582239619
1582050826
1581899299
1581871482
1581863968
1581791522
1581713316
1581650724
1581629220
1581468264
1581286170
1581282856
1581215032
1581191303
1581186864
1581186520
1581030148
1581026672
1581015766
1581011336
1581010701
1580864860
1580765397
1580690568
1580686655
1580686488
1580685659
1580678450
1580677221
1580663980
1580662575
1580660177
1580347704
1580163664
1580151846
1579829060
1579825120
1579732698
1579731937
1579128916
1578777507
1578776568
1578775483
1578719048
1578604824
1578116305
1577838260
1577220414
1577138543
1577059744
1577031927
1576947165
1576945525
1576888412
1576879119
1576794519
1576762794
1576708914
1576680230
1576622484
1576250411
1576159375
1575842775
1575840449
1575737383
1575420047
1575418381
1575179417
1575177408
1575175014
1575174152
1575091451
1575083613
1575075540
1574980537
1574968350
1574888208
1574886030
1574884622
1574716470
1574279391
1574219969
1574217306
1574168016
1574124804
1574124426
1574107581
1573999562
1573997987
1573958760
1573958467
1573956309
1573939342
1573934633
1573930827
1573928410
1573925391
