1616706632
1616533081
1616362019
1616031839
1615595966
1614979781
1614294563
1614197777
1614195536
1614112550
1614038541
1613776941
1613330368
1613161015
1612559522
1612474029
1612398831
1611967611
1611732906
1611257626
1611087930
1610754531
1610594880
1610568075
1610503764
1610488773
1610147090
1609539932
1608758452
1608668946
1608586429
1608503526
1608490586
1608414445
1608407310
1608154959
1607977455
1607960948
1607885710
1607544746
1606981113
1606885223
1606700191
1606698806
1606687130
1606512571
1606433917
1606168615
1606118455
1606088845
1605998059
1605828563
1605727269
1605643805
1605593574
1605465899
1605401222
1605308744
1605078562
1604975809
1604798622
1604085625
1603827018
1603577732
1603165607
1603153382
1603076970
1602875277
1602631550
1602458821
1602446188
1602363852
1602280774
1602021923
1601940393
1601668721
1601581545
1601506874
1601065484
1600888907
1600807842
1600297088
1600119344
1600044445
1599673713
1599247273
1599073415
1598990227
1598565501
1598487311
1598469692
1598385527
1598299590
1598230162
1598038506
1597879228
1597780522
1597516557
1597351385
1597258439
1596408746
1596226593
1596148590
1596048517
1595976843
1595975865
1595801824
1595538071
1595479922
1595445068
1595412253
1595360293
1595357593
1595195631
1595107636
1595024772
1595012871
1594770115
1594753506
1594716066
1594602985
1594517306
1594496242
1594429125
1594413115
1594323768
1594244230
1594161593
1593987223
1593816509
1593219499
1592942846
1592888728
1592513049
1592415783
1592349796
1591914773
1591843381
1591754429
1591659954
1591495079
1591412056
1590875845
1590779023
1590732087
1590690176
1590528106
1590445406
1590277166
1590190699
1589583964
1589415760
1589310362
1588817833
1588705576
1588520992
1588300005
1587235733
1587161649
1587084935
1586901228
1586718868
1586566116
1586498772
1586383025
1586294632
1585941141
1585878316
1585876784
1585771839
1585688852
1585683555
1585441294
1585175203
1585089935
1584838616
1584836858
1584734756
1584669107
1584654320
1584247026
1584051920
1583532240
1583449840
1583196612
1583011779
1582925273
1582672874
1582500460
1582490104
1582404074
1582220758
1582166355
1582078675
1581988752
1581632783
1581627828
1581553606
1581552193
1581114175
1581104467
1580779650
1580610425
1580513616
1578627367
1578607342
1578538069
1578344658
1578271959
1578268837
1578111829
1578099221
1578087197
1577829867
1577054698
1576888531
1576791873
1576731574
1576716508
1576536640
1576025903
1575841802
1575428082
1573518717
1572910383
1572639743
1572569186
1572466425
1572378139
1572309320
1572045608
1571788726
1571534414
1571095018
1570827000
1570487116
1569627217
1565293398
