1618267375
1618252195
1618100905
1618086556
1618022102
1617933156
1617923642
1617825616
1617676297
1617669487
1617663257
1617592166
1617583988
1617577223
1617567391
1617508168
1617499190
1617490855
1617482761
1617473371
1617421834
1617414631
1617409663
1617402726
1617250571
1617243357
1617165291
1617155550
1617078764
1617068759
1617059179
1616989455
1616982377
1616974844
1616900401
1616896381
1616817091
1616808942
1616801564
1616123005
1616112189
1615941971
1615597318
1615589057
1615514613
1615505045
1615498976
1615426245
1615419056
1615413248
1615344743
1615332669
1615323371
1615265358
1615258524
1614042161
1614031507
1613786182
1613778426
1613770401
1613707562
1613698213
1613685936
1613526927
1613517264
1613509527
1613443086
1613436594
1613430184
1613422476
1613351890
1613345679
1613337776
1613179809
1613174580
1613168913
1613064421
1613011378
1613003726
1612996923
1612988835
1612981105
1612930253
1612924236
1612917642
1612658690
1612654271
1612651524
1612642264
1612572233
1612151207
1612146352
1612061010
1612053951
1611977337
1611972244
1611962522
1611958100
1611869513
1611808311
1611803228
1611798425
1611792896
1611784624
1611706000
1611698124
1611535450
1611530935
1611377860
1611356939
1611349831
1611277179
1611270359
1611266709
1611191586
1611185784
1611175828
1611172271
1611111218
1611104960
1611099703
1611095654
1611021768
1611007442
1610849056
1610839272
1610835564
1610831176
1610764949
1610758970
1610755452
1610752080
1610747313
1610669970
1610665959
1610507727
1610499001
1610489256
1610427161
1610418622
1610413700
1610323448
1610163920
1610156335
1610152095
1610082277
1610077279
1610069505
1610065399
1609905583
1609896599
1609889438
1609885755
1609815658
1609811690
1609806855
1609802780
1609792965
1609729531
1609718200
1609639778
1609626940
1609617707
1609552096
1609547658
1609540592
1609465705
1609460896
1609457663
1609453699
1609446104
1609296313
1609290893
1609284563
1609214544
1609209850
1609202948
1609198251
1609122486
1609113366
1609106888
1609101777
1608951436
1608943315
1608938347
1608865295
1608856196
1608853251
1608788956
1608770797
1608761705
1608757430
1608672029
1608511159
1608503556
1608429473
1608419236
1608327517
1607903501
1607899490
1607827050
1607818290
1607812189
1607717004
1607656011
1607644037
1607638446
1607626983
1607460178
1607305428
1607293938
1607047850
1607042450
1607034392
1607025605
1607020753
1606960899
1606956625
1606952331
1606868451
1606862483
1606857932
1606848756
1606789330
1606779349
1606775407
1606770521
1606446138
1606436783
1606433604
1606349937
1606345493
1606327027
1606186913
1606182113
1606176720
1606173292
1606169954
1606092410
1606087206
1606080329
1606001562
1605997631
1605993661
1605989246
1605935052
1605922087
1605917105
1605913322
1605836771
1605824502
1605813357
1605750540
1605740598
1605733911
1605499549
1605482947
1605478543
1605403545
1605398189
1605387986
1605314696
1605309465
1605296360
1605234360
1605222654
1605216867
1604974105
1604969583
1604962328
1604876575
1604707830
1604698505
1604628802
1604621078
1604617342
1604355765
1604350086
1604344672
1604199003
1604192162
1604180965
1604173869
1604085164
1603750509
1603737156
1603660196
1603652986
1603566353
1603412967
1603400542
1603328388
1603319670
1603242026
1603233086
1603228135
1603217855
1603055759
1603047413
1602980286
1602972127
1602960539
1602893865
1602885735
1602871791
1602807991
1602801436
1602794037
1602632768
1602622325
1602613886
1602547268
1602535224
1602379723
1602372573
1602358812
1602281384
1602208202
1602202445
1602194994
1602116566
1602109673
1602099282
1602028726
1602021789
1602014204
1601949780
1601942695
1601933853
1601690643
1601686895
1601683390
1601606785
1601602852
1601595496
1601587151
1601583536
1601507627
1601503964
1601498058
1601424206
1601421126
1601416620
1601405046
1601334800
1601326309
1601321759
1601316961
1601253361
1601222343
1601085974
1601081868
1601072996
1600994133
1600990978
1600984605
1600978680
1600911642
1600902013
1600895006
1600891228
1600811997
1600806059
1600796506
1600735186
1600728616
1600724584
1600675242
1599954003
1599943547
1599938353
1599934154
1599787783
1599784071
1599782181
1599779558
1599771769
1599700903
1599698184
1599694246
1599679127
1599673254
1599607221
1599601094
1599594495
1599591068
1599518923
1599427562
1599419897
1599415459
1599240383
1599180424
1599168959
1599164448
1599155069
1599146011
1599109903
1599094041
1599089075
1599085728
1599082982
1599007345
1598999217
1598990044
1598983588
1598912509
1598904614
1598837841
1598829117
1598824418
1598808576
1598747661
1598742414
1598738830
1598732535
1598657308
1598653768
1598650399
1598647058
1598581097
1598575259
1598562490
1598554278
1598481640
1598477529
1598397140
1598392481
1598390533
1598384877
1598378957
1598317786
1598311429
1598304187
1598300253
1598296124
1598288417
1598221745
1598208044
1598140562
1598133012
1598125897
1598119670
1598059638
1598049296
1598042914
1597971591
1597967115
1597963406
1597959508
1597953694
1597875703
1597864106
1597797870
1597793317
1597789440
1597781794
1597778436
1597716083
1597711121
1597694163
1597623827
1597601690
1597539702
1597536463
1597532120
1597527956
1597448554
1597444554
1597441417
1597437342
1597433414
1597353639
1597350506
1597344271
1597277647
1597267070
1597256356
1597189107
1597185504
1597174116
1597168495
1597110676
1597106237
1597101848
1597098543
1597095657
1597020664
1597012399
1597006149
1597001924
1596927501
1596923965
1596921411
1596856560
1596846901
1596844349
1596752250
1596747601
1596736959
1596679950
1596673048
1596656710
1596650164
1596589972
1596585101
1596578818
1596563571
1596505976
1596501404
1596498032
1596488732
1596482320
1596411211
1596407686
1596402097
1596324484
1596319401
1596315591
1596310179
1596243441
1596235069
1596159720
1596155008
1596150951
1596148644
1596071819
1596068537
1596064866
1596061357
1596051237
1595985669
1595980791
1595977427
1595959833
1595900880
1595898319
1595895113
1595890244
1595881960
1595876023
1595812274
1595809036
1595804843
1595801777
1595798738
1595640582
1595637921
1595635258
1595633582
1595625663
1595616593
1595553230
1595550156
1595545716
1595541687
1595539758
1595529754
1595469179
1595466709
1595462822
1595459698
1595455599
1595378684
1595374038
1595370098
1595366360
1595351293
1595297587
1595293446
1595289579
1595286248
1595283101
1595202422
1595199181
1595124866
1595119259
1595113648
1595110903
1595108198
1595100915
1595030256
1595026177
1595023018
1595017580
1595015049
1594939994
1594935694
1594932060
1594928266
1594924392
1594864402
1594773499
1594766021
1594762240
1594688473
1594681304
1594677619
1594671869
1594603796
1594601164
1594595586
1594584499
1594526996
1594523965
1594520138
1594517989
1594500021
1594423569
1594419699
1594410642
1594397507
1594339854
1594335982
1594330449
1594325992
1594316336
1594261826
1594257345
1594252350
1594248665
1594169505
1594164654
1594158539
1594153286
1594079587
1594076993
1594072411
1594068172
1593998103
1593992846
1593986164
1593975262
1593917748
1593913994
1593906825
1593886304
1593825258
1593820768
1593816448
1593744165
1593735273
1593730996
1593725197
1593640602
1593637125
1593571791
1593565109
1593561081
1593478116
1593474340
1593468657
1593465047
1593461680
1593398209
1593389976
1593384094
1593298436
1593293142
1593221462
1593217509
1593213672
1593195495
1593135123
1593131278
1593120456
1593114643
1593024695
1592964552
1592944744
1592925847
1592874333
1592870831
1592867099
1592783296
1592778098
1592776849
1592771860
1592701782
1592689293
1592685009
1592676421
1592605676
1592600618
1592596695
1592591875
1592524142
1592517722
1592512607
1592506925
1592437629
1592429826
1592425311
1592421436
1592357079
1592348879
1592345462
1592341440
1592331061
1592271362
1592268450
1592264996
1592259754
1592256103
1592184255
1592180635
1592177238
1592171790
1592097108
1592082387
1592078268
1592074359
1592069798
1592000197
1591993167
1591988571
1591927719
1591923463
1591918870
1591914643
1591909274
1591839772
1591835185
1591831012
1591820740
1591655266
1591648706
1591638783
1591574850
1591567589
1591558118
1591554021
1591475638
1591464648
1591401470
1591397792
1591392647
1591386515
1591235863
1591228472
1591220558
1591211258
1591141544
1591135928
1591127552
1591126448
1591061887
1591050749
1591045048
1591039955
1590969099
1590965692
1590962055
1590958508
1590878775
1590877302
1590856324
1590800206
1590792143
1590783797
1590775876
1590717283
1590713476
1590701748
1590693995
1590682743
1590634850
1590628940
1590612968
1590611094
1590605893
1590531890
1590524957
1590517892
1590459075
1590452566
1590449217
1590436089
1590427552
1590364567
1590358643
1590352951
1590277603
1590273665
1590256882
1590203016
1590197980
1590190423
1590179215
1590172601
1590110854
1590104358
1590095005
1590087852
1590081497
1590027338
1590015096
1590006911
1590001035
1589928061
1589920247
1589916079
1589908250
1589852415
1589844199
1589835408
1589826763
1589759886
1589752937
1589750070
1589736359
1589588595
1589581787
1589573541
1589509425
1589497361
1589494098
1589490743
1589484591
1589422251
1589416415
1589405271
1589401467
1589326060
1589321281
1589255300
1589247036
1589242862
1589237083
1589161980
1589154900
1589142703
1589134592
1589081742
1589076930
1589071624
1589061817
1589057648
1588991303
1588979198
1588975397
1588970954
1588894231
1588890134
1588886303
1588875302
1588816005
1588812023
1588807479
1588720756
1588715372
1588700983
1588644244
1588630204
1588621266
1588552303
1588544418
1588530992
1588466339
1588456822
1588451198
1588375992
1588370917
1588366040
1588303063
1588270781
1588204456
1588198008
1588193954
1588124530
1588105961
1588097488
1588030003
1588022687
1588009042
1587924099
1587850299
1587842166
1587834120
1587688600
1587687328
1587682341
1587675058
1587601580
1587594311
1587524551
1587507437
1587504751
1587495119
1587429514
1587410867
1587248844
1587244781
1587233674
1587176222
1587172516
1587161603
1587087176
1587081182
1587004265
1586981377
1586918074
1586911800
1586905450
1586823488
1586817268
1586723339
1586709825
1586652230
1586643480
1586636479
1586570314
1586568065
1586553323
1586479910
1586474635
1586463549
1586396212
1586391837
1586311507
1586294115
1586286471
1586142539
1586129152
1586042454
1586038698
1586022698
1585880858
1585874919
1585871932
1585801581
1585705905
1585701034
1585697484
1585623471
1585617658
1585614076
1585610142
1585539986
1585536643
1585533048
1585441718
1585434656
1585432508
1585280310
1585273864
1585267776
1585264511
1585201337
1585187747
1585186387
1585182377
1585104553
1585099100
1585096272
1585091443
1585010225
1584933400
1584927244
1584921651
1584916743
1584909500
1584847338
1584833015
1584826182
1584822045
1584744046
1584737477
1584666595
1584663607
1584658044
1584574382
1584571584
1584498856
1584496371
1584489300
1584413239
1584403017
1584399296
1584395262
1584149097
1584138119
1584135288
1584051989
1583976902
1583970635
1583962492
1583882953
1583876240
1583810403
1583800555
1583792837
1583789657
1583620036
1583544372
1583536999
1583534326
1583454388
1583444483
1583374051
1583362620
1583284114
1583279557
1583272052
1583205852
1583195876
1583184889
1583108086
1583095769
1583092091
1583016947
1583007734
1582936690
1582931806
1582926598
1582761446
1582688475
1582680878
1582660776
1582600842
1582596685
1582590073
1582427547
1582335095
1582330480
1582261207
1582084852
1582076169
1582066202
1581986563
1581980862
1581968965
1581808470
1581645132
1581632106
1581541883
1581465678
1581454233
1581374393
1581290616
1581282251
1581201737
1581188353
1581122263
1581103901
1581040376
1581028872
1581018938
1580963985
1580947339
1580936004
1580687865
1580675977
1580582276
1580500629
1580256873
1580245688
1580238793
1579815472
1579734593
1579720858
1579654154
1579638838
1579209604
1579201171
1579133246
1579127463
1579112381
1578599120
1577816632
1577803357
1577045902
1576883132
1576875722
1576708547
1576367022
1576362605
1576189538
1576108157
1576101633
1576022731
1575752639
1575673922
1575576475
1575495128
1575246289
1575152190
1574989060
1574974819
1574895962
1574887404
1574814010
1574469098
1574375784
1574120541
1574111832
1573774157
1573768123
1573762161
1573693494
1573682992
1573673620
1573597297
1573584849
1573576717
1573422254
1573083264
1572808218
1572725750
1572555195
1572397175
1572363203
1572302685
1572126836
1572039995
1571953446
1571872759
1571607905
1571434404
1571262254
1571088513
1570994482
1570580030
1570565143
1570401685
1570396092
1570305601
1570228216
1570217710
1570062136
1570054954
1569969451
1569960807
1569626827
1569535863
1569452844
1569437596
1569362328
1569270140
1569179912
1569095733
1569011486
1568922498
1568848387
1568401866
1568062740
1567975863
1567892182
1567802630
1567723068
1566937978
1566851895
1565645370
1565554368
1565388923
1565296069
1564867175
1564780189
1564527573
1564261553
1564176059
1564090608
1563996516
1563831332
1563730179
1563657753
1563585271
1563481044
1563399065
1563308038
1563225044
1563136368
1563055955
1562963659
1561938846
1561846635
1561752564
1561669303
1561583063
1561415074
1560893016
1560809266
1560024106
1559257591
1558659239
1558555152
1558470377
1558401323
1557963016
1557876129
1557443873
1557268876
1557015814
1557008113
1556752211
1556399848
1555965243
1555884463
1555706482
1555627142
1555539059
1555454150
1555367913
1555284011
1555201534
1554338184
1554253280
1554228668
1554160199
1553721252
1553645814
1553553061
1553378051
1553296610
1553193785
1552259934
1551912419
1551823714
1551649684
1551398848
1551221211
1551125176
1551044066
1550962507
1550700599
1550528486
1550353464
1550265078
1550178749
1550005813
1549919975
1548798490
1548709900
1548625624
1548369110
1548193949
1547851419
1547591115
1547328634
1547240764
1547154356
1547064224
1546979793
1546725629
1545945898
1545337186
1545168363
1545078747
1544820318
1544474092
1544128369
1543953920
1543702982
1543350387
1543109479
1542751091
1542658204
1542404704
1542315368
1542233375
1542055902
1541968930
1541795801
1541710286
1541536090
1541118584
1541018737
1540845957
1540678996
1540586251
1540414441
1540238815
1540152102
1539894309
1539720392
1539633987
1539375645
1539116240
1539029526
1538944396
1538856115
1538769904
1538683784
1538165221
1538078377
1537560654
1537389945
1537300860
1537130187
1537049811
1536868902
1536782502
1536629554
1536609545
1536525135
1536268142
1536180183
1535744387
1535592598
1535573241
1535484625
1535400757
1535318071
1535142286
1535055505
1534803450
1534528684
1534292334
1534273077
1534198419
1534187415
1534022616
1534002780
1533955618
1533852152
1533848825
1533076334
1533058545
1532997744
1532991795
1532722161
1528212732
1528164439
