1618264356
1618258243
1618124480
1618002748
1617911265
1617328091
1617070937
1616791649
1616018791
1615425726
1615415734
1614896673
1614721201
1614627962
1614457158
1614386978
1614285596
1614113357
1614040419
1613786488
1613604239
1613600520
1613513175
1612746180
1612640042
1611854892
1611693768
1611172456
1611085729
1610823669
1610136462
1609791336
1609355185
1608923904
1608842276
1608764844
1608758838
1608682577
1608669443
1608657528
1608594665
1608587625
1608584726
1608351873
1608331065
1608236465
1608231642
1607634758
1606603598
1606414400
1605906266
1605813589
1605305760
1605136111
1605123079
1605046848
1605039622
1604698073
1604696496
1604613462
1604604332
1604392641
1604176083
1604110315
1604100276
1604093189
1604089332
1604038369
1604016564
1604010550
1604005170
1603999214
1603939472
1603921446
1603917732
1603829527
1603602737
1603419945
1603412612
1603407637
1603314324
1603230429
1603064696
1603059861
1602885623
1602110232
1602107401
1601682296
1601676379
1601592618
1601411305
1601001245
1600896473
1600826261
1600808076
1600805699
1600767281
1600627959
1600509673
1600484630
1600461210
1600133123
1599966770
1599789995
1599779832
1599777052
1599596819
1599506232
1599267843
1599239077
1599093010
1599087016
1599070253
1598999014
1598908597
1598870341
1598832182
1598758662
1598735890
1598389347
1598303644
1598035518
1598031292
1597957194
1597949400
1597911152
1597870975
1597865431
1597861553
1597808832
1597780055
1597770234
1597439467
1597430730
1597343945
1596927664
1596740941
1596735804
1596732167
1596409150
1596268730
1596238837
1595451017
1595282865
1595099104
1595031485
1595010460
1594942509
1594932779
1594928561
1594925610
1594841981
1594837840
1594761628
1594231901
1594161520
1594158071
1594153675
1594150235
1594144242
1594140652
1593889841
1593884956
1593806879
1593582981
1593243380
1593208139
1593119864
1592947990
1592944711
1592698662
1592688538
1592603545
1592513518
1592485501
1592425020
1592304324
1592299156
1592258236
1592255476
1592246864
1591999733
1591994023
1591429573
1591390967
1591254501
1591218832
1591129443
1591121896
1590881240
1590703536
1590615302
1590611679
1590187618
1590181975
1590179076
1590086059
1589930572
1589927360
1589760193
1589575974
1589487623
1589407313
1589397248
1589261604
1589138969
1588980640
1588848481
1588847869
1588837042
1588814518
1588811941
1588803995
1588755083
1588744801
1588717670
1588715168
1588368545
1588027925
1587753575
1587420576
1587415897
1587169056
1587068013
1586989098
1586899206
1586646173
1586558816
1586500927
1586392971
1586253374
1586206901
1586203282
1585951801
1585951587
1585947569
1585945310
1585601591
1585342756
1585281855
1585265465
1585259234
1585256917
1585170421
1585090929
1585085279
1585042481
1585037048
1585004737
1584999588
1584996904
1584926973
1584922279
1584905225
1584839475
1584744802
1584744268
1584667865
1584657495
1584577814
1584567186
1584565402
1584489224
1584488274
1584471614
1584418156
1584394614
1584301275
1584291598
1584257010
1584209599
1584142997
1584138156
1584133439
1584085139
1584057905
1584049527
1583992127
1583962875
1583907748
1583887941
1583882760
1583879634
1583877686
1583801260
1583703285
1583635728
1583619436
1583618967
1583611064
1583608162
1583604402
1583543657
1583528345
1583461674
1583458591
1583449823
1583445085
1583375086
1583277985
1583215307
1583203513
1583184524
1583122446
1583095008
1583088739
1583083712
1583019839
1583016679
1583014870
1583010631
1582841629
1582699914
1582679878
1582676793
1582674328
1582590071
1582589425
1582581404
1582361405
1582248651
1582140148
1581991286
1581982128
1581974774
1581763150
1581755255
1581723076
1581718269
1581714376
1581584823
1581541191
1581381880
1581247276
1581207146
1581043259
1580946212
1580863701
1580861909
1580853305
1580849366
1580785984
1580764074
1580617142
1580600403
1580518536
1580500846
1580495249
1580416483
1580179836
1580173026
1579986401
1579979294
1579943962
1579894302
1579820973
1579773468
1579736754
1579729970
1579723296
1579685722
1579557309
1579222483
1579139388
1579130715
1578985970
1578951266
1578734719
1578641077
1578609639
1578604472
1578564845
1578526389
1578515079
1578453525
1578450745
1578442227
1578431472
1578390555
1578345459
1578339419
1578303866
1578260602
1578219199
1578212531
1578192100
1578169783
1578134704
1578107359
1578100804
1578092239
1578088601
1578049376
1578010908
1578004980
1578001977
1577999314
1577995660
1577956312
1577931613
1577879116
1577841680
1577837806
1577831571
1577822533
1577787463
1577777393
1577765717
1577757741
1577749823
1577735662
1577664720
1577660705
1577656819
1577644776
1577618703
1577586619
1577581899
1577577399
1577566307
1577481000
1577217054
1577145580
1577141991
1577137467
1576874615
1576870276
1576786112
1576697997
1576664460
1576275685
1576272537
1576239212
1576196132
1576186860
1576016596
1576007214
1576002974
1575934037
1575835013
1575755434
1575713968
1575680836
1575672026
1575667565
1575580155
1575502798
1575502409
1575500446
1575496912
1575358202
1575255519
1575165015
1575070681
1575066918
1575061512
1575056341
1574988949
1574974567
1574882631
1574842960
1574822064
1574743298
1574733718
1574727068
1574722533
1574718070
1574584625
1574461366
1574382309
1574379127
1574376989
1574287975
1574284780
1574015970
1573867288
1573772389
1573765098
1573603182
1573509961
1573507887
1573166284
1572865027
1572857795
1572690020
1572688885
1572641564
1572562495
1572557603
1572516792
1572386476
1572382903
1572262468
1572041663
1571972604
1571913262
1571826606
1571781318
1571739110
1571605856
1571566731
1571531295
1571481679
1571478193
1571431221
1571131658
1570875828
1570827143
1570750641
1570738755
1570677212
1570658631
1570586327
1570577836
1570528854
1570499436
1570486524
1570484120
1570428739
1570244358
1570139233
1570136094
1569975352
1569974071
1569798100
1569793182
1569786131
1569715683
1569707778
1569659109
1569622349
1569534858
1569492284
1569491921
1569408289
1569367195
1569366155
1569362119
1569286667
1569278728
1569232895
1569114251
1569113906
1569059251
1569027888
1569026420
1569024229
1568941145
1568763749
1568678130
1568676642
1568669964
1568338106
1568331716
1568318199
1568317214
1568241728
1568158890
1568154195
1568065635
1568065125
1567935643
1567898038
1567893113
1567889546
1567884062
1567883128
1567802364
1567720641
1567712235
1567637472
1567630034
1567546032
1567457704
1567332412
1567285466
1567217303
1567205990
1567204414
1567112774
1567034862
1567032382
1566953746
1566945571
1566858075
1566848949
1566672539
1566600288
1566504789
1566474271
1566424737
1566334165
1566248003
1566171216
1566168682
1566158385
1566122119
1566077068
1565997044
1565991935
1565990462
1565985296
1565982821
1565981325
1565923255
1565735929
1565476050
1565389654
1565303010
1565215231
1565206245
1565128907
1565125874
1565122096
1565080370
1565000261
1564790683
1564782887
1564698346
1564612651
1564558296
1564527474
1564519413
1564480176
1564439233
1564435686
1564429437
1564341924
1564306321
1564264730
1564255734
1564135271
1564088274
1563966927
1563791458
1563707666
1563703694
1563661596
1563658705
1563652584
1563647893
1563618223
1563586430
1563533382
1563527731
1563483246
1563444462
1563404643
1563400221
1563314918
1563305401
1563272277
1563220707
1563185687
1563152282
1563132561
1563107720
1563096080
1563013846
1562933086
1562889383
1562881220
1562874942
1562805737
1562802125
1562799127
1562797379
1562755715
1562716797
1562632138
1562622135
1562584725
1562544173
1562531262
1562522793
1562498504
1562444845
1562409799
1562380895
1562356098
1562288804
1562243784
1562214684
1562207940
1562200173
1562196134
1562187442
1562177674
1562171740
1562147110
1562100987
1562061000
1561926977
1561847513
1561812399
1561808256
1561775165
1561760249
1561674626
1561640118
1561592113
1561591714
1561545781
1561495371
1561490435
1561459159
1561423310
1561421614
1561416696
1561415318
1561412918
1561373986
1561323388
1561291942
1561154615
1561140496
1561088839
1561070289
1561068104
1561064873
1560975775
1560890924
1560815148
1560814260
1560726880
1560636765
1560635763
1560629405
1560563775
1560553681
1560549302
1560546950
1560542825
1560540714
1560465197
1560459292
1560445020
1560382084
1560369656
1560294796
1560275650
1560272421
1560200452
1560195996
1559947445
1559937945
1559900910
1559856806
1559854198
1559708969
1559691913
1559621289
1559517279
1559408598
1559349157
1559346985
1559344691
1559165153
1558998115
1558813554
1558737169
1558735193
1558731464
1558645565
1558479769
1558229606
1558150028
1558144366
1558141743
1558133398
1558131145
1558126744
1557965243
1557958433
1557792500
1557781239
1557705470
1557703481
1557609707
1557606471
1557524021
1557521960
1557440100
1557438068
1557354938
1557353461
1557348148
1557010221
1557006343
1557000850
1556932540
1556917378
1556914391
1556853493
1556835349
1556831790
1556831570
1556829826
1556738274
1556667984
1556663170
1556480382
1556447692
1556406587
1556404672
1556402813
1556400446
1556324878
1556321348
1556317434
1556314009
1556312310
1556271825
1556249780
1556239823
1556232086
1556227538
1556183005
1555801678
1555760059
1555748622
1555713602
1555711636
1555705017
1555702392
1555635867
1555627791
1555624359
1555622605
1555449852
1555447383
1555443754
1555366150
1555327117
1555195938
1555188195
1555116285
1555111003
1555107782
1555105654
1555103038
1555099936
1555020481
1555018753
1554928205
1554853729
1554839241
1554836694
1554809703
1554775112
1554763792
1554760405
1554544581
1554509637
1554496824
1554494669
1554488723
1554416665
1554414512
1554414012
1554411385
1554409464
1554333669
1554332260
1554327842
1554195636
1554157623
1554153460
1554146219
1554082384
1554063220
1554017002
1554014413
1553923788
1553920108
1553728384
1553645111
1553641618
1553639266
1553637413
1553635039
1553557179
1553425121
1553423210
1553392453
1553381458
1553369948
1553365795
1553291100
1553285462
1553282993
1553276264
1553032471
1553029820
1552947346
1552943130
1552939768
1552824351
1552822372
1552773508
1552739450
1552738678
1552686979
1552647800
1552563394
1552462487
1552432589
1552430303
1552428500
1552424713
1552394502
1552336050
1552192881
1552170309
1552168192
1551971023
1551912779
1551905817
1551896358
1551873748
1551781516
1551740019
1551738475
1551736889
1551733968
1551615332
1551526851
1551525271
1551474273
1551440153
1551389961
1551384241
1551349277
1551347329
1551309776
1551305818
1551221441
1551133710
1551131074
1551129086
1551127163
1550871832
1550871204
1550798667
1550787411
1550785766
1550721174
1550708513
1550707910
1550704181
1550617546
1550611980
1550530166
1550529936
1550274065
1550268914
1550265859
1550176613
1550173344
1550098109
1550089577
1550004588
1549838084
1549835638
1549663383
1549660001
1549622315
1549488705
1549404732
1549402905
1549321473
1549319594
1549313083
1549228154
1549062912
1549059050
1549057246
1549054564
1548976510
1548896412
1548891676
1548889500
1548885692
1548883617
1548716181
1548711514
1548629391
1548627287
1548618758
1548536150
1548461543
1548451301
1548449917
1548371429
1548368956
1548367058
1548282810
1548280183
1548278252
1548194955
1548192696
1548115255
1547851534
1547846950
1547681327
1547678194
1547675122
1547673086
1547557072
1547556028
1547412659
1547334485
1547328835
1547326180
1547324493
1547243363
1547240632
1546979373
1546977395
1546975553
1546715126
1546376524
1546372741
1546207889
1546205655
1546201483
1546127790
1546024333
1545956024
1545951792
1545950197
1545944010
1545690685
1545688841
1545593006
1545534260
1545531967
1545507762
1545505836
1545435395
1545432862
1545344290
1545270759
1545263515
1545256292
1545253514
1545166093
1545163946
1545086522
1545084409
1545083523
1545034158
1544834814
1544825528
1544822905
1544821111
1544818413
1544817038
1544736623
1544648574
1544645835
1544527281
1544488810
1544484077
1544482034
1544479044
1544477259
1544472588
1544395501
1544356115
1544266822
1544244432
1544239117
1544222766
1544219807
1544216582
1544135487
1544132608
1544127230
1544124626
1544037765
1543953843
1543876601
1543866530
1543704385
1543617874
1543615704
1543614263
1543611578
1543521926
1543443065
1543441628
1543287705
1543283521
1543273321
1543271484
1543268050
1543264339
1543167164
1543106814
1543092063
1543084997
1543010763
1543007855
1543005021
1542834580
1542831484
1542755423
1542656484
1542483900
1542280543
1542279893
1542241387
1542235016
1542225499
1542223463
1542151193
1542145383
1542141582
1542068061
1542056173
1542052283
1542050508
1541926430
1541897374
1541875334
1541805795
1541803347
1541799764
1541797820
1541796441
1541793447
1541791981
1541709641
1541627979
1541620690
1541618802
1541543033
1541453780
1541450530
1541448562
1541384166
1541294279
1541285109
1541203334
1541195547
1541192736
1541190194
1541187045
1541114554
1541112457
1541110842
1541108466
1541026011
1541021906
1541018049
1541016188
1541014828
1541012557
1540935730
1540931135
1540929296
1540927037
1540925180
1540758370
1540754381
1540668565
1540592200
1540590230
1540586484
1540582466
1540508485
1540506567
1540504600
1540502258
1540499892
1540417737
1540413626
1540410247
1540336977
1540334870
1540332891
1540330395
1540328048
1540324581
1540152565
1540150852
1540147752
1539987300
1539983457
1539980744
1539905876
1539902655
1539900526
1539895384
1539892523
1539815103
1539811435
1539807464
1539736457
1539729953
1539723979
1539721073
1539645296
1539643331
1539638282
1539636072
1539632849
1539541483
1539509104
1539505295
1539467527
1539465508
1539461203
1539459534
1539426831
1539423277
1539383323
1539381453
1539379434
1539377233
1539375932
1539373734
1539297209
1539295043
1539294215
1539292362
1539244452
1539219585
1539212601
1539210863
1539209294
1539206982
1539205351
1539202683
1539135025
1539124445
1539123283
1539121745
1539117190
1539114565
1539081770
1539040584
1539036089
1539034136
1539032495
1539030751
1539026866
1538950536
1538948666
1538947500
1538945974
1538923098
1538907421
1538881358
1538867545
1538864855
1538861760
1538858623
1538854463
1538814587
1538812062
1538793574
1538787439
1538786253
1538784286
1538782290
1538781771
1538777242
1538774989
1538774342
1538772474
1538770548
1538769515
1538767711
1538705989
1538686883
1538526133
1538524481
1538472063
1538439994
1538433016
1538428551
1538346513
1538342940
1538264326
1538263152
1538260474
1538259776
1538257464
1538177542
1538176186
1538174775
1538173057
1538171060
1538166351
1538164949
1538047729
1538013087
1538004766
1538000554
1537911589
1537830780
1537830492
1537474143
1537302696
1537218457
1537129067
1537121374
1537056300
1537054938
1537040310
1537039561
1537037598
1537037066
1536955459
1536954413
1536953326
1536879121
1536878649
1536878141
1536632797
1536530933
1536361167
1536359067
1536288514
1536287858
1536287401
1536282098
1536178076
1536177659
1536177017
1536024037
1535845456
1535843279
1535841320
1535840883
1535839768
1535837998
1535837166
1535674538
1535672503
1535672140
1535671875
1535498003
1535404680
1535330817
1535321173
1535320844
1535319342
1535247704
1535246809
1535245112
1535231753
1535229051
1535186479
1535168322
1535157056
1535152336
1535141210
1534973284
1534585425
1534550114
1534541746
1534411731
1534410892
1534406443
1534405644
1534404729
1534290731
1534282396
1534278161
1534184373
1534135577
1534098778
1534060861
1534053477
1534039926
1534039572
1534038938
1534028842
1533975186
1533972367
1533972051
1533928339
1533771715
1533753660
1533719471
1533679054
1533676579
1533674931
1533636584
1533635132
1533610602
1533594910
1533529851
1533350673
1533338724
1533253856
1533243350
1533233252
1533165580
1533163886
1533003520
1532820233
1532807319
1532804607
1532738667
1532644241
1532592659
1532591954
1532475348
1532389110
1532388004
1532193780
1532059297
1532054465
1532046891
1531988544
1531950323
1531906786
1531901027
1531898016
1531863789
1531850998
1531775798
1531774684
1531773370
1531766507
1531699844
1531696642
1531694917
1531689293
1531622668
1531615918
1531614637
1531608265
1531606272
1531536002
1531514028
1531428716
1531277903
1531263277
1531256597
1531255795
1531253649
1531253157
1531252542
1531180828
1531177904
1531177379
1531176197
1531175586
1531173676
1531171564
1531168635
1531093011
1531006830
1530920829
1530916302
1530913755
1530912504
1530911271
1530660635
1530492764
1530143020
1529967759
1529803312
1529803021
1529729095
1529617317
1529517506
1529515816
1529438733
1529217255
1529216732
1528922674
1528829042
1528760949
1528574439
1528498572
1527978313
1527957863
1527957142
1527563360
1527557392
1527376210
1526598363
1526593977
1526593342
1526147925
1526073455
1525901634
1525899022
1525896715
1525812842
1525618956
1525470087
1525208594
1525204066
1524859591
1524859106
1524591458
1524517966
1524514821
1524363717
1524339958
1524322329
1524319408
1524264065
1524263121
1524257155
1524254832
1524253405
1524252419
1524085214
1524082406
1523996480
1523993266
1523993083
1523909807
1523908073
1523903698
1523903500
1523903296
1523824690
1523802254
1523801294
1523744386
1523736160
1523729589
1523724975
1523715480
1523656202
1523654043
1523650200
1523647754
1523644867
1523567559
1523567228
1523500791
1523483587
1523479153
1523477617
1522523231
1522445850
1522445055
1522444547
1522443548
1522443173
1522100824
1521576459
1520642357
1520641994
1520468181
1520467134
1520466014
1520101203
1520027931
1519864182
1519769317
1519685744
1519683346
1519505985
1519501572
1519501035
1519498960
1519496172
1519491772
1519424820
1519417699
1519166356
1519165893
1519164971
1519137229
1519130370
1519120707
1519118630
1519117272
1519112150
1519111875
1519102769
1519101821
1519098291
1519092272
1519085883
1519060807
1519057080
1519056680
1519039310
1519036000
1518963197
1518958434
1518958384
1518952944
1518944143
1518930935
1518928998
1518913877
1518910677
1518898350
1518876568
1518868499
1518825789
1518818081
1518806581
1518799170
1518792966
1518772089
1518765101
1518763235
1518746293
1518744068
1518708640
1518612196
1518566138
1516183100
1515800932
1515792616
1515370698
1514915037
1514788220
1514711789
1514630688
1514500034
1514460629
1514459846
1514459083
1514318555
1514318215
1514058762
1514057149
1514056469
1513636285
1513631056
1513383771
1513383529
1513142381
1513117957
1512948640
1512862030
1512852345
1512780454
1512778697
1512256680
1512203110
1512167790
1512166250
1512165856
1512015054
1512005506
1511812663
1511604681
1511604016
1511515236
1511514577
1511132128
1511126128
1511125630
1510432252
1510427897
1510427212
1510426841
1510084019
1509740552
1509654785
1509488012
1509478654
1509478470
1509393603
1509393297
1508802162
1508799543
1508798236
1508544425
1507842381
1507067387
1507058066
1506884999
1506622668
1506535988
1506462228
1506459799
1506455717
1506105918
1506038417
1505934954
1505934365
1505860503
1505860221
1505774102
1505504217
1505416010
1505251637
1505165176
1505160169
1504638128
1504541211
1504334973
1504215471
1504160058
1504033663
1503952519
1503950767
1503948999
1503787867
1503775154
1503773223
1503722455
1503719406
1503715611
1503703140
1503693331
1503691676
1503690162
1503685495
1503515181
1503473601
1503440315
1503439595
1503438799
1503389411
1503278226
1503127289
1503098109
1503090800
1503090401
1503014461
1503002276
1502994604
1502992660
1502949988
1502943058
1502912536
1502909013
1502869620
1502862899
1502858125
1502845613
1502834716
1502824827
1502777892
1502772461
1502742915
1502734939
1502696603
1502696576
1502693112
1502647569
1502608211
1502577976
1502556476
1502518866
1502488605
1502478397
1502477442
1502473065
1502391991
1502390001
1502387815
1502386193
1502383971
1502381553
1502301600
1502292774
1502291569
1501873820
1501868350
1501867386
1501866958
1501866056
1501791845
1501614753
1501609838
1501607284
1501537246
1501532576
1501526674
1501525129
1501523506
1501520653
1501513062
1501471790
1501458581
1501453579
1501452739
1501443540
1501441293
1501383174
1501364396
1501360295
1501360059
1501347941
1501343077
1501303759
1501280572
1501271899
1501214432
1501214066
1501202459
1501184278
1501181273
1501180360
1501177084
1501117004
1501095065
1501091642
1501002107
1501001241
1500999476
1500999050
1500937565
1500758072
1500757312
1500756644
1500658378
1500154742
1499888705
1499887543
1499886852
1499378832
1499375659
1498861167
1498860091
1498859123
1498857561
1498854928
1498853432
1498852644
1498850852
1498850200
1498849290
1498692521
1498688774
1498679957
1498679443
1498600046
1498247220
1498246902
1498246515
1498246331
1498158905
1498158457
1498157899
1497904383
1497904255
1497904112
1497826012
1497825879
1497659552
1497476554
1497429709
1497429690
1497429668
1497128741
1497128234
1497127225
1497031900
1497031290
1496449200
1496446990
1496434107
1496348161
1496347929
1496347593
1496260082
1496185934
1496167880
1496167397
1496165745
1495915606
1495913776
1495748498
1495748362
1495748188
1495740600
1495569207
1495567388
1495563447
1495487743
1495483911
1495482853
1495482081
1495413186
1495412895
1495409345
1495407153
1495405880
1495402104
1495393092
1495390823
1495313726
1495312302
1495302652
1495248555
1495245528
1495242393
1495231898
1495227914
1495061306
1495010709
1494995212
1494969353
1494968132
1494967929
1494874265
1494794297
1494642963
1494618541
1494618119
1494616898
1494457065
1494455909
1494279202
1494278389
1494271920
1494271611
1494203435
1494201402
1494193517
1494183056
1494131534
1494101598
1494097092
1494090977
1494042908
1494042688
1494042530
1494004673
1493926956
1493838841
1493763475
1493756428
1493668960
1493667714
1493665706
1493591791
1493591020
1493586435
1493412461
1493405217
1493330766
1493248169
1493243332
1493006127
1492988201
1492987444
1492977337
1492903830
1492806235
1492802232
1492801968
1492801672
1492797324
1492741587
1492560861
1492293025
1492291674
1492291393
1492286044
1492285755
1492281954
1492280845
1492280677
1492280563
1492276951
1492275291
1492273828
1492208463
1492208248
1492206531
1492202607
1492202464
1492202349
1492122074
1492121718
1492034034
1492033816
1492033684
1491595905
1491595371
1491595176
1491519242
1491508292
1491440573
1491037011
1490993713
1490915850
1490911201
1490909892
1490898789
1490896667
1490895562
1490893789
1490735967
1490735578
1490571342
1490570314
1490513803
1490509865
1490509678
1490509293
1490386485
1490300427
1490216873
1490158031
1490041049
1489855043
1489824316
1489793958
1489791307
1489789024
1489787697
1489786902
1489695768
1489686093
1489648059
1489626572
1489558031
1489545988
1489534770
1489533837
1489529989
1489525968
1489094544
1489094376
1489085505
1489085328
1488869787
1488826729
1488655362
1488591433
1488570654
1488566036
1488558414
1488483160
1488482711
1488474206
1488473411
1488407245
1488406670
1488350672
1488343430
1488318680
1488227464
1488150916
1488150481
1488147435
1488138524
1488067637
1488066649
1488060842
1488042129
1488040933
1487965255
1487898629
1487890461
1487889790
1487889639
1487882213
1487880025
1487879544
1487879378
1487806761
1487629746
1487628589
1487617717
1487615681
1487469228
1487446913
1487443131
1487441678
1487438210
1487393075
1487369778
1487358381
1487357135
1487355570
1487351144
1487098579
1487012396
1486965525
1486965425
1486965347
1486844778
1486840906
1486839351
1486825696
1486825610
1486825603
1486589507
1486589447
1486578300
1486577214
1486291451
1486291266
1486291098
1486163880
1486073648
1486072990
1486072812
1486059882
1486059646
1486054786
1485992798
1485991765
1485729144
1485728628
1485728561
1485728478
1485728356
1485718769
1485716123
1485716016
1485715898
1485645741
1485465359
1485465184
1485463093
1485462570
1485461553
1485042536
1485041696
1484866063
1484864790
1484864134
1484784010
1484783880
1484732158
1484720893
1484720691
1484720476
1484451203
1483913846
1483912229
1483830857
1483827022
1483815912
1483813720
1483763938
1483561441
1483560187
1483559050
1483555854
1483552177
1483413288
1482958533
1482686088
1482608443
1482548728
1482543346
1482462418
1482353811
1482351859
1482191101
1482187901
1482186611
1482150430
1482150239
1482120151
1482118408
1482097579
1482096936
1482055545
1482024682
1482018039
1482007190
1482006429
1481994606
1481994153
1481993836
1481971415
1481959655
1481946243
1481933045
1481750053
1481749313
1481748258
1481747140
1481745231
1481744637
1481055107
1481052249
1480891778
