1617381021
1617137808
1617068255
1617039322
1616868621
1616789999
1616700310
1616631757
1616462771
1616446820
1616277262
1616100937
1616039330
1615842836
1615770687
1615595476
1615515295
1615262703
1615245228
1614993765
1614826894
1614639730
1614555671
1614207976
1614123893
1613791738
1613613984
1613445503
1613364125
1613360222
1613079056
1612935219
1612928197
1612917387
1612834366
1612809879
1612737499
1612409315
1612408998
1612408814
1612235242
1612200921
1612052627
1611968815
1611799249
1611780377
1611614430
1611544552
1611523133
1611457543
1611252407
1611094028
1611022188
1610825157
1610679093
1610570037
1610410075
1610308872
1610158580
1610146012
1610047074
1609959934
1609899761
1609874365
1609802595
1609725562
1609718868
1609616467
1609611394
1609530760
1609437950
1609380499
1609182146
1609036007
1608852960
1608768742
1608697279
1608675446
1608611034
1608518217
1608431276
1608326763
1608261256
1608172600
1608146931
1608082383
1608073308
1607973358
1607923882
1607823657
1607654891
1607629954
1607474751
1607459615
1607311954
1607298589
1607222710
1607132974
1607114361
1607035060
1606957540
1606766354
1606678397
1606421512
1606412473
1606356873
1606335072
1606252148
1606244359
1606184129
1606176347
1606153533
1606072772
1606068440
1605982159
1605898476
1605895422
1605829538
1605824786
1605811627
1605748520
1605735116
1605581035
1605557214
1605493515
1605487538
1605463008
1605402672
1605393685
1605378550
1605315853
1605313040
1605295460
1605292647
1605226701
1605217639
1605208088
1605205471
1605146662
1605145782
1604951798
1604871999
1604864098
1604637680
1604613582
1604554755
1604550232
1604545742
1604521457
1604517655
1604511828
1604459116
1604451997
1604436501
1604430580
1604365141
1604359239
1604346782
1604339997
1604281439
1604272746
1604264775
1604252677
1604199566
1604197889
1604184083
1604179032
1604166649
1604162975
1604107485
1604106721
1604102013
1604101354
1604099313
1604095773
1604077568
1604022405
1604011309
1604003677
1603998072
1603991938
1603937296
1603933226
1603923688
1603913462
1603908732
1603905436
1603849510
1603848131
1603847543
1603844269
1603843324
1603830647
1603765168
1603759026
1603758804
1603756951
1603749464
1603739540
1603736725
1603682578
1603678056
1603676953
1603672438
1603663976
1603660242
1603647352
1603585807
1603583058
1603579108
1603561221
1603507143
1603501498
1603497503
1603494362
1603476011
1603475493
1603412265
1603409904
1603394486
1603335196
1603330127
1603326086
1603317956
1603313567
1603307695
1603242435
1603234317
1603230768
1603221646
1603215810
1603160745
1603158074
1603156722
1603156024
1603145116
1603141119
1603135415
1603132473
1603074948
1603069883
1603060969
1603058064
1603052312
1603043021
1602993438
1602985961
1602977692
1602964414
1602956704
1602897818
1602892494
1602885885
1602882616
1602879710
1602869028
1602866344
1602813331
1602806851
1602802265
1602798900
1602793531
1602791424
1602788888
1602782403
1602780065
1602729011
1602727755
1602721277
1602711419
1602707030
1602641678
1602639545
1602637505
1602632113
1602620148
1602618363
1602615909
1602608156
1602558145
1602555081
1602552571
1602551891
1602541217
1602533707
1602468210
1602466309
1602460640
1602456911
1602453221
1602450632
1602442983
1602437939
1602436246
1602379776
1602376348
1602373149
1602293370
1602290122
1602278064
1602267271
1602207751
1602205414
1602201318
1602175877
1602114790
1602112962
1602098440
1602096510
1602043054
1602035629
1602034512
1602032096
1602020135
1602013846
1602006510
1602002523
1601952099
1601949969
1601943315
1601926470
1601925095
1601923443
1601920108
1601916865
1601867532
1601865070
1601864175
1601836058
1601830394
1601777715
1601773380
1601771261
1601769193
1601764461
1601763040
1601689535
1601684445
1601678323
1601657592
1601609748
1601605982
1601603487
1601595474
1601591465
1601580984
1601577384
1601571057
1601521176
1601514356
1601511247
1601509679
1601499884
1601497648
1601496667
1601491104
1601489539
1601487591
1601484482
1601424921
1601424184
1601416919
1601415019
1601411815
1601407565
1601404242
1601398329
1601341748
1601336852
1601330499
1601322247
1601315384
1601314643
1601254843
1601253964
1601246681
1601241855
1601233187
1601225356
1601170028
1601168517
1601159999
1601158196
1601093759
1601078080
1601075603
1601069219
1601057009
1601053309
1600999987
1600994203
1600986751
1600984301
1600981074
1600979567
1600978247
1600972359
1600967947
1600965854
1600906594
1600900639
1600891104
1600889813
1600887509
1600831105
1600829588
1600828046
1600824760
1600821884
1600810354
1600807457
1600797775
1600741562
1600736566
1600730606
1600729324
1600724214
1600723055
1600720592
1600717774
1600710962
1600707782
1600659697
1600654556
1600651021
1600640976
1600563774
1600557724
1600556440
1600534857
1600487401
1600479948
1600476625
1600472337
1600464446
1600451901
1600393897
1600374742
1600369940
1600365738
1600311473
1600309701
1600306690
1600299511
1600295014
1600290093
1600279454
1600225426
1600213636
1600208208
1600205001
1600193487
1600190559
1600123734
1600117888
1600109380
1600105353
1600103429
1600054328
1600041158
1600037430
1600030835
1600026789
1600022712
1600020680
1600016663
1599953385
1599939074
1599931328
1599875291
1599874284
1599869454
1599858176
1599852499
1599845753
1599783280
1599759250
1599756781
1599690344
1599687827
1599679750
1599674259
1599606772
1599590216
1599531865
1599517759
1599511542
1599509438
1599444778
1599434167
1599433078
1599365312
1599357572
1599328123
1599269727
1599260513
1599081090
1598933199
1598904946
1598819354
1598810576
1598756132
1598718474
1598637775
1598554257
1598469873
1598408391
1598395576
1598326664
1598304517
1598299041
1598230150
1598145995
1598135298
1598055442
1597961042
1597956594
1597782953
1597774892
1597705539
1597601212
1597090675
1597080686
1597022476
1596939426
1596926941
1596744255
1596730729
1596656588
1596601032
1596479557
1596300218
1596262486
1596216476
1595956045
1595888844
1595883159
1595876677
1595874248
1595724159
1595612963
1595446568
1595384085
1595363276
1595355213
1595296224
1595283252
1595199463
1595034853
1594925877
1594918045
1594837492
1594765400
1594756436
1594688897
1594576624
1594409401
1594062242
1593996805
1593899181
1593733906
1593716026
1593541141
1593536778
1593468684
1593449552
1593366666
1593033101
1592862548
1592853143
1592769431
1592693010
1592604121
1592589173
1592588212
1592518418
1592506844
1592506085
1592423780
1592334774
1592177676
1592081241
1591994206
1591909727
1591819372
1591741869
1591722999
1591646836
1591578914
1591557819
1591484956
1591470950
1591467749
1591461330
1591382812
1591381193
1591295099
1591291161
1591289841
1591206637
1591123317
1591120317
1591117232
1590963875
1590863666
