1616906273
1616005969
1615443063
1614923435
1613714625
1613634644
1613540914
1613349778
1613283829
1612935918
1611899438
1611812469
1610861766
1610760497
1610602806
1610343312
1610171462
1608962502
1608937515
1608789611
1608444742
1608237392
1607924155
1607665131
1607560438
1606545876
1605938130
1605764236
1605509920
1605415930
1605320693
1604431334
1604198088
1604090211
1603573632
1603425965
1601613445
1600926661
1600802745
1600493677
1599888617
1599691755
1599634434
1599606266
1599437579
1599203741
1599110631
1598766304
1598679017
1598472756
1598329445
1598163925
1597989639
1597905588
1597697795
1597473551
1597383914
1597207504
1596864989
1596776338
1596690118
1596572805
1596431796
1596346297
1596256544
1596228909
1596169868
1595743848
1595654748
1595394677
1595190347
1595133042
1594963411
1594755542
1594701726
1594532695
1594444980
1594355206
1594277532
1594147074
1594063263
1593954613
1593839287
1593812988
1593738114
1593664566
1593580196
1593468669
1593408509
1593322974
1593144612
1593062641
1592856148
1592800955
1592713914
1592673862
1592628338
1592367044
1592197116
1592109849
1592076015
1592028600
1591941511
1591769848
1591509512
1591417740
1591244569
1591162611
1590898211
1590814911
1590731788
1590645726
1590557502
1590450649
1590299312
1590192990
1590127886
1590036736
1589950483
1589832493
1589745720
1589518209
1589429619
1589345635
1588827608
1588482467
1588399191
1588307011
1588222478
1588043943
1587874284
1587790480
1587702491
1587619501
1587404092
1587357183
1587271709
1587185328
1587013042
1586923747
1586729983
1586665468
1586580224
1586553375
1586476742
1586406547
1586319763
1586287853
1586214811
1586122564
1586060574
1586038690
1585974143
1585872768
1585800620
1585542241
1585458138
1585370418
1585348891
1585282359
1585196205
1585105473
1585026880
1584933707
1584844516
1584761982
1584658929
1584583840
1584479896
1584398837
1584326178
1584159732
1584072211
1583967961
1583900616
1583814364
1583637612
1583554214
1583433255
1583300178
1583124365
1583040010
1582953736
1582859294
1582772939
1582686617
1582609095
1582510016
1582398427
1582254501
1582082208
1581812434
1581723250
1581718368
1581714856
1581660496
1581478247
1581377096
1581269441
1581219145
1581140301
1581054718
1580883903
1580761399
1580621540
1580535305
1580451971
1580366297
1580278098
1580012431
1579839906
1579756338
1579667893
1579585933
1579493547
1579383898
1579321929
1579239133
1579147331
1579061179
1579035257
1578978148
1578888971
1578803939
1578710563
1578630135
1578539411
1578455173
1578364933
1578203881
1578108206
1578075028
1578074653
1578028235
1577941929
1577672763
1577651713
1577563947
1577512071
1577466629
1577416220
1577377112
1577332244
1577303301
1577209780
1577129682
1577127801
1576992861
1576958800
1576885524
1576874200
1576787718
1576706545
1576625116
1576451421
1576397050
1576367461
1576280056
1576268532
1576183453
1576095216
1575955514
1575872597
1575760757
1575704541
1575669854
1575616483
1575511460
1575498533
1575432430
1575342254
1575325007
1575239718
1575171177
1575076635
1575065051
1574993381
1574976138
1574913851
1574893564
1574809930
1574723789
1574720676
1574654957
1574636973
1574568027
1574541979
1574465712
1574465409
1574408483
1574367955
1574298132
1574214148
1574125464
1574119934
1574029810
1573929065
1573851738
1573849992
1573769488
1573767045
1573681025
1573594649
1573507299
1573437786
1573416283
1573353331
1573331257
1573242076
1572983156
1572811255
1572646442
1572290581
1572204675
1572065961
1571682678
1570645695
1569088202
1568151680
1567452004
1567105328
1566943775
1566689964
1566608224
1566339940
1566269748
1566064332
1564069406
1563899952
1561064358
1560560071
1560011020
1557866759
1557776447
1557524389
1557080549
1556992507
1556929491
1556651020
1556320710
1555875374
1555532827
1555439781
1554922477
1553973900
1552680970
1552430750
1552095506
1551565693
1551554224
1551308824
1551123476
1550180140
1550004374
1549670620
1548885827
1548725484
1548572299
1548366137
1548199220
1548101600
1547762628
1547675787
1547593050
1547509685
1547151330
1546983821
1546902385
1546800659
1546553782
1546202689
1545765384
1545685424
1545515369
1545428383
1545333362
1545163436
1545075994
1544912154
1544827127
1544651521
1544487880
1544299810
1544146237
1544059509
1543954749
1543878629
1543792848
1543617407
1543348364
1543268775
1543082529
1543011085
1542921257
1542742806
1542665351
1542489886
1542314707
1542149104
1541977537
1541812308
1541628025
1541461229
1541098583
1541025997
1540955483
1540671977
1540593026
1540502455
1540440344
1539974146
1539899427
1539802701
1539377623
1539289854
1539097034
1539041465
1538933311
1538779819
1538528046
1538426655
1538238106
1537902360
1537655114
1537553403
1537295657
1537041309
1536955436
1536867044
1536691814
1536517958
1536251646
1536094682
1535754323
1535671335
1535566809
1535483126
1535319888
1535042170
1535041520
1535040911
1533930857
1533436210
1533233863
1532634971
1531947860
1531853419
1531683175
1531596910
1531421423
1531260907
1531157415
1530816018
1530556944
1530483009
1530411920
1530297649
1530209113
1529518361
1529356504
1529171180
1529001242
1528916127
1528676287
1528228537
1527800290
1527449175
1527364100
1527275060
1527203106
1527016218
1526928136
1526667862
1526321420
1526146346
1526070372
1525977494
1525890736
1525803007
1525466625
1524945852
1524615732
1524265700
1524176712
1523920933
1523738414
1523560573
1523392141
1523302334
1523214314
1522619532
1522525814
1522450816
1522354579
1522196657
1522109172
1522005921
1521664222
1521573654
1521490334
1521403932
1521340220
1521145723
1520812818
1520711819
1520637015
1520379995
1520292622
1520196719
1520114547
1520032049
1519772660
1519695259
1519425616
1519334422
1519258458
1519164621
1519164495
1519150852
1519115682
1519104448
1519079508
1519039436
1518940470
1518919389
1518909784
1518881076
1518815721
1518790465
1519099092
1518740565
1518720487
1518709177
1518761053
1518724055
1518733430
1518683983
1518670908
1518643558
1518609962
1518539713
1516574519
1516482836
1516395359
1516307696
1516233298
1516142697
1516053896
1515979437
1515896159
1515805195
1515730197
1515649497
1515541645
1515463557
1515290878
1515206516
1515118918
1515020517
1514946957
1514860077
1514772116
1514691296
1514600756
1514512797
1514340117
1514256489
1514241117
1514153996
1514087993
1514000276
1513895697
1513809956
1513723195
1513650117
1513557301
1513483197
1513397996
1513292396
1513212296
1513205399
1513128473
1513047597
1512939956
1512878277
1512771839
1512684477
1512591898
1512495597
1512331797
1512246356
1512160197
1512088075
1512064197
1511911674
1511825279
1511727893
1511634295
1511555160
1511385295
1511201219
1511030876
1510953597
1510774794
1510596353
1510515717
1510429316
1510337753
1510255195
1510160998
1510011007
1509921893
1509822594
1509737516
1509650876
1509551997
1509481676
1509307917
1509236756
1509050158
1508967358
1508881797
1508801878
1508624697
1508462396
1508447697
1508366135
1508366077
1508019154
1508019136
1508019117
1507851455
1507851433
1507851414
1507670949
1507670929
1507670901
1507586105
1507583518
1507583397
1507506297
1507486797
1507324495
1507234197
1507231798
1507230001
1506975593
1506886197
1506804597
1506722398
1506720601
1506719988
1506615001
1506528000
1506461098
1506293159
1506265197
1506185998
1506118197
1506101400
1506028498
1505938797
1505864720
1505855102
1505779417
1503587094
1503245991
1502997903
1502816398
1502728195
1502553597
1502328300
1502325902
1502204699
1502118296
1501945195
1501717187
1501685995
1501608595
1501518293
1501277394
1501212891
1501173896
1501099795
1501000796
1500917099
1500825595
1500755695
1500653995
1500351355
1500226494
1500053396
1499972696
1499807401
1499698812
1499525996
1499381392
1499038851
1498688696
1498581892
1498406396
1498338894
1498241095
1498168798
1498061095
1498010395
1497920394
1497889194
1497801601
1497722698
1497633898
1497545992
1497460796
1497386693
1497292494
1497197093
1497106793
1496603697
1496514596
1496427600
1496181902
1496066996
1495836597
1495645195
1495578296
1495499997
1495293000
1495229396
1494845998
1494792596
1494702599
1494627957
1494551517
1494451317
1494371517
1494082801
1494013197
1493939697
1493843398
1493746498
1493679067
1493659199
1493601715
1493507710
1493505630
1493494982
1493419798
1493327698
1493248499
1493072698
1492899358
1492799696
1492721100
1492630797
1492541997
1492460398
1492372800
1492284898
1492194898
1492111500
1492040699
1491941098
1491852303
1491771599
1491695996
1491603601
1491515099
1491438302
1491325202
1491266100
1491165298
1491092098
1490979602
1490917498
1490809200
1490732998
1490634002
1490554810
1490475599
1490387098
1490310066
1490288399
1490217300
1490125199
1490029199
1489856400
1489781698
1489608915
1489510800
1489434300
1489338002
1489267201
1489177800
1489091702
1489016103
1488909602
1488831003
1488745207
1488650400
1488588603
1488583800
1488564610
1488477899
1488405601
1488332700
1488320881
1488234899
1488152399
1488061201
1487970904
1487886902
1487802001
1487715003
1487527203
1487440805
1487354400
1487267999
1487182325
1487009115
1486943404
1486850729
1486772102
1486678801
1486593905
1486506306
1486428599
1486330499
1486241403
1486155003
1486076099
1486070704
1485985501
1485907202
1485815102
1485724803
1485637213
1485555611
1485470716
1485381603
1485295218
1485202816
1485116405
1485028807
1484953922
1484948105
1484860258
1484779204
1484701803
1484607003
1484518250
1484427901
1484354144
1484255401
1484165447
1484089802
1483993203
1483909802
1483819802
1483741207
1483647005
1483570078
1483475110
1483396202
1483222203
1483143602
1483056604
1482970803
1482884403
1482798002
1482688802
1482542703
1482448203
1482368702
1482283802
1482196223
1482105019
1482089047
1482024303
1481938008
1481850603
1481765405
1481677805
1481592302
1481505902
1481418606
1481339921
1481245960
1481176925
1481090411
1481004010
1480917608
1480831205
1480725293
1480658425
1480572016
1480485607
1480399225
1480312831
1480299610
1480226426
1480140009
1480053609
1479967822
1479880827
1479794406
1479708013
1479621609
1479535207
1479448824
1479362410
1479276014
1479189606
1479103205
1479016807
1478930411
1478844009
1478757612
1478671213
1478584844
1478498409
1478408405
1478322006
1478235608
1478149214
1478062824
1477976412
1477890008
1477803611
1477717229
1477630812
1477544538
1477458018
1477371605
1477285209
1477198825
1477112651
1477026094
1477004111
1476939606
1476853207
1476766839
1476680423
1476594253
1476507628
1476421237
1476334822
1476248428
1476162017
1476075631
1475989224
1475895966
1475816418
1475730031
1475447528
1475384455
1475292161
1475212097
1475128213
1474953011
1474701066
1474607875
1474520827
1474442824
1474175742
1474086687
1474057133
1474013177
1473837310
1473666625
1473405994
1473213567
1473207748
1472887443
1472861041
1472672687
1472413304
1472335142
1472335111
1472158324
1472082369
1472081844
1472080581
1471899271
1471461198
1471038315
1470960046
1470536801
1470250834
1470170875
1469977221
1469738649
1469386490
1469383525
1469376451
1468446271
1468440553
1468130250
1468130176
1467928094
1467927794
1467927599
1467754385
1467750361
1467749361
1467671787
1467582932
1467484213
1467406015
1467403094
1467402798
1467333051
1467328164
1467322178
1467082275
1467080870
1467078027
1466885838
1466625602
1466391055
1466386871
1466036830
1466033615
1466020746
1465679770
1465679163
1465431755
1465427741
1465346191
1465261357
1465253591
1464816607
1464558540
1464299278
1464283213
1464109815
1464106376
1463717557
1463684093
1463512060
1463445286
1463193040
1463158810
1463092664
1462832646
1462665543
1462294152
1462228020
1461885543
1461783043
1461698370
1461533250
1461527643
1461452033
1461440562
1461366677
1461280527
1461110981
1461038977
1461009280
1460924534
1460847011
1460681259
1460499319
1460497808
1460463076
1460327108
