1618014756
1618011659
1617951209
1617762703
1617691078
1617689192
1617514223
1617502522
1617346358
1617165279
1617164841
1617075199
1617070601
1616986211
1616943931
1616899786
1616735651
1616638248
1616565436
1616466820
1616206928
1616199609
1616128142
1616122338
1616034174
1615944118
1615890604
1615859317
1615815466
1615698804
1615663156
1615652071
1615598890
1615578688
1615442030
1615420712
1615346046
1615326783
1615166449
1615078282
1614984336
1614912737
1614826170
1614738194
1614567660
1614560065
1614530254
1614481722
1614470806
1614465542
1614379411
1614355795
1614287597
1614219282
1614042077
1614036041
1613949184
1613882861
1613882229
1613837145
1613706242
1613695752
1613521725
1613256525
1613192407
1613185940
1613183635
1613003286
1612998127
1612837420
1612667707
1612662061
1612654772
1612625811
1612563825
1612496957
1612492015
1612489345
1612407577
1612391555
1612139164
1612057169
1612047209
1611966991
1611876430
1611779257
1611631903
1611628271
1611534977
1611531392
1611453371
1611447685
1611364492
1611349589
1611267439
1611260914
1611101137
1611087649
1611017540
1610928868
1610922720
1610919725
1610862196
1610852231
1610761182
1610740500
1610659018
1610579314
1610569968
1610500483
1610422471
1610400388
1610312220
1610307799
1610254982
1610231337
1610218560
1610144288
1610111987
1609888422
1609800421
1609720376
1609641360
1609610170
1609527851
1609273213
1609263360
1609097550
1609010165
1608969879
1608915506
1608825304
1608768432
1608733162
1608676478
1608589654
1608582884
1608568260
1608565942
1608516191
1608266952
1608242026
1608230092
1608140394
1608077828
1607975112
1607743353
1607635127
1607571981
1607448965
1607290029
1607198025
1607189790
1607026209
1607022217
1606947877
1606941763
1606856370
1606761761
1606674844
1606596002
1606583496
1606496944
1606435314
1606402505
1606341488
1606243486
1606241832
1606165659
1606097360
1606014899
1605994462
1605986112
1605914565
1605908411
1605885158
1605812330
1605809298
1605730027
1605726660
1605719508
1605651325
1605645724
1605634583
1605477502
1605469178
1605458993
1605393075
1605378051
1605365453
1605314345
1605212001
1605192556
1605119175
1604956230
1604868517
1604854180
1604782433
1604684755
1604606465
1604518029
1604437678
1604425924
1604372879
1604356018
1604352203
1604262396
1604246935
1604238242
1604193085
1604173513
1604094151
1604089887
1604007703
1603902481
1603873207
1603775565
1603744690
1603740506
1603670002
1603643995
1603579300
1603499184
1603395347
1603390106
1603386019
1603320331
1603283738
1603236229
1603221140
1603218900
1603200437
1603143550
1603139125
1603069159
1603045319
1603040437
1603032540
1603027812
1602914315
1602863417
1602805792
1602803833
1602721259
1602686996
1602624472
1602462395
1602448179
1602370855
1602342479
1602253789
1602193169
1602188334
1602184033
1602131656
1602099449
1602006890
1601931995
1601831403
1601761987
1601667501
1601649556
1601560011
1601496186
1601387828
1601348264
1601319768
1601317553
1601256777
1601176427
1601159005
1601144342
1601067522
1601052158
1601042047
1600993336
1600993316
1600804619
1600780097
1600719556
1600648534
1600574645
1600559822
1600465008
1600383563
1600371046
1600287375
1600284180
1600134876
1600125227
1600122760
1600021357
1599971817
1599953184
1599871325
1599775102
1599771572
1599703730
1599590435
1599537842
1599537709
1599451949
1599451920
1599364948
1599364904
1599278540
1599277905
1599168865
1599164976
1599088690
1599073859
1598981359
1598901768
1598823820
1598820288
1598815107
1598738181
1598737011
1598725937
1598675313
1598560166
1598554255
1598469155
1598397833
1598384103
1598311876
1598286570
1598221758
1598204814
1598154121
1598117154
1598046501
1598035543
1598031179
1597962579
1597954696
1597878683
1597869803
1597786107
1597694447
1597690170
1597682588
1597681947
1597546803
1597533588
1597441592
1597430510
1597422446
1597247346
1597239338
1597186178
1597182571
1597092892
1597084393
1597078484
1597017736
1596993393
1596924143
1596914741
1596912155
1596842118
1596821490
1596752169
1596641929
1596568386
1596545447
1596513780
1596508327
1596490193
1596482615
1596411862
1596408032
1596402097
1596295734
1596234890
1596221305
1596215933
1596203038
1596142603
1596066786
1596051400
1596050667
1596046210
1595970356
1595970258
1595883681
1595883644
1595879002
1595809832
1595802804
1595802742
1595793097
1595717631
1595717261
1595705448
1595690173
1595681634
1595596491
1595544527
1595510438
1595449727
1595382584
1595380533
1595378335
1595375760
1595358264
1595282051
1595276055
1595270635
1595207291
1595206496
1595195739
1595190038
1595181887
1595181775
1595112643
1595105411
1595102835
1595038070
1595033583
1595025007
1595022831
1594932386
1594926159
1594851371
1594848004
1594847519
1594775984
1594768161
1594759534
1594750031
1594730913
1594689774
1594685729
1594651332
1594590044
1594589854
1594569803
1594519643
1594515132
1594513560
1594431800
1594425972
1594414560
1594355182
1594340226
1594323235
1594321955
1594306387
1594255552
1594252709
1594246268
1594240152
1594177640
1594169307
1594160985
1594152447
1594145444
1594098925
1594068142
1594004254
1593965877
1593915289
1593909467
1593905011
1593815796
1593811897
1593807470
1593751222
1593746187
1593735477
1593722264
1593651009
1593644856
1593628595
1593628327
1593566895
1593557431
1593552256
1593543800
1593520976
1593468108
1593460563
1593453341
1593433398
1593432552
1593386501
1593386069
1593377651
1593308944
1593306625
1593302213
1593287409
1593258413
1593258361
1593197184
1593171971
1593143619
1593135247
1593085839
1593027227
1593025595
1592956352
1592955472
1592955451
1592938917
1592938877
1592858919
1592858872
1592849436
1592793338
1592780913
1592763913
1592762221
1592761636
1592753631
1592744988
1592709724
1592679558
1592679498
1592624442
1592624358
1592624092
1592600200
1592599697
1592527153
1592506085
1592506042
1592437925
1592437850
1592428175
1592355290
1592340207
1592339099
1592279552
1592267774
1592259990
1592177631
1592166071
1592159319
1592155741
1592153917
1592137540
1592098758
1592084393
1592074314
1592056609
1592019059
1591920766
1591906685
1591905289
1591905198
1591885922
1591845367
1591836151
1591832738
1591827665
1591748542
1591745975
1591739247
1591726669
1591722261
1591673602
1591672144
1591670586
1591662209
1591581615
1591576856
1591570941
1591558820
1591556428
1591494534
1591492200
1591489247
1591489170
1591481041
1591399862
1591393357
1591387906
1591384357
1591316718
1591313002
1591301599
1591293362
1591247371
1591244799
1591222828
1591218497
1591203738
1591197135
1591196713
1591066393
1591053610
1591053481
1591031674
1590973517
1590967540
1590962186
1590962032
1590961960
1590888788
1590887119
1590886031
1590883120
1590797099
1590779514
1590770447
1590764583
1590710921
1590705436
1590697589
1590697423
1590624974
1590616278
1590536932
1590530175
1590458210
1590442704
1590441817
1590367539
1590365759
1590365734
1590351413
1590344816
1590284911
1590273617
1590268978
1590266309
1590237251
1590193960
1590193900
1590161770
1590110698
1590103316
1590098909
1590089331
1590000550
1589996184
1589992126
1589937216
1589905976
1589905840
1589846002
1589834685
1589764415
1589756896
1589752227
1589750794
1589633188
1589587927
1589585793
1589575800
1589564519
1589512958
1589512843
1589493493
1589483957
1589420194
1589406238
1589403357
1589338000
1589305256
1589291825
1589238135
1589149708
1589080334
1589080205
1589061965
1588991211
1588991163
1588902506
1588895463
1588893496
1588819224
1588816872
1588797506
1588725243
1588722102
1588702038
1588645772
1588637500
1588616653
1588558583
1588550527
1588537648
1588471686
1588468998
1588468845
1588380885
1588370917
1588370803
1588366285
1588287515
1588266940
1588191708
1588191593
1588126427
1588107780
1588101837
1588096182
1588076765
1588043873
1588013053
1588006934
1587927840
1587866209
1587865467
1587776446
1587771224
1587754201
1587687667
1587668652
1587658218
1587658165
1587608218
1587578674
1587578645
1587518715
1587507881
1587507790
1587429802
1587422799
1587422526
1587422472
1587334161
1587334127
1587317609
1587254967
1587254422
1587235743
1587168976
1587164963
1587163258
1587163192
1587144466
1587087402
1587081018
1587059909
1586977169
1586977130
1586909272
1586909130
1586889769
1586889700
1586825030
1586807112
1586728866
1586721411
1586690506
1586661474
1586649894
1586567966
1586567916
1586563810
1586551188
1586544868
1586544842
1586493589
1586493545
1586493499
1586479469
1586459726
1586459657
1586449848
1586380622
1586371795
1586371424
1586363057
1586356014
1586308392
1586303246
1586301937
1586289631
1586227639
1586222296
1586212357
1586194191
1586193602
1586130251
1586112573
1586109430
1586106012
1586060952
1586039036
1586035385
1586024237
1585955520
1585954817
1585943112
1585859267
1585859219
1585845068
1585837532
1585783983
1585782590
1585771595
1585771533
1585706557
1585703183
1585703144
1585699349
1585670146
1585614097
1585604264
1585600048
1585596090
1585532621
1585531361
1585525230
1585498281
1585446041
1585441985
1585423270
1585417674
1585417614
1585360302
1585342671
1585328816
1585328058
1585272647
1585252753
1585252732
1585240352
1585186737
1585179842
1585176330
1585090378
1585075126
1585074271
1585003218
1585003070
1584980831
1584909708
1584909571
1584896596
1584896339
1584843921
1584837317
1584814002
1584809470
1584727432
1584671425
1584671268
1584667355
1584583982
1584583670
1584581284
1584491847
1584491810
1584482249
1584468268
1584415116
1584409525
1584398563
1584387888
1584321272
1584307118
1584293949
1584277385
1584233867
1584227098
1584221037
1584133049
1584058773
1584058410
1584053926
1584048728
1584036222
1583985134
1583968213
1583962753
1583889285
1583884808
1583881288
1583803608
1583797908
1583789577
1583789463
1583789302
1583716826
1583715558
1583702835
1583626477
1583626450
1583607966
1583546640
1583546606
1583546528
1583534911
1583534876
1583534841
1583463862
1583463845
1583451508
1583451411
1583451375
1583372911
1583361270
1583359971
1583359903
1583359866
1583350825
1583336133
1583289772
1583283501
1583283383
1583205322
1583196622
1583196567
1583182825
1583108568
1583108345
1583108293
1583106949
1583041599
1583031736
1583028937
1583028883
1583028743
1582951894
1582951850
1582951728
1582951484
1582855523
1582854946
1582775362
1582764106
1582764053
1582697081
1582696071
1582683944
1582669888
1582621913
1582597227
1582513848
1582513803
1582513432
1582437053
1582426912
1582341797
1582340368
1582340240
1582340176
1582276254
1582243141
1582243111
1582151824
1582150268
1582150011
1582069899
1582068351
1582041451
1582040841
1581801282
1581753549
1581734364
1581727714
1581719544
1581714622
1581714504
1581658511
1581654914
1581582980
1581471974
1581394242
1581303233
1581303193
1581301673
1581257407
1581221223
1581219495
1581133441
1581132422
1581132399
1581045944
1581043004
1581042916
1580952990
1580870322
1580864443
1580782631
1580776108
1580702353
1580689361
1580645699
1580606104
1580517720
1580517645
1580412116
1580346601
1580343660
1580343553
1580258754
1580169236
1580169212
1580163972
1580154605
1580089322
1579990702
1579900784
1579809096
1579804481
1579804460
1579651234
1579568059
1579482652
1579480479
1579473632
1579389471
1579383105
1579371140
1579300365
1579277810
1579275544
1579114198
1579107988
1578974822
1578952245
1578951975
1578873637
1578868944
1578868848
1578764442
1578684064
1578679023
1578590711
1578427417
1578427337
1578421441
1578345765
1578336911
1578245493
1578165378
1578090798
1578078689
1578077178
1578005796
1578005719
1577916537
1577840842
1577831410
1577831340
1577826242
1577757654
1577733278
1577672721
1577660668
1577660642
1577638004
1577562392
1577555878
1577551966
1577549824
1577492045
1577409587
1577315389
1577219793
1577207498
1577163823
1577149609
1577123969
1577033165
1576949095
1576859415
1576795996
1576706419
1576637856
1576461064
1576281614
1576281166
1576281130
1576196222
1576193053
1576106976
1576020957
1575993831
1575922801
1575842018
1575821013
1575815690
1575765083
1575730833
1575724337
1575633496
1575601515
1575581705
1575581651
1575557976
1575495808
1575481224
1575395911
1575313659
1575218343
1574979156
1574977730
1574957749
1574891932
1574808126
1574791928
1574783518
1574695520
1574638124
1574638108
1574603160
1574539329
1574466714
1574466016
1574465955
1574392558
1574381817
1574362153
1574349490
1574292690
1574263171
1574207087
1574207047
1574129435
1574119894
1574119877
1574119848
1574033661
1574033602
1574021068
1574021022
1573860798
1573860722
1573826561
1573774619
1573774466
1573774403
1573774384
1573774320
1573774289
1573688713
1573688692
1573688677
1573602539
1573602502
1573602485
1573602442
1573517009
1573434268
1573434148
1573434135
1573344178
1573344079
1573254898
1573254861
1573254846
1573170994
1573170746
1573170664
1573170628
1573082610
1573082528
1573082467
1572996065
1572996019
1572911005
1572910921
1572735226
1572735205
1572649087
1572649049
1572649034
1572562900
1572562541
1572474351
1572474333
1572474119
1572474033
1572390340
1572390261
1572389968
1572303685
1572303674
1572303633
1572217433
1572217391
1572217363
1572129963
1572129928
1572129851
1572045118
1572045041
1571958531
1571958502
1571872057
1571872041
1571871977
1571784374
1571784337
1571784274
1571699268
1571699248
1571699236
1571699209
1571525864
1571525842
1571525827
1571438013
1571437990
1571437935
1571437925
1571437888
1571437870
1571265849
1571265841
1571265830
1571265809
1571180634
1571180617
1571093415
1571093379
1571007473
1570834251
1570833491
1570748424
1570748364
1570660421
1570660287
1570576736
1570489451
1570489414
1570317285
1570317101
1570236947
1570230430
1570230409
1570144028
1570060832
1570057893
1570057863
1569970041
1569970017
1569969894
1569885085
1569885059
1569885025
1569798476
1569711150
1569711131
1569711116
1569711097
1569625816
1569625807
1569537849
1569537812
1569451792
1569451743
1569451720
1569277165
1569191799
1569191728
1569107050
1569106953
1568935066
1568932981
1568760788
1568675251
1568674383
1568674359
1568589004
1568507033
1568502217
1568414465
1568414443
1568329410
1568329124
1568155999
1568155938
1568155901
1568070890
1567985240
1567903371
1567898485
1567811600
1567644067
1567639744
1567551812
1567551771
1567551732
1567468976
1567465864
1567379782
1567379761
1567223520
1567034630
1566766684
1566606449
1566517951
1566425220
1566354558
1566340826
1566254087
1566168747
1566164570
1566084003
1566077524
1565997953
1565911347
1565823906
1565563955
1565563923
1565478221
1565306955
1565306901
1565220451
1565220080
1565046331
1564959713
1564877502
1564785008
1564784982
1564699894
1564527371
1564442097
1564441341
1564354052
1564267825
1564180298
1564094680
1564093298
1564011063
1564009644
1563921373
1563835176
1563748856
1563748815
1563663003
1563576117
1563488869
1563402604
1563317125
1563311771
1563231020
1563147803
1562971980
1562540061
1562453277
1562453240
1562366679
1562280578
1562107733
1562021648
1561935839
1561849356
1561849249
1561762024
1561680910
1561680783
1561680008
1561590214
1561590180
1561503143
1561330476
1561157256
1561071221
1561071186
1560811749
1560730346
1560552799
1560380549
1560380520
1560294347
1560294316
1560206050
1560119476
1560119438
1559863380
1559863293
1559688238
1559603474
1559603440
1559519526
1559514060
1559256861
1559256828
1559086203
1558995741
1558562220
1558305374
1558218939
1558132718
1557961689
1557789707
1557704463
1557614722
1557614596
1557529383
1557525966
1557268294
1557181433
1557095109
1556843058
1556835293
1556662567
1556403022
1556402986
1556317483
1555970906
1555709883
1555631726
1555535696
1555534810
1555112540
1554932212
1554679131
1554592515
1554498168
1554419119
1554324340
1554236850
1554159508
1554074572
1554074519
1553986836
1553901526
1553901512
1553637164
1553296598
1553207214
1553125933
1553125918
1553038346
1552950157
1552867004
1552866964
1552683970
1552521044
1552436660
1552436617
1552346880
1552345813
1552259059
1552258772
1552258738
1552176351
1552176079
1552176064
1552090484
1552007138
1552007102
1551921107
1551921091
1551921077
1551832591
1551744469
1551707878
1551663371
1551579214
1551486219
1551482240
1551398290
1551314114
1551222866
1551044731
1550708801
1550442610
1550439603
1550343586
1549131327
1548879026
1548792406
1548706812
1548362125
1548362102
1547941623
1547775028
1547775006
1547684604
1547684590
1547601080
1547477216
1547426373
1547338156
1547079447
1547073405
1546557575
1546378391
1546293710
1546218049
1546135532
