1617863145
1617862664
1617862464
1617243294
1616814968
1616718685
1616375486
1616030226
1616030114
1616029951
1616029840
1616029733
1615939506
1615939408
1615939232
1615939044
1615938242
1615837917
1615837295
1615828854
1615684080
1615682795
1615605676
1615565352
1615429836
1615429277
1615369007
1615368258
1615367947
1615245065
1615244798
1615198679
1615198498
1615198252
1615082299
1615081884
1615081576
1615025018
1614990651
1614990339
1614934930
1614913055
1614912621
1614912357
1614911988
1614911535
1614911306
1614901128
1614900615
1614900251
1614811641
1614811558
1614811467
1614801437
1614588823
1614478112
1614477893
1614406061
1614180142
1614179901
1614166435
1614166100
1614165977
1614165902
1614124969
1614124821
1614124627
1614124512
1614057020
1614056955
1613981821
1613907930
1613825541
1613811650
1613775949
1613764347
1613764215
1613698942
1613698736
1613654472
1613654228
1613654130
1613654042
1613653893
1613653757
1613610472
1613610336
1613610221
1613610122
1613509282
1613509099
1613508878
1613508786
1613402741
1613368326
1613357738
1612831159
1612830814
1612094964
1612094763
1612094652
1612094536
1612094462
1611832924
1611832832
1611832663
1611832584
1611750567
1611750331
1611750092
1611749717
1611749623
1611694088
1611693972
1611605359
1611604924
1611604764
1611580079
1611538921
1611480555
1611480245
1611479556
1611325452
1611325267
1611258000
1611229445
1611192216
1611192119
1611191975
1611191844
1611163408
1611163334
1611163188
1611163010
1611162879
1611162785
1611162694
1611156479
1611156391
1611145140
1611145032
1611144882
