1604576587
1603887472
1603094010
1602594046
1601021225
1600505761
1599901003
1599552840
1599223678
1598945489
1598516653
1598261792
1597225547
1597046252
1596703976
1596697083
1596532772
1596444164
1596098935
1596025695
1595842421
1595496711
1595323414
1595230376
1595056895
1594993893
1594886136
1594814776
1594639799
1594629425
1594546297
1594481491
1594472809
1594305367
1594297241
1594102878
1594029145
1593947319
1593937367
1593831250
1593786825
1593681279
1593659706
1593619921
1593611516
1593590639
1593532962
1593493221
1593446799
1593437895
1593431170
1593418482
1593410656
1593349426
1593333674
1593327349
1593265540
1593256002
1593245200
1593187856
1593181193
1593172260
1593165232
1593099722
1593095716
1593081239
1592999955
1592989982
1592960512
1592926951
1592922142
1592915895
1592906401
1592839741
1592833884
1592825293
1592810794
1592805944
1592753977
1592747908
1592743654
1592735694
1592667428
1592663806
1592641987
1592634748
1592581308
1592576233
1592551137
1592493709
1592478885
1592470079
1592383551
1592374713
1592319382
1592303979
1592234942
1592225287
1592130412
1592125623
1592053071
1592029900
