1618178833
1618008220
1617826702
1617760729
1617564817
1617388498
1617226793
1616872619
1616804178
1616791640
1616705411
1615762266
1615416142
1615251708
1615160238
1615067949
1615058098
1614820406
1614791222
1614648266
1614557345
1614469906
1614450357
1614299137
1614283906
1614219876
1614212950
1614134864
1614036753
1613961219
1613951854
1613937992
1613688840
1613514079
1613426137
1613337196
1612829371
1612738511
1612656779
1612567948
1612556188
1612489579
1612144016
1611885622
1611791529
1611531219
1611185433
1611012156
1611005184
1610927897
1610683023
1610591343
1610409160
1610313608
1610245862
1610227827
1610223547
1610166944
1610063798
1609629227
1609477861
1609369387
1609367104
1609032386
1609024389
1608953081
1608944609
1608935060
1608859778
1608842322
1608786147
1608776309
1608773418
1608765960
1608758020
1608414590
1608332491
1608256740
1608244529
1608239951
1608170505
1608151824
1608090370
1608087875
1607916130
1607899872
1607820944
1607815690
1607745113
1607718019
1607657460
1607632240
1607575973
1607568016
1607555596
1607484480
1607478017
1607467798
1607400733
1607386557
1607375649
1607312677
1607305365
1607221168
1607144095
1607142658
1607124897
1607112002
1607055180
1607038917
1606969267
1606954444
1606867758
1606781101
1606766956
1606707775
1606612827
1606603200
1606534592
1606260518
1605910965
1605840964
1605744334
1605591984
1605483346
1605401477
1605325698
1605295526
1605063646
1605053577
1604969898
1604876692
1604806551
1604795736
1604631525
1604622897
1604377808
1604371694
1604272326
1604027172
1604020179
1604016159
1603928979
1603749255
1603742658
1603663472
1603585359
1603573970
1603504869
1603319457
1603056077
1602896055
1602802230
1602640220
1602614732
1602470365
1602453669
1602449849
1602361189
1602277729
1602200621
1602182181
1602122270
1602110319
1602101873
1602030038
1601860605
1601754659
1601673185
1601428398
1601251286
1600900196
1600549786
1600387026
1600300453
1600131773
1599891194
1599871333
1599696798
1598829512
1598750000
1598250956
1598237316
1598229776
1598219482
1597956177
1597609743
1597276245
1597270423
1596853874
1596842116
1596775192
1596745700
