1618095969
1618091400
1617896453
1617841136
1617504096
1617415576
1617405877
1617391117
1617321541
1617320621
1617317247
1616978518
1616953667
1616811544
1616617524
1616612879
1616350555
1616187719
1616114085
1616103809
1615677836
1615674787
1615415431
1615413324
1615333670
1614905522
1614899309
1614890059
1614817809
1614815154
1614639729
1614393810
1614392302
1614301923
1614040090
1614035606
1613776702
1613774179
1613693788
1613605619
1613593097
1613444248
1613429421
1613334015
1613267907
1613165563
1612818347
1612744253
1612659729
1612571771
1612568426
1612397572
1612064585
1612061599
1611623103
1611530706
1611342365
1611175617
1611009269
1611007977
1610820541
1610663736
1610661970
1610580926
1610486368
1610405571
1610404459
1610142055
1610063240
1610059930
1609963245
1609790174
1609730120
1609718884
1609457412
1609448767
1609416660
1609285356
1609279622
1608933652
1608852179
1608683058
1608402572
1608346716
1608334727
1608247280
1608156252
1607995729
1607905667
1607826169
1607812713
1607735924
1607731740
1607723204
1607720039
1607638906
1607375457
1607122325
1606944826
1606695558
1606600821
1606521933
1606255927
1606089259
1605996637
1605917009
1605905480
1605828746
1605663558
1605554872
1605403155
1604976833
1604975988
1604956357
1604706487
1604693164
1604435658
1604262054
1604172155
1604085684
1604010566
1603999521
1603913303
1603313777
1603145009
1603062781
1602874786
1602799928
1602793457
1602455317
1602190439
1602177249
1602029356
1602026149
1601924178
1601836588
1601763768
1601593390
1601589057
1601494576
1601326717
1601250626
1601074683
1600979224
1600889527
1600826894
1600637627
1600459052
1600391970
1600295670
1600127527
1599862590
1599783535
1599781696
1599772374
1599701041
1599687344
1599431830
1599336084
1599261711
1599255375
1599159748
1599096710
1598919925
1598897589
1598662862
1598655331
1598561273
1598395961
1598232010
1598219710
1597959983
1597956656
1597865396
1597704843
1597599826
1597534952
1597530019
1597525383
1597456606
1597371628
1597343429
1597191201
1597179430
1597099740
1597010119
1597008013
1596842402
1596679450
1596581389
1596563407
1596506908
1596483609
1596418123
1596324856
1596308315
1596245913
1596236138
1596141352
1596075380
1596058774
1595881046
1595798098
1595788219
1595785841
1595543243
1595539698
1595448150
1595386429
1595368333
1595356868
1595300802
1595279933
1595274689
1595025092
1595017959
1594937119
1594837495
1594774920
1594692210
1594686734
1594587593
1594516357
1594422459
1594419146
1594350747
1594320888
1594228998
1593978356
1593911386
1593907928
1593800268
1593741849
1593740086
1593641370
1593386749
1593371687
1593292275
1593290436
1593217803
1593215867
1593210754
1593204213
1593047078
1593045232
1592947060
1592943075
1592591353
1592513381
1592501981
1592442347
1592275232
1591903624
1591746149
1591737638
1591582499
1591300473
1591238695
1590776476
1590702839
1590692512
1590631056
1590598352
1590542800
1590361943
1590358192
1590288472
1590279630
1590271141
1590204763
1590086004
1589999424
1589937277
1589926205
1589856644
1589841501
1589827019
1589670404
1589663931
1589657202
1589593427
1589587483
1589484634
1589307505
1589147619
1588906947
1588880933
1588789041
1588630223
1588620951
1588359100
1588288567
1588284593
1588207632
1588194224
1588106564
1588041904
1587862615
1587848924
1587788055
1587762344
1587672936
1587586548
1587495788
1587422528
1587419137
1587335666
1587322725
1587249419
1587169658
1587084489
1587073184
1587065134
1586994574
1586898173
1586897505
1586811891
1586801835
1586715485
1586653201
1586647134
1586555960
1586494516
1586472139
1586375110
1586290049
1586218507
1586218111
1586121815
1585949657
1585859712
1585782030
1585769674
1585699663
1585679540
1585613446
1585596349
1585520702
1585520152
1585512165
1585357583
1585342421
1585247455
1585163403
1585078664
1585001999
1585000460
1584906519
1584829168
1584733110
1584670258
1584568632
1584475406
1584388974
1584314413
1584299727
1584229363
1584213931
1584129744
1584052038
1583958393
1583804699
1583788135
1583698931
1583524288
1583455383
1583443086
1583273337
1583265547
1583205094
1583096834
1583010305
1583007944
1582923731
1582852278
1582578529
1582496490
1582488139
1582341670
1582302160
1581977311
1581976634
1581719046
1581714313
1581702080
1581464196
1581450872
1581367966
1581316660
1581292131
1581264765
1581109277
1581023427
1580691464
1580430942
1580250864
1580167777
1579910626
1579898929
1579831156
1579741225
1579555186
1579389845
1579301121
1579225354
1579127290
1579042986
1578946942
1578944297
1578877494
1578790927
1578724610
1578431687
1578362231
1578182223
1578092210
1578077842
1577828475
1577649424
1577570686
1577492446
1577434553
1577306823
1577044771
1576964076
1576875426
1576712529
1576540546
1576451946
1576449126
1576366227
1576264726
1575850042
1575835589
1575770861
1575412442
1574892777
1574648163
1574615140
1574487641
1574464248
1574395085
1574283313
1574201571
1574042613
1573952514
1573516339
1573436547
1573327674
1573324986
1573269420
1573078160
1573074382
1572990746
1572819985
1572817633
1572562878
1572549926
1572294863
1572206386
1572204245
1572035756
1571860408
1571690490
1571535959
1571515167
1571502551
1571429227
1571350026
1571165571
1571099646
1570952805
1570920884
1570896945
1570830817
1570757946
1570746202
1570663639
1570662940
1570581710
1570486363
1570388836
1570312454
1570232238
1570229920
1570206251
1570134043
1570130104
1570069580
1569961455
1569891896
1569692072
1569624070
1569545817
1569462648
1569377722
1569353096
1569211940
1569195608
1569127856
1569103426
1568923921
1568840151
1568758174
1568747269
1568598372
1568511692
1568498762
1568392860
1568334056
1568245406
1568235508
1568167387
1568162259
1568078492
1568059706
1567971306
1567823893
1567817568
1567812627
1567654305
1567627289
1567481278
1567463536
1567376820
1567294732
1567286729
1567278175
1567196483
1567110020
1567097627
1567050052
1567024634
1566873150
1566617143
1566614033
1566541500
1566502183
1566446024
1566355590
1566352909
1566268361
1566241719
1566174795
1566168677
1566102232
1566003519
1565987950
1565911894
1565737317
1565735611
1565734375
1565563363
1565552635
1565482596
1565394037
1565387885
1565304512
1565235160
1565225233
1565125360
1565112621
1565057503
1565039640
1564982617
1564952267
1564866209
1564801582
1564782072
1564780197
1564633985
1564631664
1564547536
1564543294
1564504718
1564431464
1564336559
1564264363
1564170389
1564110870
1564022122
1563990293
1563941009
1563929938
1563918375
1563764566
1563761225
1563748767
1563679310
1563573430
1563491851
1563426502
1563408126
1563296844
1563252954
1563160020
1563136226
1563073014
1563024970
1562975235
1562809175
1562786367
1562678182
1562604836
1562461006
1562459627
1562377230
1562375381
1562343791
1562286055
1562114667
1562086531
1562033174
1562014126
1561959670
1561922983
1561837012
1561776201
1561676149
1561522885
1561513785
1561511930
1561312992
1561221857
1561072855
1561053266
1561052594
1560985348
1560827426
1560824811
1560630515
1560534874
1560467704
1560373650
1560369999
1560323488
1560218343
1560203152
1560152253
1560119741
1559939448
1559930717
1559759908
1559720672
1559690675
1559612229
1559408165
1559372245
1559361035
1559330091
1559261211
1559249432
1559178332
1559163023
1559162491
1559152969
1559075969
1559064003
1558807313
1558751847
1558737884
1558736585
1558655967
1558637668
1558585988
1558462735
1558402955
1558402613
1558310949
1558303236
1558296897
1558216443
1558155766
1558068156
1558034355
1558034216
1557957595
1557950395
1557944239
1557804408
1557674454
1557551023
1557546273
1557440224
1557363726
1557360084
1557267019
1557266938
1557208330
1557119678
1557103217
1557090599
1556928839
1556845516
1556749929
1556749871
1556684758
1556564283
1556505783
1556503284
1556420553
1556419965
1556340093
1556318700
1556241024
1556230806
1556230599
1556230435
1556227382
1556219789
1556145646
1556141957
1555988020
1555987854
1555882698
1555879119
1555812826
1555794759
1555638811
1555546225
1555517202
1555454255
1555385429
1555286415
1555286171
1555128449
1555125220
1555026935
1554994317
1554937026
1554781614
1554776944
1554776651
1554697070
1554693268
1554598623
1554492114
1554429940
1554424837
1554412237
1554242821
1554178673
1554176406
1554157371
1554100362
1554091479
1554059285
1554008277
1553997253
1553992001
1553990985
1553983297
1553981450
1553925000
1553913851
1553886837
1553839972
1553839045
1553825693
1553755514
1553720965
1553622664
1553578149
1553577718
1553540084
1553382676
1553368551
1553276380
1553229544
1553220404
1553210161
1553204584
1553132416
1553108130
1553045378
1553032111
1552977362
1552845799
1552781575
1552779023
1552667707
1552581752
1552523043
1552448731
1552358517
1552190859
1552105144
1552103745
1552077872
1552062306
1551899394
1551857431
1551812227
1551770173
1551744874
1551726477
1551671387
1551655908
1551648878
1551580873
1551496934
1551494715
1551488498
1551472854
1551410607
1551408165
1551377963
1551337020
1551326634
1551310595
1551240884
1551207773
1551117052
1551049677
1550887213
1550885014
1550883810
1550812933
1550812301
1550715388
1550711379
1550710608
1550710178
1550640719
1550639867
1550554511
1550548958
1550433517
1550371223
1550345300
1550221093
1550196256
1550139405
1550136457
1550106297
1550097930
1550024589
1550018285
1550015870
1549944733
1549907487
1549846656
1549841292
1549840871
1549840704
1549831418
1549689291
1549688839
1549668081
1549663739
1549662747
1549661456
1549582847
1549581857
1549575991
1549502892
1549418298
1549411276
1549410594
1549387092
1549322407
1549320482
1549313558
1549260918
1549260446
1549248248
1549234634
1549225811
1549080497
1549075427
1549065652
1549003421
1549003138
1548996102
1548905499
1548877389
1548831761
1548803379
1548751836
1548654613
1548653644
1548653320
1548644727
1548643367
1548626020
1548565070
1548542556
1548487235
1548478959
1548475610
1548460122
1548379962
1548301432
1548299724
1548203285
1548201326
1548108055
1548105740
1548056081
1547973653
1547971832
1547971421
1547929043
1547884627
1547874626
1547784260
1547768337
1547765370
1547741897
1547715138
1547644089
1547606842
1547531910
1547530703
1547526638
1547491623
1547454586
1547422166
1547410417
1547361913
1547321249
1547258671
1547254301
1547240116
1547185258
1547182746
1547069114
1547013243
1546908530
1546895531
1546744143
1546678389
1546677984
1546660381
1546632469
1546622644
1546579261
1546486168
1546482163
1546480066
1546479911
1546456070
1546379608
1546340833
1546312419
1546311010
1546285027
1546231978
1546199047
1546129544
1546122734
1546122455
1546064605
1546026213
1545966979
1545966826
1545888116
1545887722
1545885882
1545877437
1545798539
1545796944
1545796539
1545696390
1545689748
1545639792
1545636104
1545598145
1545551900
1545549796
1545515171
1545503806
1545444124
1545443566
1545442708
1545375544
1545272605
1545270720
1545243950
1545203718
1545203395
1545159481
1545098482
1545090738
1545088482
1544985411
1544929410
1544909007
1544824545
1544771517
1544755570
1544643295
1544611372
1544599628
1544596720
1544593043
1544569432
1544500462
1544423136
1544422257
1544394915
1544314654
1544308194
1544303184
1544300619
1544251596
1544244133
1544243046
1544141698
1544125256
1544081968
1544060655
1544059614
1544032052
1543979822
1543977498
1543977270
1543860886
1543802748
1543713900
1543686751
1543666353
1543666221
1543664422
1543631735
1543631112
1543628261
1543627789
1543620344
1543620233
1543552594
1543542963
1543540139
1543428814
1543386003
1543383722
1543379981
1543341724
1543301877
1543201355
1543195008
1543194031
1543131380
1543108835
1543104266
1543038686
1543038340
1542935414
1542929643
1542873165
1542823295
1542792180
1542791609
1542737263
1542695593
1542662975
1542521047
1542501047
1542499681
1542480449
1542480082
1542405372
1542391771
1542323204
1542292666
1542263016
1542239568
1542225907
1542181090
1542150514
1542097957
1542074116
1542014769
1541986960
1541981512
1541978480
1541976646
1541927943
1541926063
1541925469
1541904053
1541826273
1541823429
1541820990
1541813743
1541751003
1541734639
1541723937
1541703583
1541668853
1541646218
1541628234
1541614921
1541528567
1541485162
1541456259
1541455668
1541386659
1541382362
1541380916
1541380056
1541300015
1541297479
1541297109
1541214297
1541208373
1541089717
1541043181
1540984916
1540979232
1540979145
1540938261
1540849186
1540750768
1540718772
1540664760
1540614928
1540612621
1540608314
1540580132
1540570253
1540569503
1540536244
1540532889
1540501718
1540420905
1540319303
1540317422
1540263996
1540263753
1540233048
1540185251
1540184147
1540148439
1540100417
1539992953
1539923523
1539921059
1539911619
1539821933
1539816772
1539816252
1539800154
1539799724
1539770134
1539761896
1539745133
1539674589
1539672437
1539657526
1539543756
1539482899
1539481670
1539476728
1539392242
1539387456
1539385889
1539352930
1539301447
1539223306
1539212850
1539203984
1539190394
1539107077
1539106887
1539106629
1539060063
1539058627
1538939283
1538891458
1538890166
1538793522
1538763704
1538684983
1538598774
1538595015
1538586745
1538586345
1538550190
1538519708
1538506802
1538448412
1538417323
1538369728
1538365644
1538265908
1538255260
1538237416
1538187436
1538172458
1538172079
1538157727
1538155467
1538101975
1538087568
1538086796
1538086282
1538026863
1538021035
1538018193
1537997659
1537986272
1537947638
1537928417
1537925740
1537903951
1537855709
1537846495
1537843530
1537820689
1537817931
1537767735
1537722970
1537685485
1537657058
1537648414
1537591792
1537590454
1537574768
1537560623
1537550898
1537541321
1537496965
1537495853
1537479407
1537478853
1537385881
1537385102
1537329479
1537328044
1537321233
1537283008
1537237844
1537237295
1537197429
1536974716
1536974354
1536900157
1536798836
1536797015
1536783009
1536691362
1536682632
1536658679
1536643711
1536637094
1536518922
1536506852
1536446474
1536437485
1536411377
1536359000
1536282353
1536245421
1536159164
1536124991
1536121584
1536115417
1536020830
1536009526
1535947639
1535946754
1535942731
1535929063
1535856218
1535851634
1535785818
1535760654
1535755757
1535670585
1535668293
1535667238
1535654486
1535624064
1535597208
1535596514
1535585946
1535509526
1535508150
1535499659
1535491153
1535430770
1535333442
1535261657
1535258053
1535239328
1535155659
1535149730
1535081227
1535079689
1535077839
1535058396
1534969502
1534901788
1534796576
1534737409
1534735827
1534735348
1534693205
1534646814
1534569733
1534568932
1534567579
1534469853
1534435622
1534407202
1534393843
1534393296
1534391344
1534325879
1534321121
1534290686
1534287721
1534285668
1534219471
1534210742
1534210445
1534142457
1534028791
1534027623
1533964996
1533961795
1533960963
1533927716
1533909837
1533862331
1533858599
1533784290
1533783147
1533697328
1533691723
1533684502
1533673874
1533621631
1533506101
1533506072
1533475994
1533428473
1533422338
1533422190
1533421922
1533406235
1533350719
1533340841
1533287435
1533243256
1533189718
1533172284
1533156412
1533151976
1533145613
1533133448
1533096025
1533070854
1533069506
1533061893
1533007359
1532999418
1532998784
1532932103
1532925164
1532925034
1532893805
1532824433
1532823443
1532808297
1532794979
1532757141
1532745704
1532735926
1532723872
1532723647
1532679729
1532679050
1532648835
1532642364
1532586087
1532584958
1532576447
1532572363
1532546026
1532467046
1532463749
1532462639
1532447990
1532409544
1532397981
1532396167
1532296424
1532242454
1532215683
1532188841
1532161294
1532148286
1532147034
1532145635
1532115814
1532069403
1532068721
1532050623
1532049956
1532048513
1532039964
1531972236
1531892200
1531888298
1531855018
1531853628
1531802364
1531790993
1531790482
1531716187
1531715735
1531703166
1531702555
1531623672
1531591995
1531522553
1531504010
1531500166
1531456662
1531420812
1531373141
1531342602
1531264972
1531262461
1531193587
1531185360
1531105429
1531095190
1531073292
1531013333
1530997434
1530935803
1530932790
1530930152
1530930042
1530903250
1530901899
1530831552
1530741039
1530739240
1530737983
1530737754
1530646618
1530594452
1530593832
1530588356
1530565701
1530479174
1530402077
1530401313
1530401243
1530395056
1530392962
1530316683
1530288702
1530246929
1530246894
1530229893
1530224408
1530222851
1530215004
1530163786
1530138313
1530123383
1530079926
1530079781
1530041102
1529996043
1529991112
1529986227
1529952771
1529877821
1529855028
1529795599
1529743581
1529719309
1529709364
1529691508
1529657752
1529655163
1529607093
1529544084
1529530130
1529527268
1529510258
1529467945
1529393197
1529388180
1529387637
1529287870
1529286608
1529283202
1529178361
1529107314
1529044436
1529043009
1529037562
1529000850
1528910524
1528865281
1528864791
1528862391
1528860222
1528787229
1528786366
1528756731
1528685019
1528673646
1528664471
1528600768
1528593330
1528579212
1528573898
1528573539
1528572558
1528511151
1528508590
1528506940
1528493362
1528419773
1528408216
1528407663
1528398287
1528362761
1528360806
1528359023
1528325461
1528311655
1528257318
1528225181
1528176590
1528133182
1528090138
1528068788
1528067857
1528066770
1528001633
1527959049
1527919648
1527915302
1527910645
1527908396
1527878883
1527878313
1527823396
1527822535
1527792878
1527714105
1527713802
1527651664
1527648268
1527558982
1527546829
1527534423
1527534080
1527400730
1527367040
1527320318
1527300722
1527295604
1527211847
1527207414
1527206043
1527193248
1527141927
1527116649
1527116055
1527115387
1527112799
1527111357
1527044013
1527014439
1527014117
1526967653
1526928634
1526860563
1526789061
1526774753
1526772854
1526763422
1526749766
1526718700
1526699539
1526687453
1526667916
1526591039
1526525957
1526521360
1526515708
1526515668
1526435337
1526401586
1526401444
1526357313
1526349835
1526278725
1526258158
1526253864
1526188526
1526179519
1526172984
1526167076
1526155375
1526153102
1526089744
1526089108
1525986558
1525847400
1525839702
1525839571
1525807437
1525801435
1525751937
1525748218
1525626593
1525623680
1525591633
1525496367
1525495709
1525442333
1525419212
1525407797
1525393012
1525392705
1525384762
1525374392
1525368417
1525327499
1525314295
1525311590
1525311241
1525308231
1525296756
1525295811
1525294151
1525233526
1525232307
1525231684
1525229388
1525228462
1525199706
1525157528
1525156445
1525147078
1525114349
1525058700
1525055313
1525048266
1525031843
1524984351
1524982876
1524981101
1524970835
1524947986
1524945100
1524900674
1524840644
1524813513
1524812248
1524809233
1524768878
1524767576
1524720459
1524638859
1524583755
1524544627
1524508478
1524495122
1524453203
1524433143
1524372125
1524369457
1524365252
1524352085
1524292222
1524290048
1524269390
1524197130
1524188520
1524155325
1524118987
1524118879
1524100159
1524083506
1524083355
1524076727
1524020777
1523989150
1523942117
1523941753
1523940326
1523931315
1523930578
1523929071
1523858457
1523841278
1523833696
1523830058
1523769075
1523697351
1523678237
1523674019
1523671584
1523645734
1523644079
1523586721
1523586130
1523580507
1523500552
1523494265
1523492545
1523492005
1523413965
1523412252
1523386464
1523379343
1523352082
1523246473
1523218338
1523170203
1523165332
1523164449
1523148293
1523122306
1523086936
1523081505
1523059258
1523034214
1522989976
1522972528
1522968933
1522967615
1522901387
1522836854
1522820762
1522805833
1522778646
1522736041
1522733350
1522732565
1522655638
1522644850
1522644816
1522629218
1522626341
1522625845
1522608231
1522553908
1522551971
1522546686
1522544170
1522464192
1522461783
1522392119
1522380572
1522379418
1522375955
1522375174
1522354357
1522306872
1522257496
1522251929
1522201861
1522122630
1522087127
1522038165
1522036739
1521964358
1521951252
1521921177
1521920137
1521918135
1521868401
1521865290
1521863379
1521827170
1521783886
1521782549
1521774953
1521774414
1521750509
1521710505
1521708553
1521707243
1521683401
1521654268
1521573308
1521571084
1521526270
1521520928
1521514266
1521500957
1521480689
1521433484
1521433048
1521421508
1521408892
1521329947
1521325280
1521323403
1521252396
1521187339
1521161717
1521152126
1521105960
1521043024
1521004693
1521004513
1520966054
1520965652
1520921934
1520831842
1520823330
1520821118
1520820141
1520806735
1520747834
1520745460
1520731927
1520720935
1520709517
1520708786
1520666974
1520657230
1520652569
1520575184
1520573766
1520573611
1520556059
1520495050
1520494258
1520474314
1520474067
1520471154
1520381667
1520367169
1520313430
1520309014
1520235065
1520225934
1520216583
1520213397
1520200011
1520127167
1520126998
1520111889
1520047242
1520041581
1519968166
1519965210
1519955982
1519949949
1519946292
1519945246
1519941163
1519874291
1519872838
1519802037
1519789245
1519714936
1519669682
1519626253
1519622015
1519602129
1519594966
1519594825
1519538276
1519536145
1519461946
1519460760
1519435057
1519404197
1519343413
1519342633
1519341066
1519281334
1519276691
1519276227
1519266088
1519183814
1519181996
1519145673
1519137169
1519132455
1519132116
1519131385
1519128723
1519127624
1519123072
1519117282
1519100922
1519094079
1519093716
1519087704
1519079226
1519072657
1519046254
1519043514
1519042746
1519004721
1518961893
1518960486
1518959164
1518956517
1518949920
1518949265
1518945685
1518943490
1518940582
1518928509
1518927532
1518926488
1518924238
1518923827
1518917688
1518914499
1518906321
1518905167
1518896857
1518888881
1518884372
1518879799
1518875286
1518875134
1518869186
1518869087
1518868829
1518833321
1518806309
1518797958
1518795165
1518788016
1518787258
1518772240
1518771177
1518758114
1518756189
1518746141
1518741025
1518723352
1518721881
1518720129
1518719838
1518714297
1518709592
1518709323
1518707291
1518705655
1518703477
1518697075
1518694578
1518694341
1518692523
1518691644
1518689566
1518688355
1518673583
1518673383
1518673132
1518665810
1518664823
1518659048
1518643119
1518640618
1518640031
1518637918
1518633267
1518631391
1518624607
1518618663
1518615336
1518563290
1518531756
1518563290
1516599225
1516591665
1516578035
1516556994
1516502563
1516419815
1516353764
1516344016
1516334819
1516329344
