1618301833
1618301812
1618258510
1618257106
1618256782
1618245549
1618214621
1618214598
1618213303
1618213287
1618213253
1618213219
1618212497
1618178818
1618177881
1618162480
1618143635
1618082096
1618076372
1618074920
1618074215
1618073224
1618058982
1618056329
1618053745
1618051655
1618045388
1617973463
1617973173
1617968723
1617924285
1617922999
1617901421
1617901279
1617885252
1617739318
1617732081
1617726918
1617669269
1617661650
1617661503
1617643442
1617628750
1617491715
1617478717
1617415279
1617377969
1617377045
1617296831
1617290244
1617230749
1617212903
1617212428
1617212040
1617197138
1617121738
1617116198
1617115074
1617114965
1617109362
1617108493
1617108435
1617050785
1617036254
1616969069
1616968637
1616945816
1616944690
1616926983
1616923643
1616889438
1616888822
1616877987
1616874450
1616803370
1616791330
1616788146
1616786660
1616775872
1616716780
1616711661
1616711559
1616669072
1616610361
1616605528
1616603271
1616600480
1616575985
1616575477
1616489418
1616489394
1616453389
1616451712
1616448489
1616434025
1616431493
1616430728
1616401597
1616176256
1616087698
1616025149
1616020883
1616020453
1616017382
1616015642
1616007610
1615994256
1615991770
1615909279
1615908858
1615906756
1615828937
1615822180
1615736035
1615734827
1615668299
1615667477
1615662849
1615660666
1615653229
1615573508
1615504849
1615503915
1615503311
1615500658
1615487735
1615487142
1615477463
1615409072
1615389290
1615384893
1615335543
1615335426
1615335347
1615335307
1615334827
1615334737
1615334659
1615315532
1615302480
1615295366
1615293300
1615247118
1615246481
1615230783
1615071191
1615059033
1615057870
1615047542
1614950413
1614779760
1614730269
1614608183
1614537595
1614533261
1614527022
1614476406
1614447955
1614351303
1614351028
1614276517
1614203608
1614198299
1614196840
1614186573
1614123565
1614117823
1614113315
1614097316
1614095834
1614095477
1614047100
1614045296
1613951767
1613767526
1613680464
1613595781
1613592787
1613592446
1613494769
1613412251
1613409781
1613345981
1613324506
1613324324
1613324248
1613320348
1613261712
1613246982
1613242851
1613242216
1613161659
1613087135
1613077265
1613052056
1612993162
1612915356
1612908501
1612899717
1612896556
1612886634
1612886007
1612807865
1612807788
1612807424
1612740442
1612701513
1612559189
1612556169
1612555777
1612553348
1612539430
1612445225
1612393522
1612393390
1612393204
1612390648
1612390073
1612382248
1612366260
1612364220
1612308593
1612304804
1612296293
1612193965
1612109291
1612047341
1612037455
1612033953
1611840688
1611763974
1611666640
1611660170
1611595320
1611593896
1611592801
1611577877
1611507506
1611498426
1611496330
1611489824
1611444905
1611441304
1611435307
1611432452
1611416179
1611412929
1611410591
1611406435
1611401627
1611355119
1611354306
1611348945
1611337483
1611330041
1611320517
1611237324
1611161650
1611091108
1611088141
1611087405
1611078923
1611064286
1611043275
1611038374
1610999585
1610988156
1610982449
1610933451
1610914011
1610910211
1610909669
1610901688
1610898450
1610846491
1610832326
1610831000
1610820740
1610820490
1610820384
1610819634
1610816204
1610812058
1610808423
1610737956
1610722113
1610720694
1610667616
1610636586
1610628799
1610627768
1610558361
1610494596
1610468345
1610458400
1610442410
1610397745
1610367926
1610316895
1610301073
1610287819
1610221564
1610207338
1610197669
1610197613
1610146391
1610134442
1610131330
1610124382
1610106465
1610103878
1610057800
1610045620
1610045334
1610041931
1610037527
1610034306
1610021648
1610019872
1609952988
1609949075
1609939024
1609936273
1609926858
1609924916
1609889791
1609882140
1609851790
1609845303
1609806023
1609792124
1609773973
1609773553
1609769091
1609763707
1609761436
1609719505
1609695957
1609693843
1609690427
1609689823
1609681537
1609678354
1609673647
1609632838
1609615181
1609535404
1609531528
1609529660
1609525083
1609522086
1609422003
1609419512
1609406973
1609353709
1609352859
1609352333
1609351614
1609344651
1609323877
1609281235
1609271337
1609268352
1609247436
1609245766
1609182814
1609177983
1609161862
1609099685
1609078007
1609070035
1609017188
1609016950
1608988630
1608946212
1608843523
1608839487
1608837883
1608835804
1608835666
1608829152
1608828009
1608817729
1608809458
1608776438
1608769248
1608746095
1608745004
1608741553
1608725294
1608715111
1608667407
1608661726
1608583914
1608582181
1608567425
1608565450
1608538671
1608493887
1608490745
1608484982
1608420252
1608390776
1608374109
1608320749
1608319744
1608313367
1608292427
1608229697
1608210426
1608198310
1608159937
1608157995
1608157250
1608142672
1608134701
1608125191
1608067252
1608066830
1608065537
1608057068
1608053930
1608052567
1608050367
1608021365
1607979248
1607969497
1607963235
1607962957
1607901496
1607898603
1607893541
1607892545
1607818193
1607806035
1607803188
1607801874
1607796760
1607792782
1607783857
1607782865
1607767253
1607735985
1607732151
1607724957
1607724195
1607723333
1607722772
1607721900
1607720750
1607720174
1607719183
1607708027
1607707640
1607707498
1607707306
1607706399
1607702272
1607702045
1607692604
1607690222
1607686133
1607676366
1607676332
1607670127
1607640751
1607638308
1607638031
1607637886
1607635943
1607632570
1607630995
1607621178
1607614589
1607560531
1607557627
1607544675
1607542484
1607536487
1607533216
1607532502
1607531512
1607530292
1607445396
1607416479
1607372482
1607365007
1607361088
1607330755
1607330730
1607291641
1607283537
1607265428
1607263426
1607260397
1607200354
1607197059
1607188925
1607188290
1607187955
1607185133
1607184447
1607176401
1607117797
1607092652
1607086898
1607026156
1607020652
1607015164
1606953809
1606951859
1606950500
1606946172
1606931526
1606926351
1606925826
1606924987
1606923714
1606921808
1606920622
1606858924
1606846124
1606843890
1606842323
1606840825
1606838986
1606772419
1606764966
1606761090
1606755968
1606754788
1606753988
1606753805
1606752983
1606726992
1606723992
1606723926
1606685629
1606679546
1606677510
1606677217
1606674218
1606665906
1606663647
1606660633
1606658924
1606657792
1606657178
1606654150
1606602618
1606600568
1606588030
1606586578
1606583605
1606582222
1606517167
1606499836
1606493532
1606428939
1606422215
1606419049
1606397077
1606394450
1606393381
1606392549
1606341146
1606340236
1606338910
1606333512
1606325560
1606322492
1606320441
1606319141
1606317843
1606248667
1606247003
1606243131
1606240314
1606216778
1606164671
1606162451
1606158897
1606153491
1606121674
1606121557
1606085679
1606084404
1606069027
1606068697
1606068630
1606068528
1606068166
1606068102
1606067656
1606063996
1606058784
1606056837
1606052450
1606042662
1606042632
1606042593
1606041496
1606041189
1606002378
1605996295
1605989488
1605986992
1605978991
1605973322
1605972523
1605966112
1605965783
1605965208
1605964882
1605914639
1605899181
1605884484
1605880578
1605866798
1605866743
1605830824
1605828711
1605819986
1605812515
1605810874
1605806337
1605805156
1605804258
1605802581
1605740030
1605730737
1605721361
1605718566
1605715125
1605713366
1605710993
1605710585
1605700246
1605651667
1605649478
1605639207
1605633139
1605632630
1605604802
1605603622
1605602861
1605566801
1605564211
1605555825
1605551532
1605550961
1605515620
1605481762
1605478966
1605469592
1605459164
1605403690
1605372052
1605368394
1605361368
1605294280
1605282929
1605281010
1605271775
1605270470
1605251317
1605231116
1605230535
1605226687
1605226633
1605224793
1605222766
1605222507
1605221335
1605218946
1605218182
1605216353
1605210740
1605210322
1605208869
1605207390
1605207119
1605206584
1605206135
1605206024
1605203240
1605199896
1605199261
1605198588
1605198370
1605197909
1605191041
1605175656
1605175375
1605174660
1605141406
1605133797
1605132050
1605131703
1605128698
1605128022
1605126889
1605124219
1605122642
1605116722
1605116157
1605115509
1605115487
1605114993
1605113175
1605111045
1605110618
1605110267
1605109746
1605108258
1605106305
1605093946
1605084018
1605083576
1605083400
1605082492
1605052380
1605051954
1605051110
1605048655
1605047004
1605044649
1605044373
1605044186
1605043622
1605042397
1605040954
1605039700
1605035168
1605034610
1605032942
1605031936
1605030988
1605030250
1605030205
1605030157
1605029176
1604997327
1604996553
1604996432
1604996322
1604995979
1604967051
1604966933
1604958346
1604955104
1604952433
1604950914
1604949577
1604948901
1604941755
1604939619
1604938312
1604937493
1604911417
1604910656
1604910632
1604910557
1604906786
1604872626
1604870973
1604870642
1604866690
1604866462
1604866230
1604862349
1604857319
1604853714
1604831899
1604773638
1604768687
1604761419
1604758353
1604758089
1604752968
1604652049
1604651650
1604651594
1604616499
1604610583
1604594568
1604590626
1604528499
1604522262
1604518694
1604516317
1604513073
1604511733
1604510287
1604503368
1604435537
1604433007
1604430112
1604427041
1604425233
1604425087
1604425008
1604423727
1604422487
1604392507
1604392407
1604392319
1604359478
1604353593
1604353241
1604351120
1604346090
1604337191
1604306160
1604306105
1604306027
1604271165
1604270117
1604269342
1604269188
1604268961
1604265687
1604259175
1604254737
1604250737
1604244122
1604242556
1604238186
1604231912
1604227129
1604189250
1604172649
1604171369
1604167930
1604164518
1604162992
1604158368
1604155189
1604149356
1604148364
1604105017
1604102234
1604100053
1604082436
1604077271
1604073928
1604072838
1604057522
1604015126
1604008238
1604005737
1604000490
1603997886
1603991233
1603982756
1603981676
1603980915
1603974718
1603972571
1603922177
1603917937
1603916879
1603912596
1603909254
1603908100
1603907086
1603901855
1603900497
1603898826
1603895013
1603894571
1603892746
1603892094
1603890122
1603811410
1603808977
1603808208
1603753796
1603749948
1603745769
1603744298
1603740889
1603736901
1603735029
1603732497
1603730010
1603717908
1603716088
1603708534
1603670495
1603670427
1603670250
1603652594
1603645611
1603645199
1603643427
1603639349
1603630690
1603630575
1603621110
1603620885
1603578952
1603576937
1603570781
1603569123
1603567853
1603564474
1603467779
1603394740
1603391454
1603387406
1603382768
1603381995
1603377079
1603374392
1603372033
1603368109
1603360715
1603314083
1603306061
1603299739
1603286561
1603239710
1603235795
1603225048
1603224359
1603211336
1603207907
1603200233
1603197789
1603146871
1603138659
1603133629
1603131894
1603118357
1603055432
1603050295
1603043536
1603033539
1603032852
1603030679
1603024359
1602953935
1602952701
1602951985
1602950461
1602941063
1602938643
1602936114
1602935012
1602934451
1602931521
1602879817
1602876723
1602874248
1602871877
1602865011
1602861552
1602858327
1602855113
1602850991
1602850521
1602803387
1602787184
1602784297
1602707213
1602689923
1602676028
1602617765
1602614295
1602613034
1602611013
1602610384
1602600563
1602530964
1602523093
1602520017
1602518690
1602517100
1602515070
1602493716
1602488683
1602444068
1602438026
1602430843
1602426979
1602414286
1602410527
1602351963
1602345093
1602340630
1602338730
1602333779
1602328198
1602259801
1602257231
1602255780
1602254420
1602250383
1602243650
1602242399
1602229640
1602229435
1602229005
1602193807
1602178356
1602172502
1602148995
1602146503
1602107203
1602105161
1602094877
1602092483
1602089466
1602087409
1602076858
1602022926
1602022681
1602022327
1602012698
1602011856
1601999671
1601997217
1601936883
1601932181
1601929009
1601926160
1601922033
1601911285
1601889395
1601844238
1601838077
1601827059
1601825240
1601764403
1601754563
1601754034
1601752717
1601747318
1601729455
1601723119
1601719385
1601717937
1601669502
1601669267
1601667100
1601653516
1601653436
1601652987
1601647480
1601647029
1601638729
1601624087
1601593560
1601588630
1601588184
1601586003
1601573588
1601569208
1601567518
1601566701
1601565480
1601544576
1601539247
1601505340
1601497817
1601497628
1601489239
1601478503
1601475517
1601464286
1601450863
1601423194
1601416855
1601414363
1601401824
1601396602
1601394910
1601365124
1601330846
1601326576
1601308858
1601307637
1601307417
1601305692
1601299651
1601274513
1601243752
1601239932
1601237520
1601236084
1601222605
1601220203
1601218075
1601211785
1601153571
1601148516
1601144455
1601142192
1601137493
1601136291
1601123218
1601117868
1601078711
1601078126
1601066801
1601060935
1601054524
1601051496
1601050257
1601049685
1601047091
1600975176
1600963613
1600892304
1600890301
1600889249
1600876926
1600876520
1600806500
1600799647
1600794253
1600787431
1600715398
1600714647
1600706534
1600704241
1600703125
1600698640
1600632933
1600625333
1600622755
1600608279
1600468202
1600461388
1600457810
1600450329
1600445873
1600444637
1600442975
1600439118
1600434172
1600366597
1600364157
1600360343
1600360117
1600351212
1600337210
1600296493
1600280884
1600272085
1600203152
1600195177
1600186121
1600185530
1600183322
1600122286
1600118016
1600111238
1600109726
1600108382
1600106473
1600105302
1600100129
1600098361
1600029135
1600026330
1600021506
1600017379
1600006196
1600004773
1599998753
1599946737
1599922348
1599919998
1599917739
1599874145
1599860810
1599860074
1599858654
1599858259
1599843482
1599841757
1599826867
1599824938
1599821421
1599814524
1599806318
1599780302
1599777397
1599770196
1599764430
1599761717
1599756910
1599755595
1599754255
1599751755
1599690135
1599685474
1599675714
1599675271
1599672242
1599669177
1599664056
1599663141
1599662605
1599661991
1599606894
1599604118
1599603869
1599603572
1599590303
1599586750
1599579676
1599502803
1599500261
1599495422
1599492770
1599461882
1599432016
1599409370
1599398860
1599339129
1599333449
1599330536
1599329221
1599302247
1599262399
1599261327
1599250970
1599250029
1599249294
1599248325
1599245498
1599228404
1599228035
1599224953
1599223501
1599203826
1599203351
1599145097
1599074564
1599060431
1599058112
1598972532
1598946807
1598916787
1598914649
1598897686
1598895792
1598880060
1598878562
1598876325
1598874197
1598829211
1598828777
1598828274
1598827873
1598823387
1598803122
1598796555
1598794884
1598794294
1598792255
1598786616
1598784445
1598734547
1598723159
1598711444
1598705843
1598701780
1598647495
1598637135
1598631003
1598629418
1598597968
1598573272
1598568656
1598566620
1598559034
1598555322
1598550498
1598546492
1598545262
1598543257
1598537815
1598527326
1598527066
1598484838
1598482850
1598481200
1598471423
1598470708
1598279851
1598224761
1598214813
1598198907
1598189791
1598183681
1598182611
1598141108
1598124728
1598120661
1598114434
1598110547
1598101749
1598093169
1598085138
1598026990
1598026247
1598024686
1598015909
1598001509
1597915322
1597869405
1597777537
1597769550
1597765461
1597751522
1597736327
1597689035
1597681195
1597660562
1597612365
1597611850
1597609340
1597603718
1597595625
1597592705
1597592487
1597580729
1597570217
1597529130
1597525809
1597519310
1597519097
1597513467
1597506908
1597505022
1597503311
1597500832
1597499053
1597495335
1597447952
1597446951
1597441750
1597441548
1597441106
1597427585
1597412687
1597411441
1597410549
1597401206
1597355733
1597335784
1597335670
1597335457
1597332249
1597331656
1597318681
1597317407
1597314760
1597312949
1597270659
1597265918
1597261109
1597252893
1597248818
1597235846
1597233499
1597230003
1597186860
1597184289
1597166817
1597148884
1597142788
1597142258
1597139653
1597138681
1597137325
1597094420
1597088645
1597074841
1597074709
1597073461
1597072931
1597067738
1597066194
1597063609
1597057394
1597057335
1597010980
1597010128
1597005133
1596985557
1596983925
1596983125
1596981748
1596978064
1596976737
1596925680
1596923945
1596922447
1596918876
1596912181
1596910090
1596901267
1596900280
1596897038
1596893579
1596889727
1596887488
1596881800
1596840464
1596837264
1596832621
1596806907
1596798865
1596792256
1596752943
1596749083
1596740842
1596739909
1596739808
1596739670
1596730108
1596725091
1596720437
1596716289
1596714483
1596669549
1596668790
1596664370
1596661301
1596656367
1596641846
1596634104
1596631233
1596626132
1596625129
1596623516
1596623018
1596588845
1596587025
1596579547
1596578567
1596577994
1596575331
1596572062
1596567061
1596551884
1596548802
1596544380
1596540004
1596535134
1596529530
1596518134
1596484784
1596484374
1596484085
1596472359
1596468455
1596465805
1596464985
1596459935
1596459066
1596456386
1596446160
1596415326
1596401100
1596398157
1596391798
1596385401
1596376029
1596375151
1596373168
1596370610
1596368826
1596361542
1596328036
1596325318
1596324880
1596321010
1596304025
1596302795
1596302512
1596287424
1596284469
1596284039
1596283698
1596283118
1596279931
1596278445
1596268832
1596224496
1596219447
1596217811
1596208717
1596208313
1596201820
1596200071
1596198780
1596137041
1596135870
1596126604
1596120048
1596113592
1596112793
1596038793
1596034494
1596027501
1595974238
1595973539
1595973340
1595968593
1595940432
1595940029
1595893920
1595893763
1595893521
1595893363
1595880666
1595861251
1595859490
1595858252
1595856519
1595855156
1595852511
1595850489
1595846730
1595799896
1595799179
1595797802
1595793722
1595792036
1595789795
1595780870
1595780092
1595761686
1595714889
1595710502
1595699926
1595698235
1595687746
1595631170
1595622325
1595616765
1595612055
1595611021
1595603602
1595590967
1595538601
1595524008
1595519362
1595515214
1595507851
1595460968
1595459260
1595457578
1595442029
1595438385
1595435666
1595433725
1595430683
1595422586
1595419530
1595419135
1595418837
1595416811
1595415380
1595369619
1595285349
1595269820
1595265926
1595261337
1595260916
1595258668
1595256250
1595206098
1595183732
1595182536
1595168462
1595166075
1595156928
1595111234
1595110459
1595109349
1595093558
1595085048
1595077424
1595066828
1595024990
1595024962
1595003269
1594996940
1594994210
1594989270
1594988284
1594985318
1594969939
1594931831
1594931291
1594921563
1594915273
1594914961
1594911290
1594908375
1594907217
1594904445
1594903253
1594899815
1594897272
1594891392
1594849582
1594848112
1594826016
1594818780
1594813894
1594810468
1594761693
1594749605
1594748444
1594748020
1594723808
1594722151
1594716221
1594663074
1594662575
1594651449
1594644827
1594643729
1594640762
1594638915
1594581925
1594578857
1594560836
1594558511
1594557939
1594556982
1594555915
1594542200
1594492589
1594479257
1594474725
1594473012
1594467513
1594408064
1594397769
1594396559
1594388970
1594383476
1594383197
1594334931
1594334166
1594316720
1594306051
1594305138
1594295853
1594293592
1594247022
1594240110
1594239134
1594238296
1594237466
1594222122
1594217313
1594161078
1594159580
1594141071
1594140253
1594139132
1594137797
1594126110
1594122728
1594113730
1594075451
1594074985
1594067729
1594039633
1594037966
1594036982
1594030965
1594029743
1594028813
1593990099
1593989699
1593987871
1593986631
1593976451
1593968025
1593967106
1593964190
1593961232
1593960041
1593959250
1593952449
1593947320
1593944678
1593938166
1593936336
1593936220
1593934727
1593900338
1593899080
1593897332
1593893331
1593880491
1593879147
1593876675
1593872021
1593870881
1593869193
1593866222
1593862521
1593816230
1593810944
1593783991
1593783231
1593778162
1593734304
1593730267
1593729428
1593718194
1593715165
1593710501
1593710461
1593703021
1593685769
1593648567
1593646590
1593645698
1593644161
1593625163
1593620549
1593618789
1593618251
1593613458
1593607425
1593605788
1593603623
1593601781
1593600207
1593557128
1593554513
1593553945
1593533154
1593527020
1593515616
1593512841
1593509129
1593478336
1593473803
1593472036
1593471307
1593468645
1593459920
1593457089
1593454345
1593452372
1593448880
1593447880
1593447248
1593439134
1593432336
1593429518
1593428474
1593425996
1593385951
1593383322
1593376282
1593374998
1593368722
1593367265
1593366583
1593357015
1593355173
1593353881
1593352411
1593350533
1593338772
1593334797
1593329915
1593300262
1593298900
1593296272
1593295914
1593293894
1593269849
1593257679
1593255235
1593253499
1593209480
1593205138
1593194704
1593161521
1593158350
1593114883
1593097875
1593080776
1593038633
1593017909
1593011389
1592993589
1592992444
1592939768
1592925814
1592919379
1592864812
1592850013
1592843150
1592842526
1592841275
1592840258
1592830410
1592825498
1592818204
1592816793
1592814257
1592777287
1592772194
1592767426
1592760360
1592754098
1592752019
1592750307
1592749659
1592737837
1592731784
1592688493
1592672485
1592670600
1592668236
1592662724
1592660295
1592659152
1592658410
1592655869
1592652431
1592651434
1592613194
1592607414
1592605323
1592602153
1592589906
1592566188
1592565049
1592516510
1592509104
1592508351
1592504175
1592502714
1592488752
1592485512
1592434003
1592433013
1592416378
1592411061
1592407736
1592405108
1592400293
1592398706
1592394726
1592385707
1592346996
1592342635
1592338946
1592325902
1592324497
1592323250
1592319687
1592318296
1592312282
1592303639
1592299603
1592258574
1592256437
1592254605
1592254218
1592253496
1592242362
1592241003
1592239044
1592238336
1592236212
1592234623
1592231079
1592228697
1592226439
1592222839
1592220416
1592215099
1592211612
1592175190
1592174990
1592174933
1592174699
1592172469
1592169424
1592169123
1592159891
1592159473
1592158086
1592151390
1592150513
1592150274
1592145204
1592144313
1592123744
1592090300
1592087837
1592087050
1592058428
1592054933
1592001419
1591996436
1591994196
1591978466
1591972755
1591966827
1591959904
1591955826
1591950757
1591918434
1591913588
1591904933
1591903283
1591901488
1591893816
1591892398
1591876286
1591873375
1591872038
1591825074
1591817307
1591805172
1591804087
1591797671
1591797444
1591793437
1591785481
1591774224
1591742948
1591738041
1591717006
1591715151
1591707336
1591705457
1591656510
1591648513
1591643051
1591614232
1591613663
1591608174
1591605834
1591567548
1591563774
1591558977
1591558474
1591557678
1591550804
1591550291
1591544619
1591534609
1591533237
1591516867
1591513890
1591485479
1591479411
1591478502
1591473525
1591466925
1591443960
1591438526
1591435982
1591434059
1591397364
1591395525
1591394990
1591383117
1591379782
1591365357
1591355651
1591352137
1591351386
1591308583
1591307694
1591277788
1591261628
1591259482
1591222969
1591222599
1591219432
1591218822
1591217330
1591209234
1591206833
1591203078
1591193654
1591190743
1591182150
1591177776
1591133821
1591113499
1591107147
1591101255
1591100386
1591100283
1591099134
1591090490
1591088526
1591024637
1591021331
1591004557
1591000495
1590998275
1590998035
1590965158
1590953887
1590953287
1590950260
1590948106
1590946829
1590945684
1590945177
1590943077
1590937202
1590935562
1590933844
1590917860
1590917241
1590914955
1590878931
1590877336
1590875210
1590870797
1590867267
1590854530
1590850975
1590849843
1590849036
1590842206
1590841292
1590833944
1590831728
1590830780
1590827772
1590827043
1590825064
1590776429
1590766621
1590752907
1590745048
1590743134
1590705846
1590692450
1590680484
1590674428
1590669484
1590662118
1590655222
1590619025
1590614519
1590613794
1590612912
1590610432
1590606316
1590602006
1590596992
1590593490
1590590653
1590588627
1590587431
1590577532
1590569421
1590563463
1590533929
1590531437
1590518693
1590516634
1590505850
1590498717
1590494481
1590492536
1590487583
1590482732
1590480703
1590476945
1590449740
1590447286
1590441227
1590438792
1590434904
1590431946
1590430795
1590430456
1590429592
1590423833
1590419589
1590411302
1590410194
1590406314
1590403259
1590401896
1590359926
1590353744
1590350965
1590347033
1590343555
1590341727
1590337910
1590334811
1590330368
1590328694
1590324769
1590320781
1590319670
1590275203
1590270037
1590265357
1590264419
1590263980
1590258733
1590243109
1590236305
1590230289
1590228223
1590191030
1590190656
1590190394
1590187212
1590185481
1590180470
1590175373
1590166293
1590152509
1590149915
1590144035
1590140397
1590136800
1590104784
1590104740
1590104646
1590104441
1590103879
1590095625
1590094676
1590092262
1590088736
1590087552
1590077433
1590074642
1590060333
1590015403
1590010070
1590005478
1590003389
1589996846
1589996622
1589989280
1589985965
1589984304
1589976931
1589932516
1589925828
1589921356
1589914262
1589911980
1589910385
1589905208
1589904714
1589901288
1589899404
1589896539
1589890025
1589850660
1589849110
1589849068
1589849014
1589847745
1589840604
1589838517
1589836835
1589834911
1589831879
1589826045
1589822131
1589820430
1589815948
1589812751
1589811359
1589806455
1589801647
1589759616
