1618077448
1618007362
1617912102
1617826889
1617390042
1617384774
1617312588
1617212116
1617143412
1616956956
1616789720
1615847179
1615498390
1615328477
1614895578
1614373579
1613868096
1613769089
1613693334
1613251949
1613086248
1613000586
1612905823
1612728970
1612641590
1612560940
1612472283
1612140596
1612038868
1611872757
1611699502
1611265186
1610402737
1610325597
1610139588
1610054765
1609973229
1609785728
1609696930
1609445212
1609363782
1609274860
1608842768
1608495212
1608433288
1608405427
1608329565
1608156572
1607816774
1607721531
1607630271
1607457257
1607132854
1607122227
1606955458
1606863570
1606845397
1606673241
1606522009
1606355989
1606323095
1606004503
1605916272
1605906218
1605730191
1605670063
1605558443
1605476769
1605391713
1605219126
1605137824
1604887121
1604874594
1604182011
1603838527
1603752938
1603659596
1602960751
1602880756
1602113581
1602009900
1601850302
1601575839
1601510239
1601422985
1601087457
1600451976
1599793543
1599607837
1599532593
1599332043
1599263216
1599161920
1599085659
1598994839
1598819520
1598730409
1598645163
1598558497
1598405318
1598392343
1598302139
1598122508
1597804268
1597796498
1597517690
1597435665
1597282732
1597107521
1596926474
1596315602
1595459114
1595290429
1595200889
1595183399
1594781291
1594773211
1594582460
1594507291
1594339679
1594330932
1593662738
1593645371
1593470210
1593217200
1593115991
1592865659
1592794045
1592773239
1592669748
1592622309
1592601259
1592336769
1592241059
1591988233
1591913075
1591804850
1591560490
1591479952
1591471984
1591389437
1591218661
1590953122
1590864930
1590809553
1590789811
1590614810
1590538019
1590524654
1590444188
1590349414
1590260105
1590088245
1590001702
1589931967
1589916894
1589844757
1589830210
1589742649
1589655268
1589572132
1589495238
1589481208
1589413028
1589389796
1589240697
1589167088
1589147346
1589134620
1589050684
1588980861
1588896748
1588875604
1588810883
1588789837
1588736199
1588709465
1588626926
1588620071
1588562546
1588545466
1588446632
1588349455
1588195699
1588105514
1588100099
1588027286
1587850625
1587845801
1587755022
1587664053
1587418924
1587338438
1587242655
1587078506
1586884732
1586729885
1586548083
1586480229
1586469405
1586459535
1586384846
1586297661
1586279344
1585946993
1585851302
1585788469
1585770748
1585673573
1585535888
1585446649
1585427520
1585245942
1585183293
1585160049
1585009378
1585001183
1584913470
1584823703
1584742160
1584735203
1584656299
1584572682
1584561823
1584492770
1584221792
1584212303
1583876176
1583800956
1583701567
1583611866
1583524098
1583362495
1583090969
1583006769
1582935576
1582836518
1582675228
1582513090
1582246852
1582179763
1581978686
1581882891
1581809983
1581803713
1581786466
1581473402
1581376155
1581372078
1581198337
1581112453
1581108715
1581015702
1580855810
1580852371
1580779514
1580700763
1580586858
1580424901
1580417611
1580332923
1580252479
1579982052
1579912543
1579904030
1579826033
1579657028
1579651801
1579647191
1579472572
1579391135
1579383762
1579125376
1578976851
1578865852
1578619940
1578529901
1578436305
1578337558
1578254534
1578167701
1578152501
1578089198
1577939170
1577904695
1577835961
1577827444
1577755093
1577747361
1577662812
1577566661
1577483858
1577406411
1577152218
1577070149
1576963245
1576682098
1576615787
1576605871
1576526316
1576353238
1576082164
1575962701
1575917025
1575842770
1575833978
1575760051
1575748453
1575580062
1575491396
1575487462
1575405916
1575227330
1575079744
1575060851
1574870183
1574822056
1574806081
1574792224
1574542208
1574525754
1574446200
1574290934
1574113389
1574033712
1573933981
1573874215
1573775959
1573766789
1573592694
1573589888
1573577629
1573329203
1573257268
1573240756
1573076415
1573073689
1572992913
1572728623
1572658552
1572646394
1572552538
1572467183
1572374867
1572303296
1572115597
1571946213
1571868995
1571856246
1571783963
1571717473
1571686750
1571424829
1571422057
1571349328
1571169243
1571119151
1570851149
1570726766
1570668756
1570641971
1570574954
1570209279
1570135903
1570130724
1569883800
1569696878
1569530749
1569377554
1569015451
1568947444
1568666763
1568663033
1568325168
1568321336
1568319991
1568246094
1568073610
1567906174
1567882370
1567821686
1567573147
1567497946
1567277564
1567121241
1566942007
1566921187
1566777089
1566584324
1566519795
1566430101
1566425934
1566256030
1566068022
1565822656
1565811216
1565640727
1565463421
1564858173
1564779842
1564724982
1564697275
1564695067
1564529203
1564358834
1564089622
1563927044
1563923058
1563570383
1563237918
1563220754
1563153744
1562877421
1562807882
1562795158
1562525812
1562023239
1562006327
1561966713
1561763651
1561758751
1561755515
1561693729
1561678296
1561585958
1561505052
1561332951
1561217898
1561160398
1561153160
1561078836
1560988392
1560813832
1560625058
1560484426
1560459003
1560180923
1560127796
1560019680
1559849857
1559772610
1559769338
1559691777
1559612683
1559512080
1559492300
1559335847
1559331942
1559255997
1559247183
1559237283
1559152829
1559086002
1559081033
1558983849
1558722346
1558652556
1558584347
1558583802
1558565186
1558476078
1558222985
1558208467
1558122583
1557960627
1557614122
1557513204
1557448827
1556856770
1556837701
1556832888
1556664852
1556506322
1556478476
1556391422
1556331569
1556309903
1556308412
1556241052
1556040583
1555796633
1555700459
1555545527
1555181909
1555109140
1554927806
1554926493
1554851156
1554675780
1554664529
1554577469
1554505630
1554504297
1554500516
1554412391
1554248444
1554246297
1554241778
1554160982
1554062598
1553972775
1553833672
1553810721
1553653138
1553652929
1553558673
1553558225
1553557051
1553556037
1553555747
1553548359
1553397329
1553396246
1553395381
1553382084
1553378942
1553368294
1553225759
1553225541
1553223373
1553223138
1553221983
1553220584
1553218738
1553210027
1553206167
1553131550
1553129077
1553048816
1552853179
1552688900
1552603904
1552597949
1552515331
1552462906
1552448142
1552446117
1552445538
1552445073
1552350798
1552267961
1552263047
1552095495
1552092257
1552072710
1551988170
1551932033
1551921920
1551912874
1551909565
1551640423
1551542857
1551472801
1551458549
1551231294
1551229786
1551121167
1550981774
1550953661
1550816775
1550799633
1550739942
1550613221
1550610374
1550522518
1550350935
1550268138
1550262190
1550259630
1550024292
1549936696
1549851594
1549845104
1549664653
1549656600
1549572479
1549505815
1549330622
1549253202
1549240460
1549160810
1549147307
1549058083
1548977676
1548968856
1548898689
1548792215
1548623752
1548616557
1548571370
1548570279
1548558302
1548550437
1548202535
1548199561
1548029561
1547924275
1547862147
1547843680
1547772622
1547678618
1547673837
1547513702
1547493726
1547405342
1547092126
1547079262
1547078324
1547011878
1546990066
1546399864
1546318779
1546296976
1546022291
1546018587
1545952992
1545869636
1545782101
1545781294
1545705647
1545429792
1545357910
1545263617
1545262013
1545190253
1545167802
1545022851
1544996178
1544856012
1544818223
1544757032
1544744392
1544647919
1544644344
1544559057
1544481618
1544322476
1544302144
1544218238
1544212409
1544117078
1544046635
1543882305
1543786642
1543711249
1543612949
1543609763
1543525541
1543447987
1543426030
1543417244
1543343638
1543094890
1543093823
1543087752
1542832255
1542824783
1542750144
1542748597
1542511705
1542409191
1542404715
1542227523
1542157553
1542080191
1541977744
1541890581
1541886835
1541803732
1541730148
1541706350
1541625371
1541617591
1541552199
1541541465
1541372138
1541370349
1541296558
1541294388
1541276115
1541193048
1541191509
1541112599
1540950248
1540944815
1540934515
1540934369
1540857583
1540733472
1540680667
1540679230
1540587676
1540585279
1540505135
1540411044
1540404629
1540168026
1540080425
1540077440
1540072118
1540068883
1539977664
1539974206
1539905912
1539723421
1539643382
1539562230
1539557930
1539462663
1539458423
1539457408
1539386327
1539384963
1539381973
1539370950
1539369025
1539307792
1539296676
1539125531
1539122745
1539116826
1539106353
1539045024
1538951117
1538947016
1538787343
1538772057
1538695922
1538689230
1538676828
1538597563
1538596782
1538511392
1538431162
1538418672
1538350979
1538340338
1538263227
1538246773
1538245653
1538180836
1538172184
1538093597
1537996940
1537996629
1537913916
1537649236
1537645351
1537621872
1537565876
1537460025
1537403296
1537315723
1537301004
1537300132
1537217618
1537211072
1537147684
1537131402
1537130059
1537123350
1537122209
1537044858
1537041287
1537024097
1536969402
1536958963
1536954421
1536867770
1536704680
1536695667
1536693422
1536613788
1536613606
1536439910
1536437997
1536435940
1536344731
1536264527
1536263439
1536262709
1535842394
1535767160
1535390605
1535308101
1535088394
1535087872
1534959402
1534913040
1534896228
1534808719
1534801561
1534742840
1534718423
1534671795
1534671332
1534619103
1534538732
1534536590
1534475531
1534471253
1534449101
1534385523
1534337840
1534301303
1534292574
1534279577
1534214368
1534212936
1534207361
1534126733
1534096932
1534086565
1534028410
1534017147
1534014966
1533971040
1533953168
1533847656
1533843167
1533841359
1533782950
1533780488
1533769510
1533745068
1533690439
1533493771
1533431929
1533349780
1533336000
1533330647
1533252713
1533248286
1533172076
1533146612
1533084037
1532994011
1532993249
1532991412
1532711791
1532448454
1532150892
1532095929
1532053448
1532031013
1532029889
1532009196
1531964862
1531868772
1531865201
1531862765
1531857669
1531784322
1531782977
1531703621
1531662000
1531603341
1531602316
1531535442
1531535159
1531514799
1531415587
1531343150
1531274499
1531092067
1531090539
1531074436
1531004777
1531004151
1530970105
1530929992
1530924823
1530923389
1530884216
1530883536
1530883345
1530883107
1530853141
1530832991
1530743482
1530723297
1530668128
1530644024
1530638444
1530567475
1530566851
1530483511
1530390687
1530375600
1530262536
1530262020
1530149356
1530127451
1530125473
1530025919
1529955536
1529955149
1529932581
1529889269
1529867304
1529822192
1529793021
1529608872
1529550341
1529279850
1529278723
1529175541
1529163187
1529028126
1529014944
1529008772
1529007859
1529006650
1529000510
1528853458
1528838989
1528656474
1528655034
1528592055
1528509425
1528494551
1528471819
1528465360
1528428935
1528425732
1528404039
1528403989
1528403838
1528403658
1528336466
1528298387
1528227265
1528137618
1528136356
1528068220
1527960232
1527908027
1527892131
1527885646
1527790754
1527709160
1527706070
1527704733
1527609791
1527533388
1527464802
1527357425
1527355440
1527301325
1527285975
1527278352
1527275884
1527273023
1527272091
1527268403
1527207867
1527207541
1527204907
1527113945
1527106901
1527018908
1526935202
1526934324
1526748181
1526738785
1526733141
1526675445
1526672034
1526670868
1526613456
1526610687
1526595519
1526520890
1526496957
1526433552
1526407010
1526398158
1526396901
1526394378
1526248087
1526237361
1526216871
1526216537
1526156920
1526133324
1526070921
1526062221
1525996707
1525996453
1525987840
1525985380
1525895801
1525889225
1525887480
1525672997
1525566903
1525469709
1525439062
1525436043
1525358928
1525316592
1525199888
1524937404
1524934885
1524934719
1524932354
1524931604
1524865336
1524859795
1524859323
1524848678
1524782303
1524610908
1524591919
1524527365
1524456704
1524267926
1524262143
1524247886
1524105819
1524102930
1524102620
1524102438
1524102132
1523999070
1523998657
1523998467
1523919687
1523911786
1523831635
1523830478
1523829516
1523745421
1523728383
1523724421
1523719058
1523669068
1523655139
1523651920
1523646594
1523642265
1523576731
1523576623
1523555694
1523554040
1523552734
1523484744
1523484436
1523482350
1523479738
1523401565
1523395859
1523394773
1523326160
1523322824
1523320338
1523308092
1523307212
1523218956
1523218121
1523217834
1523217431
1523216113
1523150858
1523131709
1523068906
1523068733
1523057823
1523049109
1523047243
1523045688
1523043149
1522962331
1522960558
1522952040
1522884339
1522875496
1522875152
1522869947
1522854352
1522801613
1522781124
1522780555
1522712489
1522618088
1522614628
1522612000
1522602497
1522601098
1522545531
1522525414
1522522983
1522519696
1522517107
1522515754
1522514293
1522450333
1522350720
1522099904
1522016584
1522014840
1521931837
1521931643
1521845032
1521842296
1521728653
1521659259
1521651984
1521638274
1521637785
1521576109
1521573621
1521568409
1521565742
1521486959
1521380762
1521380281
1521378967
1521338333
1521326718
1521318203
1521310194
1521304754
1521298023
1521297700
1521255491
1521237152
1521236248
1521234777
1521232265
1521232035
1521153641
1521151734
1521053231
1521052568
1521050295
1521050210
1520989130
1520988279
1520889143
1520800489
1520776131
1520736028
1520714835
1520714145
1520712178
1520706448
1520705419
1520704692
1520688405
1520644588
1520639083
1520622600
1520621902
1520619714
1520540813
1520540016
1520538571
1520460144
1520459930
1520453700
1520448983
1520374142
1520373585
1520372004
1520370535
1520356791
1520221842
1520110287
1520109102
1520029603
1520028621
1520026826
1520022119
1520018480
1520015823
1520014795
1520014296
1520006063
1519940150
1519938237
1519928855
1519914270
1519911487
1519860576
1519860422
1519852176
1519768037
1519762428
1519760062
1519683380
1519679731
1519676840
1519595674
1519514273
1519332151
1519331834
1519260315
1519247632
1519236700
1519221437
1519194175
1519189614
1519171463
1519164037
1519151333
1519133414
1519121245
1519118677
1519118647
1519117627
1519112062
1519106385
1519103183
1519103072
1519100758
1519100121
1519098542
1519097195
1519095024
1519092045
1519090787
1519087785
1519085838
1519084166
1519081689
1519076462
1519074129
1519071791
1519071286
1519066047
1519058009
1519057492
1519050658
1519048361
1519046571
1519042061
1519003918
1518964719
1518962360
1518944429
1518940928
1518928439
1518922063
1518917269
1518916474
1518907246
1518904033
1518899976
1518888406
1518888222
1518885413
1518884337
1518880485
1518874976
1518832561
1518800385
1518798121
1518797926
1518795923
1518793702
1518793045
1518791647
1518767858
1518752523
1518750046
1518749193
1518747810
1518745099
1518744223
1518739111
1518732736
1518719060
1518717925
1518709800
1518709109
1518706950
1518702906
1518701261
1518699610
1518697814
1518694652
1518690194
1518685465
1518683943
1518677210
1518676927
1518674908
1518674327
1518664226
1518658734
1518653901
1518653298
1518652369
1518647536
1518634869
1518633358
1518625723
1518622462
1518620841
1518613335
1518613068
1518609408
1518562401
1518546986
1518540502
1518536870
1518532774
1518530900
1516562954
1516493117
1516487146
1516476877
1516403316
1516400917
1516395339
1516392156
1516329280
1516319773
1516312402
1516311530
1516310475
1516305752
1516236625
1516218481
1516162565
1516138816
1516136352
1516067851
1515968078
1515966742
1515964684
1515903715
1515875096
1515873830
1515871476
1515854067
1515791289
1515706361
1515706165
1515705830
1515695830
1515694973
1515693810
1515618231
1515617717
1515545252
1515541684
1515540666
1515455792
1515454270
1515350308
1515303591
1515274166
1515271913
1515270619
1515260109
1515196877
1515194536
1515193775
1515192704
1515177755
1515100695
1514933675
1514933531
1514933360
1514933009
1514780279
1514760192
1514760102
1514760019
1514683117
1514667838
1514664924
1514663895
1514662405
1514582634
1514581580
1514576874
1514500718
1514499064
1514498296
1514497131
1514414243
1514411965
1514411119
1514409870
1513897846
1513869284
1513868110
1513800198
1513755718
1513712314
1513643187
1513369119
1513365824
1513365590
1513292241
1513196796
1513189035
1513112709
1512924817
1512846235
1512768872
1512766716
1512762684
1512679420
1512587380
1512520041
1512507832
1512489639
1512471582
1512424588
1512422775
1512420493
1512420341
1512263274
1512159738
1512159466
1512090087
1512005067
1511928435
1511902269
1511901516
1511900974
1511822977
1511821924
1511642696
1511475711
1511474666
1511471180
1511459611
1511411306
1511410095
1511399152
1511394074
1511305693
1511234232
1511233941
1511232841
1511230745
1511205783
1511205252
1511071355
1511070769
1511055454
1511054221
1511026235
1510957020
1510950671
1510947607
1510945971
1510942543
1510941095
1510938284
1510937188
1510866677
1510866110
1510865416
1510864607
1510862365
1510783125
1510782202
1510779532
1510778130
1510777410
1510773890
1510695712
1510694382
1510693517
1510693242
1510691126
1510611327
1510610593
1510609046
1510440179
1510438559
1510436895
1510350552
1510347535
1510345990
1510343613
1510342388
1510339099
1510337719
1510336629
1510336444
1510287789
1510272933
1510265086
1510265027
1510263255
1510261775
1510261645
1510257155
1510248587
1510194327
1510193339
1510191944
1510190957
1510170072
1510107808
1510091636
1510089643
1510088027
1510086152
1510029431
1510019678
1510019430
1509992221
1509917703
1509905051
1509819063
1509817389
1509801038
1509741235
1509738883
1509736440
1509734034
1509732075
1509551891
1509424290
1509384595
1509314169
1509295743
1509294472
1509293508
1509292476
1509222734
1509221805
1509220898
1509218533
1509152486
1509151673
1509151358
1509138298
1509136832
1509136129
1509135251
1509133120
1509132502
1509131355
1509064350
1509054178
1509053223
1509051870
1509050893
1509049799
1509048085
1509045715
1509039776
1508969015
1508967979
1508966297
1508965003
1508963754
1508963736
1508880280
1508867523
1508865616
1508864681
1508862405
1508709874
1508708513
1508703528
1508701335
1508700597
1508550354
1508533021
1508447096
1508445813
1508445051
1508443686
1508440323
1508435817
1508432750
1508431495
1508372938
1508367990
1508360882
1508360730
1508358724
1508358025
1508355935
1508346574
1508345031
1508273147
1508271959
1508271301
1508268360
1508195961
1508195134
1508194369
1508190456
1508175302
1508173750
1508000388
1507995954
1507928417
1507926829
1507924933
1507921901
1507919597
1507912725
1507856418
1507842923
1507842502
1507828688
1507826109
1507821771
1507777201
1507773646
1507772287
1507755528
1507754609
1507753560
1507753225
1507749040
1507664898
1507664512
1507663428
1507590446
1507580619
1507579830
1507573842
1507571448
1507480777
1507479313
1507409629
1507407410
1507399174
1507331303
1507322758
1507321494
1507320757
1507317014
1507245251
1507244854
1507237392
1507236017
1507235679
1507235472
1507234053
1507224732
1507203521
1507203221
1507168154
1507154336
1507150930
1507149363
1507148197
1507147881
1507147744
1507071642
1507069269
1506907787
1506888488
1506871569
1506802155
1506789608
1506787952
1506721512
1506719463
1506718459
1506717350
1506716487
1506711986
1506711538
1506642050
1506632575
1506632306
1506629512
1506629378
1506628975
1506628953
1506599678
1506599381
1506549489
1506548974
1506546766
1506544373
1506544209
1506542788
1506542478
1506530344
1506461093
1506460633
1506458922
1506457255
1506457197
1506456253
1506446034
1506432959
1506431856
1506379536
1506371853
1506371812
1506371774
1506371725
1506355626
1506293871
1506195997
1506192302
1506190396
1506187812
1506130626
1506114894
1506114342
1506113223
1506110894
1506096498
1506080951
1506080636
1506032584
1506026378
1506026130
1506025773
1506024369
1506023997
1505994057
1505992417
1505992351
1505954185
1505951542
1505940797
1505939032
1505938873
1505921066
1505856945
1505853691
1505836223
1505765238
1505764979
1505764889
1505671173
1505656972
1505656027
1505654702
1505610114
1505584513
1505575259
1505511202
1505507256
1505505752
1505505671
1505505465
1505499089
1505475970
1505475342
1505475231
1505435412
1505422684
1505419872
1505419756
1505418511
1505417911
1505389561
1505388859
1505388787
1505350161
1505335908
1505333417
1505333034
1505331609
1505331175
1505303300
1505302556
1505302502
1505245998
1505245475
1505245102
1505241056
1505240434
1505165371
1505161345
1505161102
1505156092
1505077324
1505068295
1505063844
1505060919
1504985203
1504981862
1504978352
1504976664
1504974355
1504972658
1504906747
1504898187
1504898010
1504897834
1504897637
1504897371
1504828642
1504810969
1504810514
1504798069
1504750952
1504750510
1504750380
1504750098
1504730030
1504728123
1504727574
1504724955
1504714336
1504711825
1504544742
1504541156
1504495050
1504387965
1504374689
1504369518
1504367387
1504309703
1504299108
1504282552
1504240618
1504239218
1504231905
1504195694
1504183609
1504183337
1504147817
1504147437
1504147042
1504146703
1504137298
1504122257
1504112242
1504109802
1504108187
1504059357
1504059206
1504022932
1504021426
1504020174
1503947964
1503946275
1503942267
1503940198
1503869221
1503865177
1503862934
1503860219
1503801152
1503788012
1503787052
1503774892
1503773012
1503713399
1503712810
1503705176
1503701953
1503681061
1503675889
1503674437
1503673264
1503628060
1503627779
1503627412
1503620994
1503614495
1503612679
1503590981
1503588567
1503586013
1503583877
1503543032
1503540723
1503540556
1503540321
1503540095
1503524268
1503508224
1503508101
1503461915
1503461711
1503461407
1503446510
1503444517
1503419619
1503343954
1503342146
1503336053
1503334201
1503333323
1503321186
1503284224
1503284071
1503200194
1503196805
1503195999
1503195945
1503177863
1503176854
1503174013
1503110498
1503110293
1503108098
1503089320
1503082092
1503080829
1503076805
1503074069
1503073653
1503068285
1503067043
1503066760
1503026305
1503012665
1502995528
1502993753
1502990762
1502988979
1502936641
1502936010
1502935622
1502935344
1502909057
1502908285
1502903316
1502901783
1502849697
1502849515
1502849273
1502849045
1502837248
1502831732
1502830056
1502827818
1502678236
1502661248
1502650899
1502648812
1502647736
1502647591
1502586237
1502585998
1502577362
1502500485
1502499178
1502479758
1502415100
1502397287
1502339898
1502307233
1502251990
1502243457
1502242039
1502241927
1502240077
1502236689
1502151281
1502145979
1502142417
1502124594
1502124090
1502123888
1501986610
1501978279
1501972166
1501967810
1501961056
1501903413
1501897161
1501889139
1501857842
1501852697
1501852395
1501823602
1501817511
1501817089
1501815922
1501804783
1501785925
1501785017
1501784189
1501782413
1501778210
1501775540
1501731248
1501730761
1501722078
1501720296
1501712348
1501693163
1501691157
1501690016
1501680096
1501679751
1501645546
1501642714
1501626662
1501624898
1501620598
1501619175
1501603103
1501595246
1501592918
1501591202
1501590747
1501555174
1501531556
1501529287
1501523228
1501520765
1501478589
1501471231
1501470308
1501469019
1501468166
1501455219
1501445636
1501431356
1501429412
1501387081
1501386078
1501385972
1501380129
1501341948
1501340359
1501296460
1501278344
1501264578
1501248108
1501247955
1501210315
1501208682
1501208386
1501205920
1501198756
1501185527
1501184166
1501182834
1501180839
1501175997
1501173891
1501163466
1501129160
1501123967
1501123814
1501114614
1501095699
1501092052
1501091499
1501089752
1501077445
1501071476
1501035119
1501034685
1501021511
1501008111
1501007159
1501005280
1500989629
1500989177
1500949619
1500948495
1500948353
1500939966
1500929730
1500926472
1500924905
1500920543
1500914115
1500912698
1500738986
1500738709
1500658142
1500566887
1500564282
1500560587
1500524186
1500522957
1500521093
1500518030
1500481680
1500479212
1500400400
1500399279
1500398240
1500388672
1500383760
1500349331
1500349134
1500327839
1500320147
1500312864
1500305087
1500269445
1500264332
1500259332
1500258811
1500258525
1500257833
1500224522
1500208894
1500174881
1500173484
1500172510
1500171138
1500170879
1500170801
1500149046
1500146874
1500145688
1500069867
1500036612
1500009663
1500007333
1500002094
1499965771
1499965492
1499961614
1499959588
1499920353
1499915459
1499913040
1499912065
1499911772
1499911109
1499864520
1499861237
1499831346
1499825904
1499825590
1499825192
1499811908
1499809306
1499800735
1499799072
1499781669
1499781364
1499776809
1499776170
1499739603
1499739120
1499738751
1499738522
1499735515
1499706927
1499704555
1499703583
1499585319
1499566855
1499566665
1499566232
1499550926
1499548340
1499547008
1499521907
1499517673
1499480238
1499480109
1499479963
1499479893
1499462811
1499461481
1499458928
1499437358
1499434254
1499402015
1499400289
1499382054
1499373155
1499369284
1499368378
1499364821
1499350471
1499349699
1499312325
1499308477
1499306702
1499288864
1499279209
1499273579
1499270618
1499266957
1499261756
1499229275
1499221647
1499221483
1499220954
1499204834
1499194654
1499191956
1499189054
1499187316
1499185045
1499154802
1499128437
1499127683
1499122336
1499109079
1499097134
1499050494
1499048402
1499025586
1499019530
1499017828
1498962583
1498961895
1498961563
1498961379
1498941450
1498927519
1498918357
1498914155
1498880489
1498875951
1498875311
1498875250
1498874725
1498874567
1498852561
1498851152
1498825653
1498824856
1498789039
1498788387
1498788384
1498788007
1498758627
1498757034
1498754647
1498753476
1498750851
1498675286
1498602164
1498584739
1498581767
1498580218
1498579174
1498578489
1498535297
1498531141
1498529288
1498529124
1498524732
1498509000
1498503774
1498366688
1498341286
1498330215
1498266145
1498254516
1498188244
1498182396
1498170507
1498158497
1498158354
1498158201
1498109179
1498087271
1498066122
1498065847
1498064707
1498064081
1498024205
1497962665
1497962242
1497924869
1497924636
1497924632
1497924444
1497924177
1497893291
1497891885
1497888820
1497880518
1497879639
1497843251
1497841872
1497840050
1497805847
1497752499
1497752022
1497751780
1497751568
1497751324
1497722262
1497720940
1497718883
1497716407
1497714334
1497713582
1497712250
1497709670
1497626042
1497621384
1497619856
1497617854
1497580235
1497580036
1497579809
1497560114
1497541935
1497539379
1497495336
1497492807
1497492404
1497492238
1497492209
1497467297
1497463258
1497448465
1497406533
1497406278
1497406027
1497405881
1497405722
1497388445
1497386966
1497384093
1497361088
1497320439
1497320121
1497319903
1497319679
1497315898
1497290994
1497287626
1497285837
1497284289
1497281422
1497196079
1497195202
1497136144
1497128893
1497113920
1497107121
1497062058
1497061337
1497060669
1497060567
1497044584
1497023801
1497010891
1497009883
1497009702
1497009623
1496974456
1496973654
1496958661
1496940292
1496939308
1496924161
1496922542
1496922430
1496888828
1496888666
1496888487
1496888235
1496852572
1496850474
1496847466
1496702156
1496618959
1496608124
1496602010
1496601659
1496546774
1496542023
1496533059
1496527496
1496470326
1496454050
1496451042
1496448212
1496446980
1496426283
1496426022
1496424430
1496422612
1496421538
1496377000
1496367435
1496361295
1496347283
1496324536
1496323181
1496317655
1496286340
1496283846
1496283373
1496283132
1496282879
1496269971
1496240889
1496239485
1496198283
1496197537
1496197304
1496197037
1496196627
1496196458
1496179624
1496168175
1496158892
1496157099
1496156092
1496154695
1496117668
1496116341
1496115120
1496114330
1496112177
1496111345
1496077987
1496076999
1496075198
1496074706
1496024370
1495993880
1495976767
1495938485
1495938321
1495938134
1495937488
1495937239
1495937023
1495922789
1495902845
1495889893
1495889641
1495856062
1495853984
1495851608
1495851316
1495851029
1495840899
1495836302
1495824760
1495817756
1495814500
1495812887
1495764725
1495764394
1495764202
1495753047
1495740186
1495739693
1495679585
1495678599
1495678337
1495678170
1495677968
1495591197
1495548819
1495547381
1495546565
1495508020
1495506621
1495506186
1495505873
1495494263
1495419578
1495419019
1495404771
1495395494
1495393877
1495376623
1495375911
1495375762
1495342670
1495332102
1495308621
1495304038
1495298969
1495295495
1495249447
1495248979
1495247696
1495235339
1495235180
1495226843
1495212053
1495161793
1495161336
1495160552
1495160443
1495160318
1495160187
1495140651
1495073589
1495073363
1495073192
1495073080
1495045813
1494993501
1494987029
1494986878
1494986748
1494986603
1494974959
1494956413
1494934072
1494933488
1494873181
1494871706
1494869248
1494794666
1494794261
1494775423
1494764751
1494763162
1494733802
1494731277
1494696066
1494690400
1494689720
1494689397
1494642102
1494641915
1494641816
1494641712
1494641550
1494610027
1494608117
1494607981
1494555030
1494554919
1494554819
1494554710
1494554583
1494535801
1494525790
1494501618
1494469920
1494469801
1494469620
1494469431
1494469341
1494451575
1494419766
1494419483
1494383042
1494382571
1494382257
1494382055
1494381892
1494354760
1494352970
1494192281
1494183215
1494109986
1494105770
1494104934
1494103275
1494087683
1494085585
1494083309
1494005499
1494003953
1493950479
1493950092
1493938467
1493931109
1493915970
1493900029
1493899668
1493865400
1493864719
1493864560
1493864308
1493833078
1493812680
1493810692
1493778679
1493778421
1493778150
1493777868
1493777686
1493777553
1493753558
1493752014
1493692039
1493691389
1493691027
1493690827
1493690634
1493674226
1493489981
1493489468
1493431413
1493428799
1493415380
1493407963
1493395483
1493395044
1493392369
1493325225
1493315252
1493314457
1493259341
1493258840
1493258577
1493258344
1493235630
1493207746
1493175203
1493173777
1493173569
1493173378
1493173183
1493150584
1493137994
1493137069
1493087944
1493086870
1493086389
1493086142
1493059428
1493054863
1493048078
1493046203
1493044653
1492980953
1492978930
1492920901
1492912752
1492904458
1492881548
1492877680
1492876403
1492874677
1492828183
1492716342
1492711268
1492700476
1492700304
1492700018
1492650325
1492619632
1492617956
1492614403
1492583055
1492581930
1492563307
1492558312
1492557053
1492520824
1492520475
1492484145
1492482960
1492481717
1492481547
1492481364
1492481299
1492458977
1492446030
1492445777
1492401287
1492394441
1492391797
1492379696
1492365294
1492353034
1492318004
1492317386
1492315248
1492305869
1492299921
1492272305
1492269670
1492260885
1492232164
1492229836
1492227107
1492225403
1492224413
1492212713
1492186186
1492138233
1492137197
1492135955
1492135700
1492135393
1492121976
1492094319
1492090944
1492090660
1492051419
1492050986
1492050628
1492049382
1492049007
1492019800
1492004635
1491964748
1491964503
1491964048
1491963786
1491963529
1491941855
1491941446
1491922133
1491872224
1491778069
1491744781
1491742920
1491704933
1491703676
1491700185
1491687211
1491672947
1491670404
1491657505
1491623179
1491617974
1491617798
1491615913
1491614087
1491606330
1491596638
1491584394
1491580966
1491578963
1491533907
1491533546
1491531560
1491530618
1491524079
1491504172
1491496839
1491493635
1491446025
1491445719
1491444299
1491443963
1491438686
1491418795
1491412852
1491399019
1491360720
1491359037
1491358571
1491358240
1491357864
1491322979
1491320019
1491309083
1491273518
1491272939
1491271789
1491271348
1491271056
1491238455
1491236039
1491188678
1491188237
1491186903
1491186122
1491150032
1491146018
1491103884
1491102455
1491101723
1491100827
1491100026
1491067802
1491066203
1491062397
1491015188
1491013753
1491013502
1491010097
1491007662
1491002168
1490988853
1490977579
1490969907
1490934832
1490930265
1490927900
1490926510
1490926012
1490925862
1490892034
1490889384
1490886221
1490841651
1490841309
1490840080
1490839577
1490839224
1490811088
1490800289
1490791257
1490760691
1490760354
1490759725
1490759315
1490714869
1490703198
1490669884
1490668572
1490668298
1490667817
1490667644
1490641003
1490633230
1490631933
1490629613
1490583072
1490580208
1490496943
1490495917
1490495799
1490493973
1490488581
1490460370
1490457590
1490412145
1490410597
1490409249
1490408372
1490407876
1490384576
1490377213
1490372974
1490366876
1490328245
1490326593
1490325285
1490323978
1490323760
1490301631
1490284652
1490282929
1490235866
1490232798
1490231747
1490231473
1490230680
1490199950
1490198296
1490149471
1490146928
1490145696
1490145347
1490145074
1490124819
1490111507
1490109801
1490063558
1490059623
1490059010
1490058459
1490054733
1490037828
1490035705
1490031858
1490028957
1490028031
1490026497
1489950112
1489937394
1489894879
1489887754
1489886232
1489885419
1489885128
1489856666
1489848853
1489820552
1489805438
1489801910
1489799735
1489799560
1489788019
1489778279
1489756204
1489754181
1489727254
1489726369
1489726304
1489725779
1489688511
1489684657
1489682238
1489633426
1489629787
1489627474
1489626968
1489605448
1489605082
1489603378
1489600717
1489597439
1489513384
1489505015
1489479032
1489437890
1489430454
1489427375
1489426339
1489425207
1489371012
1489370315
1489369304
1489351552
1489278114
1489267395
1489264899
1489252886
1489250721
1489243469
1489215912
1489213162
1489200259
1489197414
1489195689
1489173921
1489153992
1489151408
1489113457
1489110167
1489108899
1489108222
1489107894
1489098762
1489081480
1489027742
1489026603
1489026053
1489024519
1489023208
1488999798
1488997318
1488995664
1488937672
1488936356
1488935006
1488934877
1488916669
1488898781
1488853328
1488851320
1488850777
1488849798
1488849104
1488831173
1488828910
1488826614
1488824817
1488822760
1488666918
1488654541
1488653299
1488598640
1488592599
1488590202
1488589624
1488565205
1488562704
1488560869
1488508150
1488505768
1488503975
1488497208
1488485015
1488476576
1488474271
1488471204
1488469964
1488418077
1488414085
1488404960
1488402061
1488400386
1488397160
1488394664
1488373766
1488334740
1488332937
1488330811
1488330711
1488319020
1488318524
1488296820
1488295388
1488293649
1488292728
1488141990
1488141495
1488049717
1487959572
1487954357
1487952373
1487951177
1487885436
1487833455
1487825236
1487796713
1487715461
1487695787
1487695016
1487694574
