1618264312
1617331702
1617211051
1617052885
1616463909
1615856550
1615664801
1615424585
1615329386
1614819904
1614557055
1614285353
1614215682
1614035935
1614031656
1613953890
1613852748
1613175661
1613090389
1612127329
1611892523
1611796961
1611632373
1611615442
1611535228
1611455076
1611449704
1611356063
1611205715
1611017546
1610839041
1610742004
1608939741
1608752333
1608078420
1607722278
1607563726
1607302306
1606530393
1606515405
1606455964
1606267804
1606176189
1606073474
1606011691
1605915111
1605904679
1605832529
1605490663
1605326646
1605294699
1605148203
1605062769
1605036747
1604974292
1604957099
1604629956
1604366899
1604295498
1604274771
1604194099
1604091362
1604084655
1603935460
1603758744
1603668826
1603564045
1603502777
1603156860
1602722674
1602702235
1602541395
1602295337
1602281379
1602023976
1601772467
1601768473
1601680422
1601665868
1601595604
1601502489
1601425690
1601334799
1601245699
1600994397
1600801330
1600724199
1600708331
1600570428
1600476046
1600297052
1600206394
1600126596
1600031256
1600030885
1599950604
1599869701
1599778185
1599758358
1599695146
1599683208
1599603993
1599344353
1599271902
1599085569
1599080815
1599072135
1598989842
1598985187
1598917881
1598897558
1598832287
1598667455
1598647995
1598471244
1598388282
1598376093
1598308395
1598229695
1598114380
1598061806
1597945897
1597875655
1597791466
1597781514
1597681816
1597527278
1597460217
1597427596
1597253018
1597013066
1596998363
1596934642
1596932976
1596842759
1596768237
1596765977
1596756669
1596670770
1596587440
1596575719
1596488506
1596420208
1596324625
1596239069
1596235633
1596222013
1596216591
1596067175
1596052806
1596045133
1595889783
1595884458
1595880608
1595877977
1595814582
1595805352
1595637060
1595554589
1595454371
1595281468
1595205987
1595124514
1594946282
1594936542
1594920180
1594847627
1594773558
1594760117
1594685554
1593994635
1593828873
1593822785
1593653105
1593545903
1593477485
1593461849
1593136095
1593129471
1593054464
1593044665
1592952089
1592938183
1592777709
1592690100
1592442118
1592434166
1592260184
1592175615
1592095955
1591924963
1591918597
1591912079
1591821736
1591757819
1591751806
1591746034
1591655825
1591572434
1591562664
1591476699
1591404706
1591401037
1591389300
1591326637
1591307029
1591293033
1591235947
1591050193
1590953622
1590784498
1590723958
1590710581
1590704870
1590634590
1590607867
1590543388
1590537060
1590522904
1590443390
1590430677
1590360820
1590276208
1590105600
1590086855
1590004209
1589763610
1589746836
1589678720
1589662895
1589581154
1589573834
1589497149
1589399600
1589326016
1589311769
1589228692
1589145776
1589064040
1589057230
1589052888
1588983479
1588975974
1588912470
1588887929
1588882411
1588814715
1588732567
1588724357
1588555865
1588546664
1588538285
1588463289
1588395092
1588389426
1588371505
1588282632
1588277146
1588120308
1588101427
1588044489
1588038875
1587947498
1587930897
1587675573
1587515206
1587497165
1587352957
1587347594
1587073549
1587008234
1586975625
1586897877
1586820838
1586734040
1586648355
1586641499
1586549510
1586545087
1586472646
1586394738
1586388870
1586301580
1586299536
1586295301
1586286204
1586221254
1586208255
1586140951
1586134330
1586044103
1586041084
1586040932
1585948861
1585881047
1585868862
1585859574
1585859464
1585858306
1585802582
1585795758
1585793558
1585787040
1585781137
1585780874
1585695657
1585625177
1585613457
1585530383
1585525300
1585521240
1585510349
1585440510
1585421457
1585420667
1585339912
1585333409
1585273971
1585252448
1585248099
1585245648
1585177207
1585176490
1585175274
1585103524
1585099074
1585093564
1585093388
1585028701
1585028073
1584932212
1584907073
1584898674
1584835731
1584829906
1584823310
1584821588
1584820846
1584817265
1584748026
1584735197
1584655313
1584638192
1584580690
1584566412
1584553665
1584399948
1584318670
1584314220
1584310014
1584305819
1584227591
1584205101
1584127582
1584038572
1584033513
1583959579
1583952022
1583950441
1583888138
1583792749
1583772459
1583689097
1583602006
1583535946
1583519284
1583428146
1583422043
1583343943
1583340517
1583282750
1583282222
1583273459
1583258908
1583257508
1583252956
1583208519
1583197378
1583196697
1583089704
1583086045
1583004426
1582994238
1582986303
1582937719
1582921588
1582914961
1582909135
1581977857
1581968374
1581897363
1581887541
1581807164
1581726270
1581537030
1581302226
1581226751
1581181223
1581115535
1580767983
1580745352
1580231928
1580082350
1579982326
1579974598
1579739250
1579726718
1579641447
1579583596
1579576495
1579499178
1579465971
1579462724
1579399790
1579332528
1579232878
1579221958
1579215113
1579214830
1579150203
1579143874
1579126911
1579126768
1579126627
1579056175
1579043376
1578973967
1578953860
1578950587
1578945692
1578857690
1578819557
1578809218
1578768076
1578743224
1578742346
1578735323
1578693217
1578692107
1578691020
1578608877
1578607538
1578603061
1578542760
1578540037
1578528442
1578523511
1578445059
1578437574
1578432625
1578431338
1578426611
1578421570
1578369500
1578351348
1578344618
1578265432
1578261741
1578257343
1578250169
1578180503
1578175828
1578174811
1578103943
1578102941
1578097863
1578093975
1578088777
1578020483
1578012598
1578009027
1578008397
1577927617
1577925357
1577921922
1577921406
1577859450
1577838167
1577830565
1577830166
1577825502
1577756996
1577741523
1577736548
1577666911
1577665822
1577656396
1577576547
1577572548
1577568101
1577566852
1577562719
1577510543
1577487198
1577478813
1577413184
1577404769
1577398851
1577395088
1577317227
1577314758
1577307853
1577244508
1577207758
1577157123
1577143192
1577063904
1577062954
1577053746
1577048960
1576977158
1576954920
1576891393
1576882312
1576871755
1576868121
1576817146
1576797832
1576795208
1576793493
1576788819
1576784274
1576735468
1576699682
1576647445
1576638139
1576627471
1576615138
1576610310
1576557595
1576505713
1576445705
1576420578
1576352881
1576338173
1576292557
1576286403
1576276112
1576269204
1576195813
1576185036
1576175379
1576112339
1576106406
1576102401
1576096387
1576024722
1576012332
1575939479
1575932990
1575928897
1575921722
1575860180
1575845334
1575775737
1575758382
1575744577
1575677510
1575672239
1575664144
1575659985
1575587543
1575583208
1575579624
1575576056
1575510623
1575503989
1575500424
1575494749
1575490400
1575444454
1575422427
1575414798
1575409033
1575338341
1575326191
1575318994
1575272619
1575267526
1575266416
1575259628
1575238167
1575096393
1575078020
1574969816
1574894331
1574726842
1574639155
1574562254
1574383032
1574366692
1574302342
1574297574
1574216597
1574211890
1574122737
1574107049
1574032696
1574016425
1573671139
1573403515
1573326869
1572914654
1572638489
1572377460
1572292786
1571957913
1571952569
1571939737
1571339571
1569000605
1567057199
1566595422
1566586707
1565484504
1564972632
1564261997
1563980256
1563896155
1563509067
1563495767
1562874075
1562871101
1562120457
1559786985
1559785612
1559606163
1558043632
1555623074
1554947888
1554836242
1554147855
1554054381
1553888431
1553806982
1553722106
1553544275
1553371862
1553307768
1553119052
1552780682
1552680218
1552260900
1552085627
1552084277
1551912290
1550960868
1550007427
1549480907
1549308524
1549132666
1549054774
1548629147
1548570331
1548446726
1548363923
1548271016
1548186738
1547672657
1547497626
1546814871
1545684976
1545517508
1545076551
1544990473
1544473645
1543428532
1541536459
1541536018
1541534932
1541534409
1541478022
1541463874
1541445070
1541444973
1541444432
1541434283
1541376558
1541376416
1541376144
1541375859
1541375696
1541371492
1541370365
1541370221
1541295829
1541295460
1541295051
1541212242
1541185225
1541184918
1541184764
1541184316
1541183768
1541183578
1541119655
1541020975
1541020806
1541020620
1541020346
1541020152
1540923487
1540923069
1540922663
1540922452
1540922009
1540868543
1540852344
1540852281
1540839801
1540832847
1540832595
1540831747
1540745090
1540696984
1540696757
1540696089
1540695065
1540677569
1540584550
1540584125
1540583359
1540583215
1540582924
1540582476
1540496085
1540495702
1540495486
1540495087
1540494678
1540494436
1540494326
1540494213
1540428671
1540424505
1540410114
1540409835
1540409629
1540409480
1540409119
1540328333
1540327986
1540327703
1540327572
1540327348
1540326950
1540326774
1540326658
1540326285
1540326085
1540246100
1540245783
1540245629
1540245111
1540244898
1540154959
1540154807
1540154391
1540154177
1540153852
1540080023
1540066315
1540066129
1540065914
1539988275
1539988202
1539987975
1539987785
1539987464
1539910600
1539896641
1539896011
1539895423
1539894873
1539824279
1539820419
1539813113
1539812837
1539812511
1539811954
1539735154
1539716127
1539715958
1539715826
1539715390
1539715093
1539714671
1539628320
1539627722
1539627110
1539534211
1539375104
1539374149
1539373944
1539373430
1539288382
1539228964
1539202125
1539201948
1539201713
1539201284
1539135304
1539113494
1539113192
1539112938
1539112680
1539112441
1539031062
1539030826
1538881254
1538875692
1538871878
1538853160
1538768517
1538768056
1538767654
1538767436
1538767046
1538682770
1538682363
1538603812
1538603466
1538603191
1538602889
1538602157
1538507761
1538507216
1538506958
1538419063
1538418823
1538165430
1538163853
1538088757
1538088460
1537992405
1537991755
1537916453
1537906189
1537905970
1537905406
1537819528
1537818954
1537818721
1537818537
1537730514
1537730165
1537729663
1537656813
1537655436
1537655200
1537561512
1537561262
1537560944
1537473683
1537473059
1537408492
1537395194
1537394984
1537394717
1537307551
1537307049
1537306915
1537306277
1537305872
1537214667
1537214441
1537214080
1537213848
1537136499
1537136108
1537136040
1537135897
1537135870
1536952218
1536952068
1536951911
1536868886
1536868690
1536868361
1536792782
1536786516
1536783002
1536782584
1536782086
1536782022
1536698195
1536697883
1536697681
1536697377
1536638160
1536621818
1536612948
1536612746
1536426443
1536261844
1536195361
1536175847
1536091635
1536091368
1536091211
1536004481
1535849349
1535835580
1535834954
1535746526
1535745751
1535745416
1535686116
1535664951
1535663284
1535662926
1535662484
1535587112
1535577044
1535576518
1535576006
1535575360
1535493013
1535492871
1535492592
1535492298
1535492014
1535491428
1535491143
1535490710
1535490525
1535415809
1535405219
1535404823
1535404358
1535404217
1535320280
1535319742
1535319477
1535125725
1535066649
1535066404
1535065857
1534984835
1534975807
1534975218
1534974744
1534898054
1534890273
1534889880
1534889207
1534887818
1534887541
1534810031
1534809643
1534809204
1534808956
1534808800
1534808595
1534807723
1534731370
1534731095
1534730613
1534634557
1534621966
1534621002
1534540803
1534540036
1534539092
1534538696
1534478679
1534460618
1534450103
1534449737
1534390936
1534390552
1534390393
1534386000
1534374740
1534374382
1534374181
1534304760
1534276164
1534275695
1534208458
1534192870
1534192481
1534033120
1533944068
1533939169
1533938740
1533938463
1533852839
1533846527
1533845906
1533845524
1533787667
1533777939
1533777752
1533777508
1533777321
1533687658
1533680550
1533680119
1533593557
1533508052
1533507634
1533426828
1533426234
1533425495
1533342897
1533325163
1533324844
1533324555
1533267254
1533233812
1533233590
1533061472
1533061227
1532982128
1532814368
1532814020
1532812953
1532733885
1532717901
1532717621
1532717338
1532645061
1532644711
1532554049
1532553587
1532553047
1532460745
1532460396
1532372263
1532371937
1532300211
1532299612
1532022131
1532021885
1531963076
1531949898
1531949568
1531868715
1531852801
1531852446
1531851973
1531772346
1531772125
1530731346
1530731216
1530731141
1530576028
1530575640
1530472878
1530472484
1530329444
1530309612
1530308954
1530235188
1530234887
1530142979
1530142623
1530142280
1530028718
1530028521
1530028349
1529799398
1529799204
1529715673
1529628709
1529628569
1529542094
1529542014
1529374264
1529361728
1529273347
1529262563
1529262296
1528938988
1528919568
1528919416
1528830000
1528829849
1528829784
1528742446
1528741799
1528669606
1528651840
1528651187
1528576164
1528575897
1528412010
1528411670
1528411208
1528329968
1528329770
1528252709
1528249945
1528249453
1528249273
1528249074
1528248687
1528248368
1528160098
1527993205
1527974720
1527891495
1527891208
1527798639
1527718566
1527718475
1527640657
1527627360
1527627179
1527626995
1527366314
1527366154
1527293405
1527293071
1527292846
1527292657
1527180068
1527179707
1527114328
1527114221
1527020350
1527020241
1527019937
1526842974
1526842774
1526765505
1526765369
1526690491
1526690186
1526604906
1526501568
1526501334
1526411130
1526411043
1526410777
1526336794
1526336672
1526336423
1526254001
1526253645
1526182363
1526182214
1526079996
1526065610
1526065219
1525993495
1525986492
1525986290
1525986176
1525903481
1525903196
1525819390
1525819000
1525732392
1525732146
1525731954
1525471546
1525471353
1525382690
1525217532
1525217376
1525135430
1525135247
1524949135
1524948964
1524948798
1524948589
1524948384
1524869161
1524868972
1524778212
1524778037
1524695298
1524694991
1524605746
1524605704
1524605589
1524605431
1524605352
1524605237
1524605168
1524604998
1524604803
1524604620
1524543524
1524525019
1524524571
1524439044
1524438978
1524438869
1524348280
1524347662
1524269146
1524269023
1524268841
1524176708
1524176350
1524088444
1524088217
1524015925
1524015438
1524015385
1523923538
1523922088
1523921682
1523820258
1523820149
1523819937
1523665983
1523665909
1523665608
1523581975
1523581703
1523581486
1523401944
1523401867
1523401757
1523317804
1523317724
1523317417
1523139840
1523139636
1523139454
1522972607
1522972321
1522971975
1522886415
1522886333
1522886309
1522800664
1522800285
1522800148
1522701096
1522700952
1522700784
1522700497
1522450137
1522450015
1522449828
1522364377
1522364168
1522363909
1522283953
1522283761
1522193480
1522193233
1522193027
1522107499
1522107426
1522018838
1522018751
1522018607
1521925577
1521925133
1521924974
1521851836
1521851669
1521851580
1521762389
1521762165
1521762069
1521688582
1521665719
1521665192
1521664939
1521493327
1521493006
1521492879
1521425769
1521423866
1521408652
1521408351
1521408188
1521163181
1521162993
1521162775
1521076043
1521076039
1521076034
1520907489
1520907323
1520907207
1520806825
1520806621
1520806433
1520648724
1520648378
1520557988
1520557718
1520557474
1520468480
1520468382
1520467861
1520385751
1520385608
1520385449
1520301916
1520301852
1520301771
1520301462
1520196050
1520195927
1520195834
1520195703
1520127145
1520113232
1520113169
1520113118
1520113048
1520027932
1519955314
1519955193
1519877186
1519853977
1519853755
1519853524
1519853455
1519767051
1519766931
1519766853
1519766478
1519685069
1519684739
1519684683
1519684544
1519605296
1519605153
1519604900
1519604688
1519604570
1519505474
1519505206
1519504932
1519504854
1519504537
1519450523
1519426530
1519426366
1519426260
1519345941
1519345695
1519345582
1519263138
1519258668
1519258538
1519258492
1519258151
1519163862
1519158383
1519138549
1519138513
1519131186
1519126572
1519125840
1519114376
1519113871
1519111291
1519104487
1519090809
1519081644
1519077936
1519076537
1519069322
1519067737
1519067721
1519062516
1519061486
1519055359
1519044356
1519042248
1519041090
1519040206
1519034582
1519005081
1519003031
1519002406
1518951752
1518950175
1518941302
1518941028
1518939246
1518939184
1518930343
1518929504
1518929414
1518925147
1518918439
1518917063
1518914003
1518913983
1518909378
1518905815
1518905017
1518904893
1518904735
1518904654
1518904609
1518903144
1518901832
1518897712
1518893767
1518891623
1518889492
1518887360
1518886484
1518884782
1518876191
1518875764
1518875386
1518871066
1518869056
1518868472
1518867895
1518867650
1518826465
1518822508
1518822490
1518814142
1518813646
1518802176
1518799635
1518795830
1518783265
1518777515
1518761405
1518759610
1518759397
1518756373
1518745425
1518741426
1518739195
1518738600
1518738114
1518737337
1518723801
1518721268
1518721251
1518719154
1518716669
1518704323
1518702690
1518701035
1518699463
1518697664
1518694686
1518693988
1518692997
1518691740
1518691605
1518691569
1518687175
1518685906
1518685608
1518684516
1518678093
1518677459
1518676289
1518673244
1518671948
1518669450
1518666041
1518662128
1518657964
1518655794
1518651208
1518650364
1518647654
1518647363
1518639118
1518635748
1518635063
1518634544
1518632840
1518632465
1518629478
1518621342
1518621101
1518620196
1518617745
1518617516
1518617263
1518617036
1518616952
1518613833
1518609514
1518608827
1518568565
1518568012
1518565971
1518557054
1518540410
1518540046
1518533726
1518533258
1518532667
1518532154
1518444141
1516568376
1516568281
1516568187
1516568133
1516567962
1516567892
1516478970
1516478851
1516478560
1516478479
1516478429
1516478297
1516402356
1516402307
1516402220
1516401909
1516401867
1516401769
1516336812
1516316400
1516316352
1516316219
1516316097
1516239733
1516239660
1516239611
1516239487
1516239312
1516228863
1516143302
1516143178
1516143074
1516143025
1516049308
1516049213
1516049018
1516048927
1516048823
1515963418
1515963234
1515963184
1515963054
1515962909
1515962757
1515962666
1515881621
1515881497
1515881421
1515881337
1515881270
1515881115
1515820641
1515798708
1515798664
1515798523
1515798407
1515797834
1515797685
1515716656
1515716572
1515716192
1515716081
1515715960
1515715908
1515715826
1515715592
1515715417
1515715358
1515715174
1515625470
1515625404
1515625286
1515625225
1515625013
1515624972
1515624746
1515539059
1515538963
1515538804
1515465915
1515452680
1515452502
1515452239
1515452128
1515451953
1515451852
1515363112
1515362974
1515278818
1515278704
1515278459
1515278359
1515278296
1515278223
1515278132
1515278064
1515277997
1515193808
1515193708
1515193636
1515193569
1515193476
1515193371
1515106488
1515106253
1515106201
1515106136
1515105774
1515105664
1515105581
1515105404
1515019357
1515019304
1515019225
1515019115
1515019021
1515018934
1515018896
1515018835
1515018682
1514953989
1514927158
1514927055
1514926923
1514926878
1514926729
1514926635
1514926494
1514774756
1514774703
1514774594
1514672122
1514666913
1514666829
1514666768
1514666667
1514666546
1514666448
1514592837
1514581039
1514580936
1514580887
1514580824
1514580693
1514580651
1514580600
1514414561
1514414518
1514414440
1514414325
1514414038
1514413877
1514413740
1514319098
1514319003
1514318964
1514318866
1514318776
1514318661
1514238150
1514236547
1514236475
1514236417
1514236330
1514236274
1514190725
1514147654
1514147537
1514147495
1514070559
1514070359
1514070184
1514070132
1514070058
1514070007
1514069940
1514069825
1514069682
1513998062
1513985294
1513985217
1513985004
1513984832
1513977859
1513977759
1513977680
1513896795
1513887703
1513887609
1513887519
1513887428
1513814240
1513814046
1513813938
1513813888
1513813843
1513721693
1513721688
1513721684
1513721601
1513639612
1513639557
1513639328
1513541306
1513541149
1513540880
1513540791
1513540697
1513478102
1513478037
1513477904
1513477852
1513381966
1513381834
1513381709
1513381663
1513381601
1513381520
1513381454
1513293639
1513293532
1513293490
1513204080
1513203900
1513203897
1513203892
1513203887
1513119840
1513119746
1513119404
1513119342
1513119203
1513033452
1513032695
1512860433
1512846823
1512846686
1512846520
1512846441
1512846329
1512846273
1512846219
1512846057
1512845944
1512773461
1512773390
1512773294
1512773209
1512773015
1512772858
1512692814
1512692751
1512692705
1512692520
1512692280
1512692211
1512601815
1512601671
1512601590
1512601448
1512601390
1512518754
1512518532
1512518318
1512518195
1512518154
1512427722
1512427540
1512427193
1512332641
1512332630
1512332619
1512332612
1512332606
1512332596
1512332586
1512332580
1512332573
1512332568
1512332563
1512332555
1512248377
1512248373
1512248368
1512248360
1512248356
1512248352
1512248347
1512248344
1512248337
1512248328
1512246764
1512235400
1512180843
1512180678
1512180596
1512085983
1512085882
1512085771
1512085658
1512085514
1512085336
1512085088
1512084943
1512002520
1512002389
1511996577
1511996516
1511996429
1511909433
1511909145
1511909096
1511828439
1511825503
1511825463
1511825342
1511825273
1511825144
1511825057
1511824964
1511824919
1511824875
1511824830
1511824752
1511735801
1511735666
1511735571
1511735473
1511735408
1511735282
1511734930
1511734888
1511734794
1511734735
1511647944
1511647927
1511647887
1511647822
1511647798
1511647744
1511647720
1511554061
1511553970
1511553814
1511553637
1511553585
1511553535
1511553474
1511553355
1511553259
1511553147
1511553039
1511552927
1511387535
1511387445
1511387374
1511387318
1511387250
1511387168
1511386866
1511386725
1511386656
1511311371
1511311193
1511305736
1511305604
1511305377
1511305274
1511305164
1511304917
1511304829
1511304772
1511220435
1511220347
1511220179
1511220115
1511220045
1511219956
1511219830
1511219787
1511046533
1511046426
1511046353
1511046292
1511046181
1511046089
1511045942
1511045792
1511045643
1511045569
1511045515
1511045442
1511045285
1511045169
1511045039
1510877999
1510877856
1510877698
1510877557
1510877410
1510877245
1510877177
1510877092
1510876941
1510795416
1510795333
1510795169
1510794984
1510794588
1510794435
1510794302
1510794026
1510793787
1510703986
1510703781
1510703677
1510703572
1510616416
1510616332
1510616189
1510521777
1510521769
1510521755
1510521745
1510521737
1510521727
1510521719
1510521709
1510521698
1510434806
1510434631
1510434155
1510433942
1510433825
1510433755
1510433651
1510433537
1510433471
1510433344
1510359310
1510359215
1510359146
1510359072
1510358971
1510358816
1510358655
1510358552
1510358437
1510186081
1510186074
1510186066
1510186057
1510186043
1510186030
1510100976
1510100963
1510100942
1510100932
1510100918
1510100889
1510100872
1510100853
1510100837
1510100810
1510100775
1510017048
1510017041
1510017036
1510017022
1510017000
1510016976
1510016968
1510016955
1510016941
1509923158
1509920399
1509920304
1509920139
1509827601
1509827475
1509827282
1509827144
1509826960
1509826883
1509826652
1509826561
1509757330
1509757236
1509669718
1509669651
1509669534
1509576511
1509576503
1509576493
1509576485
1509576478
1509576473
1509576462
1509576451
1509576440
1509576433
1509576427
1509576419
1509576411
1509576398
1509404636
1509404347
1509403780
1509403630
1509218936
1509218688
1509218577
1509150140
1509149917
1509149779
1509149626
1509149511
1509149416
1509149337
1509149279
1509131151
1509130884
1509130388
1509061017
1509060899
1509060730
1509060608
1509060534
1509060352
1509060227
1509060142
1509060071
1509060014
1509059794
1509059614
1508974833
1508974769
1508974710
1508885574
1508885406
1508885328
1508798850
1508798848
1508798590
1508797935
1508797328
1508797179
1508797044
1508795890
1508795650
1508795570
1508795411
1508699943
1508699934
1508699927
1508699920
1508699914
1508699908
1508699903
1508699896
1508699886
1508699880
1508699873
1508699861
1508699848
1508699838
1508699826
1508699815
1508699804
1508611925
1508611872
1508611769
1508461155
1508461101
1508289180
1508289143
1508289116
1508202068
1508202025
1508202004
1508201977
1508201950
1508201920
1508201901
1508201880
1508201841
1508201821
1508201687
1507603223
1507603202
1507511600
1507511568
1507511533
1507417198
1507417177
1507417160
1507338407
1507338323
1507338305
1507338245
1507338225
1507338205
1507338190
1507338169
1507338132
1507255898
1507255875
1507255833
1507255806
1507255775
1507255747
1507255732
1507156192
1507156169
1507156148
1507156130
1507156111
1507156087
1507156064
1507155296
1507077897
1507077821
1507077783
1507077756
1507077730
1507077705
1507077640
1507076475
1507066690
1507066457
1507066226
1506992383
1506977328
1506885318
1506885261
1506885223
1506885192
1506885110
1506885008
1506884956
1506884930
1506884880
1506884842
1506884809
1506884763
1506884738
1506884722
1506884596
1506818529
1506818075
1506814378
1506814305
1506814119
1506811607
1506808760
1506557874
1506557509
1506557231
1506472128
1506471919
1506471784
1506471614
1506471499
1506471414
1506471280
1506471140
1506385802
1506385592
1506385425
1506385146
1506384918
1506384750
1506384633
1506384529
1506384442
1506384202
1506384085
1506383979
1506383841
1506383787
1506195055
1506194828
1506194561
1506194458
1506194253
1506194121
1506194007
1506193916
1506193697
1506125111
1506124906
1506124702
1506124299
1506124057
1506123807
1506123672
1506123466
1506123278
1506122666
1506122303
1506038283
1506038172
1506038056
1506038000
1506037877
1506037714
1506037519
1506037394
1506037136
1506037001
1506036849
1506036505
1505868258
1505867992
1505867895
1505867662
1505867472
1505867343
1505867324
1505867299
1505867282
1505866567
1505784472
1505784252
1505784108
1505783998
1505783902
1505783802
1505783219
1505580059
1505530641
1505530604
1505530529
1505524292
1505524212
1505524104
1505520387
1505519145
1505518531
1505516166
1505516024
1505514310
1505514225
1505514198
1505514198
1505514058
1505514000
1505513923
1505513834
1505513803
1505513670
1505513573
1505513110
1505512925
1505512653
1505512028
1505511761
1505443500
1505443307
1505443080
1505443017
1505442932
1505442829
1505442696
1505442544
1505442467
1505442242
1505440770
1505440100
1505356697
1505356427
1505356208
1505355882
1505355492
1505355257
1505355178
1505354996
1505353734
1505353717
1505353638
1505265197
1505264992
1505264469
1505264101
1505263926
1505263787
1505263664
1505263519
1505083683
1505083575
1505083447
1505083355
1505083246
1505083114
1505083024
1505082920
1505082691
1505082566
1505082439
1505082250
1504841093
1504841036
1504840979
1504840877
1504840853
1504840797
1504840779
1504840748
1504840705
1504660961
1504660818
1504660704
1504660469
1504659981
1504659885
1504659519
1504659175
1504659002
1504658896
1504658742
1504577155
1504576988
1504576784
1504576544
1504576341
1504576160
1504576043
1504575846
1504575760
1504575580
1504575499
1504554800
1504459821
1504459650
1504458004
1504457833
1504457751
1504457598
1504457355
1504325604
1504236518
1504236444
1504236355
1504236281
1504236210
1504236107
1504236037
1504235955
1504141780
1504141324
1504141195
1504140900
1504140743
1504140545
1504140378
1504140059
1504139827
1504139463
1504139390
1504054160
1504053974
1504053787
1504053505
1504053319
1504053201
1504053094
1504052959
1503884040
1503883899
1503883818
1503883756
1503883688
1503883327
1503883191
1503882898
1503882793
1503882224
1503881008
1503880837
1503880755
1503880446
1503795882
1503795558
1503795495
1503795418
1503795360
1503795246
1503795169
1503795054
1503794947
1503718159
1503717947
1503717286
1503717204
1503717134
1503717037
1503717001
1503716972
1503716856
1503716619
1503716419
1503619821
1503619705
1503619629
1503619523
1503619224
1503619157
1503619054
1503536659
1503536535
1503536446
1503536357
1503536116
1503535915
1503535772
1503535702
1503535593
1503535420
1503535242
1503535145
1503535035
1503534870
1503362338
1503362132
1503362015
1503361860
1503361780
1503361695
1503361551
1503361479
1503361143
1503261679
1503261608
1503261520
1503261400
1503261304
1503261226
1503261158
1503249823
1503249763
1503249709
1503249597
1503247333
1503188327
1503188027
1503187953
1503187792
1503187706
1503187571
1503187345
1503187221
1503187104
1503187018
1503186948
1503186861
1503097392
1503097194
1503097121
1503097048
1503096947
1503096842
1503096741
1503096627
1503016830
1503015795
1503015054
1503014951
1503014823
1503014559
1503014487
1503014389
1503014337
1503014262
1502849062
1502848941
1502848875
1502848754
1502848703
1502848611
1502848555
1502848472
1502758206
1502757801
1502757287
1502757236
1502680183
1502679990
1502671335
1502667838
1502653383
1502652843
1502652795
1502638352
1502638290
1502593081
1502586908
1502586867
1502582424
1502575930
1502574523
1502574230
1502568808
1502561374
1502548622
1502500695
1502492230
1502490207
1502490088
1502489952
1502489878
1502489744
1502489632
1502489577
1502489393
1502489164
1502489035
1502488958
1502488863
1502488479
1502427155
1502427033
1502426967
1502426865
1502426749
1502426541
1502426415
1502426291
1502426028
1502425912
1502425833
1502425634
1502425567
1502425418
1502326959
1502322605
1502322521
1502322444
1502322375
1502322281
1502322197
1502322132
1502322062
1502321975
1502321912
1502321816
1502240068
1502239967
1502239866
1502239755
1502239684
1502239591
1502239463
1502239327
1502239237
1502154755
1502154658
1502154552
1502154465
1502154266
1502154192
1502154087
1502154035
1502153928
1502153851
1502153760
1502153685
1502153619
1502153551
1502153483
1502153411
1502153288
1502072485
1502049386
1502049053
1502048674
1502048522
1502048129
1502048038
1502047895
1502047838
1502047721
1502047570
1502047479
1502047281
1502047129
1502046972
1502046891
1502046815
1502046659
1502046573
1502046429
1502046334
1502046237
1502046134
1502046023
1502030310
1501989010
1501955826
1501955740
1501955630
1501955373
1501955203
1501955050
1501954931
1501897385
1501897256
1501897116
1501897043
1501896917
1501896847
1501896681
1501896583
1501896463
1501896335
1501896168
1501896047
1501895817
1501895719
1501895471
1501895389
1501895304
1501895180
1501895085
1501894977
1501894856
1501894757
1501798582
1501798050
1501797938
1501797881
1501797799
1501797664
1501797570
1501797463
1501797301
1501797191
1501797046
1501796970
1501796901
1501796841
1501718645
1501718590
1501718527
1501718477
1501718381
1501718335
1501718218
1501718170
1501718130
1501718058
1501718022
1501717977
1501717944
1501717893
1501712872
1501712549
1501712437
1501712256
1501712047
1501711957
1501711868
1501711621
1501711540
1501711418
1501711292
1501711185
1501711109
1501632733
1501632591
1501632477
1501632341
1501632234
1501632123
1501632056
1501631893
1501631806
1501631722
1501631617
1501539432
1501539311
1501539107
1501538989
1501538625
1501538228
1501538136
1501537951
1501537832
1501537730
1501537677
1501537511
1501537103
1501537021
1501456228
1501456012
1501440366
1501440112
1501440035
1501439864
1501439746
1501439586
1501439501
1501439407
1501369850
1501355452
1501355234
1501355076
1501354945
1501354806
1501354628
1501354471
1501354400
1501354280
1501354148
1501354026
1501353637
1501353550
1501353373
1501353281
1501353044
1501352857
1501352647
1501268828
1501268743
1501268590
1501268468
1501268364
1501268287
1501268013
1501267847
1501267752
1501267660
1501267607
1501267480
1501267326
1501198122
1501197958
1501197712
1501126738
1501126532
1501126210
1501124846
1501124575
1501124412
1501124237
1501124091
1501123995
1501123898
1501123799
1501123500
1501120136
1501117597
1501116947
1501093364
1501093243
1501092713
1501092466
1501092115
1501092043
1501091901
1501091801
1501037699
1501037581
1501037491
1501002830
1501002618
1501002443
1501002239
1501002058
1501001863
1501001499
1501001397
1501001180
1501000846
1501000598
1501000468
1500951417
1500951112
1500935881
1500935089
1500935047
1500934963
1500933043
1500932954
1500932943
1500932685
1500914297
1500914000
1500868274
1500846874
1500845061
1500844828
1500844645
1500843960
1500839704
1500839276
1500838929
1500838835
1500838659
1500838476
1500838382
1500838268
1500838133
1500770879
1500750454
1500750346
1500747490
1500745116
1500745021
1500744761
1500744344
1500744123
1500743891
1500743735
1500743600
1500743514
1500685567
1500685163
1500685009
1500684876
1500684735
1500684497
1500684332
1500684146
1500660419
1500660353
1500659953
1500659601
1500659354
1500659218
1500607454
1500592361
1500592260
1500591489
1500591197
1500590999
1500589482
1500589376
1500588247
1500588082
1500587990
1500587621
1500570730
1500511886
1500508257
1500506170
1500506025
1500505839
1500428707
1500428522
1500428351
1500428162
1500427864
1500427706
1500427488
1500427295
1500427164
1500427072
1500426953
1500426799
1500417735
1500417535
1500417246
1500333482
1500333450
1500333406
1500333333
1500333263
1500333221
1500333172
1500333104
1500331875
1500331708
1500331275
1500329557
1500237745
1500237665
1500237343
1500220299
1500220087
1500219949
1500219812
1500219687
1500219559
1500219449
1500219321
1500219181
1500219074
1500218946
1500218880
1500218696
1500218383
1500218306
1500218167
1500218032
1500217912
1500146265
1500079530
1500079500
1500079406
1500079368
1500079329
1500079281
1500079232
1500079179
1500079144
1500079107
1500079074
1500079041
1500078992
1500078945
1499982464
1499982129
1499981953
1499892026
1499891911
1499891789
1499873658
1499819201
1499719423
1499719276
1499719227
1499631614
1499631470
1499631288
1499550620
1499496970
1499465733
1499465572
1499465278
1499383366
1499383240
1499383128
1499298838
1499298654
1499298498
1499201931
1499201797
1499201501
1499198026
1499197910
1499197786
1499197605
1499197370
1499130185
1499129871
1499041681
1499027609
1499027433
1499027300
1499027130
1499026946
1499026709
1498958075
1498860798
1498860609
1498770200
1498770036
1498769848
1498769748
1498769486
1498768756
1498689769
1498613243
1498612960
1498612787
1498612518
1498536706
1498431549
1498430902
1498336001
1498335466
1498262199
1498258180
1498256838
1498162277
1498162004
1498161633
1498081552
1497918433
1497918208
1497748586
1497718831
1497718725
1497718480
1497638743
1497638445
1497470815
1497226475
1497226216
1496864740
1496800566
1496678146
1496677128
1496448270
1496294175
1496200017
1496084233
1496029377
1495765879
1495673091
1495672932
1495672803
