1618167876
1618167783
1617997438
1617994046
1617725722
1617725575
1617478405
1617382699
1617299578
1617122928
1616955777
1616954966
1616879263
1616786961
1616706016
1616691618
1616443472
1616441863
1616349059
1616348312
1616006790
1616006149
1615916381
1615916351
1615758048
1615660194
1615576204
1615487008
1615348208
1615316160
1615234601
1614960826
1614880251
1614801396
1614707719
1614539669
1614538836
1614359986
1614105481
1613853919
1613759065
1613676068
1613598951
1613584377
1613517277
1613499302
1613410650
1613252883
1613154555
1613154502
1612992824
1612981404
1612898999
1612645468
1612637551
1612563128
1612467746
1612406506
1612295396
1612201032
1611938745
1611855474
1611682835
1611516492
1611516089
1611337802
1611337216
1611252402
1611002200
1610912700
1610821804
1610736491
1610646674
1610303169
1610133039
1610047283
1609869366
1609708167
1609695123
1609613769
1609530677
1609354846
1609088296
1609005061
1609005009
1608844049
1608835745
1608834390
1608737912
1608737580
1608660635
1608659751
1608409307
1608310221
1608228563
1608148811
1608144081
1608057035
1607969709
1607634110
1607453535
1607370534
1607280424
1607196140
1607020478
1607014899
1606840659
1606770081
1606769969
1606596000
1606411232
1606330797
1606248026
1606144328
1605989217
1605909812
1605887060
1605887034
1605805570
1605473066
1605392065
1605305041
1605197420
1605118338
1605038100
1604950057
1604773216
1604604467
1604254818
1604198088
1604077257
1604006410
1603905318
1603820999
1603820398
1603811378
1603734214
1603731853
1603472088
1603394282
1603384126
1603220550
1603131276
1602880247
1602868060
1602802923
1602693191
1602684941
1602520460
1602274204
1602274119
1602270988
1602180273
1602016582
1601927216
1601913817
1601751382
1601748782
1601748361
1601582031
1601568540
1601509600
1601497066
1601325679
1601324204
1601323730
1601317252
1601236322
1601236263
1601143387
1601136634
1601061502
1601057825
1600898306
1600892748
1600798827
1600786833
1600629379
1600629188
1600540857
1600482469
1600451194
1600450322
1600449155
1600195013
1600193288
1600114191
1600112859
1600026344
1599953023
1599940163
1599937887
1599935999
1599761073
1599760488
1599582048
1599411851
1599411804
1599411683
1599346295
1599346228
1599161015
1599159796
1599102184
1599101570
1599098352
1599096767
1599076504
1598997321
1598994534
1598979379
1598977334
1598900988
1598900902
1598835712
1598816953
1598816610
1598816167
1598815232
1598721997
1598639220
1598637037
1598636571
1598470018
1598469819
1598295114
1598204849
1598128079
1598127805
1598127727
1597785425
1597774619
1597773856
1597773517
1597691713
1597425359
1597425350
1597344023
1597341665
1597338630
1597337213
1597263989
1597263172
1597110118
1597083483
1596994508
1596821773
1596819575
1596657677
1596653756
1596409165
1596315117
1596314606
1596147112
1596074314
1595959021
1595783369
1595702819
1595624341
1595622756
1595618242
1595444885
1595433639
1595357647
1595271838
1595099598
1595099265
1594924248
1594755368
1594755334
1594578835
1594506319
1594506119
1594405966
1594405951
1594326881
1594325163
1594323281
1594322704
1594259130
1594065163
1594057837
1594057185
1593968082
1593966891
1593795255
1593724921
1593621800
1593544705
1593541774
1593373653
1593119320
1593114350
1592953065
1592952965
1592933853
1592933376
1592933025
1592758494
1592758439
1592673285
1592592730
1592592717
1592592673
1592592661
1592505346
1592505338
1592492470
1592413633
1592334938
1592334911
1592251155
1592250318
1592250247
1592154721
1591989461
1591989451
1591989440
1591989393
1591900496
1591900365
1591728570
1591728505
1591728359
1591728246
1591640335
1591555923
1591555857
1591468709
1591389582
1591376136
1591299112
1591299096
1591299083
1591299065
1591047388
1590692526
1590602278
1590443608
1590439088
1590437781
1590260053
1590259823
1590259667
1590259577
1590194382
1590090373
1590089359
1590014206
1590001458
1589828988
1589827877
1589827846
1589657378
1589656280
1589656197
1589656159
1589483510
1589483478
1589483438
1589320611
1589314173
1589309287
1589219472
1589219093
1589218652
1589218624
1588878542
1588877198
1588876204
1588705109
1588531054
1588530975
1588529723
1588363643
1588275464
1588274905
1588102776
1588102514
1588100884
1588099393
1588098552
1587933970
1587932821
1587932786
1587932743
1587932728
1587932707
1587782614
1587762490
1587762418
1587671471
1587671407
1587523999
1587523964
1587523869
1587523757
1587431652
1587418678
1587418022
1587417849
1587416747
1587415797
1587240726
1587240706
1587240655
1587156551
1587155386
1587068987
1587068342
1587064400
1586976360
1586975907
1586889779
1586806041
1586722150
1586720538
1586720513
1586629739
1586629651
1586629627
1586450096
1586450063
1586449107
1586448826
1586315371
1586194137
1586117253
1586105547
1585948284
1585861307
1585860756
1585860624
1585860535
1585860341
1585856758
1585611261
1585611238
1585586665
1585586618
1585586579
1585511250
1585506549
1585497429
1585432640
1585329965
1585329919
1585275488
1585274799
1585274219
1585259510
1585094909
1585087093
1585085590
1584988429
1584986254
1584985783
1584820986
1584734346
1584733848
1584733403
1584730742
1584641805
1584641660
1584578738
1584565915
1584470128
1584469147
1584468586
1584399179
1584307775
1584139335
1584137593
1584137341
1584136635
1584134906
1583953568
1583788740
1583788695
1583788127
1583787911
1583516747
1583516728
1583443642
1583443555
1583426973
1583426224
1583426206
1583425991
1583174827
1583096930
1583096556
1583011179
1583010921
1583009721
1582832435
1582649636
1582492504
1582491455
1582484487
1582456070
1582141771
1582069369
1582067931
1581883603
1581883586
1581544430
1581457833
1581448932
1581184706
1581184228
1581103215
1581102197
1581100906
1581091586
1581009879
1581009852
1580919146
1580844146
1580673457
1580498802
1580498554
1580239086
1580160543
1579987712
1579823252
1579460608
1579459810
1579309984
1579297723
1578739110
1578738895
1578347490
1578031933
1578002544
1578001246
1577566903
1577289163
1577127478
1576959361
1576955180
1576532488
1576474154
1576473120
1576448894
1576371356
1576279219
1576278681
1576276045
1575929469
1575926594
1575925409
1575495532
1575495312
1575401554
1575072419
1575046721
1574489913
1574460565
1574446456
1574445979
1573771518
1573664104
1573500000
1573408716
1573100053
1573073440
1573013277
1572144782
1571944580
1571347974
1571081692
1570556784
1569959080
1569526957
1569452121
1569346269
1569345497
1568857167
1568833629
1568833271
1568257418
1568220273
1567042502
1566938069
1566089845
1565717306
1565660694
1565290692
1564944737
1564859520
1564858863
1564593474
1564149292
1564099048
1564098716
1563065460
1562812761
1562812536
1562623337
1562366866
1562122462
1562122383
1562091802
1561836077
1561768055
1561767888
1561767534
1561686308
1561658176
1561657826
1561657516
1561402271
1561400979
1561143064
1561142559
1561141800
1561057580
1561056798
1560990831
1560990215
1560883814
1560882879
1560709833
1560709254
1559767299
1558554353
1558551596
1558222149
1558222096
1558222074
1558205879
1558205584
1557952272
1557952250
1556388807
1556388455
1552333066
1552332981
1552331716
1552331638
1552154173
1552154148
1552154122
1552069000
1545678978
1545677755
1545676781
1542509168
1534279989
1533928603
1531414413
1531174809
1530736676
1530651093
1530391707
1530391419
1530293432
1530293182
1530212777
1530212634
1530212525
1530145451
1530145384
1530145150
1530042260
1530042085
1530041784
1530041302
1530041125
1529963958
1527965367
1527964954
1527964758
1527964383
1527964366
1527537323
1527537116
1527463182
1527181567
1527181549
1527109266
1527109076
1527108875
1527108672
1527108574
1526237180
1526148184
1526148110
1526053169
1526053160
1525889179
1525889056
1525888830
1525888708
1525888635
1525717095
1525192230
1525192206
1525192181
1525192147
1525192140
1525192099
1524936271
1524768486
1524768280
1524515322
1524515024
1524514932
1524514413
1524514345
1524428135
1524428133
1524428126
1524331084
1524330974
1524330963
1524253896
1524253428
1524077940
1523985809
1523985594
1523902653
1523902263
1523901993
1523901800
1523816816
1523815761
1523814842
1523814282
1523730530
1523730441
1523641594
1523563086
1523562798
1523562563
1523561731
1523561528
1523381056
1523380902
1523380741
1523310256
1523122779
1523121963
1523121776
1523036813
1523036687
1522959637
1522959215
1522959021
1522870474
1522870428
1522870404
1522700684
1522700524
1522700264
1522700102
1522606255
1522606238
1522606235
1522606221
1522530632
1522530297
1522530208
1522530092
1522530012
1522519097
1522435433
1522435405
1522352687
1522352682
1522265095
1522264914
1522264908
1522264899
1522264879
1522264879
1522264866
1522190648
1522190632
1522095852
1522095834
1522095817
1521826992
1521826873
1521826519
1521825694
1521825684
1521746818
1521746796
1521746786
1521746764
1521746733
1521664201
1521663613
1521663602
1521663602
1521569763
1521569752
1521498564
1521398551
1521398535
1521398523
1521398482
1521398469
1521319706
1521319625
1521319601
1521319568
1521220098
1521220078
1521220060
1521220038
1521220023
1521042648
1521042630
1521042599
1521042541
1521042518
1520959466
1520959259
1520959076
1520958855
1520958689
1520874329
1520874255
1520874241
1520712892
1520712881
1520712836
1520640416
1520639860
1520639184
1520549874
1520549620
1520549482
1520549133
1520548823
1520450066
1520450058
1520450051
1520290950
1520274079
1520274049
1520190625
1520190572
1520103643
1520103642
1520103628
1520103624
1520010151
1519950270
1519950243
1519866631
1519866254
1519866145
1519865702
1519865177
1519764943
1519764908
1519764804
1519679896
1519679895
1519679886
1519679816
1519503702
1519503587
1519503491
1519503158
1519350345
1519350318
1519350282
1519350273
1519350249
1519350230
1519350207
1519350193
1519350175
1519156529
1519135769
1519135131
1519131670
1519128453
1519124420
1519121359
1519101588
1519098233
1519097508
1519088588
1519082523
1519076631
1519074821
1519037744
1519035640
1519007507
1519003175
1518954473
1518954467
1518925378
1518905344
1518905323
1518900449
1518900246
1518892048
1518889182
1518865158
1518792499
1518774838
1518748536
1518734677
1518729183
1518720711
1518720673
1518707038
1518706836
1518678570
1518664785
1518649897
1518638288
1518635725
1518634309
1518628021
1518624703
1518621623
1518619040
1518544974
1518544474
1516221561
1516221284
1515876996
1515876448
1515809785
1515809446
1515809426
1515809413
1515530315
1515530019
1515368613
1515368602
1515368593
1515265536
1514846435
1514314017
1514313470
1514309721
1514058434
1513641387
1513641376
1513539860
1513539855
1513539846
1513539826
1513539805
1513386070
1513385879
1513385768
1513385653
1513385535
1513030659
1513030547
1513030536
1513030525
1512862100
1512861708
1512861505
1512861394
1512860961
1512678533
1512678526
1512678504
1512596840
1512596830
1512596822
1512515654
1512346050
1512346030
1512338581
1512252304
1512252279
1512252273
1511973755
1511973742
1511973717
1511973696
1511973650
1511973644
1511901858
1511901827
1511716694
1511716686
1511716678
1511716666
1511716655
1511557599
1511557587
1511557566
1511557555
1511458633
1511458622
1511458615
1511458607
1511458594
1511458584
1511458574
1511458566
1511281516
1511281507
1511281498
1511281488
1511281477
1511281471
1511281461
1511281449
1511196290
1511196281
1511196274
1511196267
1511023556
1511023547
1511023534
1511023502
1511023473
1510869803
1510869796
1510869790
1510869786
1510779856
1510779840
1510779833
1510779819
1510693817
1510693814
1510693809
1510693802
1510693796
1510693790
1510693784
1510693775
1510599797
1510599789
1510599781
1510599776
1510599771
1510599763
1510599757
1510514225
1510514210
1510431465
1510431459
1510431456
1510431447
1510431442
1510431433
1510431423
1510431413
1510431404
1510431396
1510431385
1510347206
1510347195
1510347187
1510347181
1510347172
1510347163
1510347149
1510347141
1510258694
1510258684
1510258678
1510258671
1510258662
1510258655
1510258637
1510179465
1510179193
1510179183
1510179170
1510179165
1510179151
1510179143
1510179135
1510179123
1510087767
1510087572
1510087389
1510087277
1510087099
1510086958
1510086357
1509997733
1509997575
1509996492
1509996419
1509996340
1509996146
1509995661
1509995524
1509915437
1509915049
1509914093
1509909351
1509908998
1509908901
1509908775
1509908652
1509908188
1509830236
1509829692
1509829392
1509829054
1509766975
1509754372
1509754179
1509754123
1509753836
1509753780
1509753622
1509753519
1509753425
1509655887
1509655881
1509655873
1509655854
1509655846
1509655826
1509655790
1509655778
1509655759
1509655727
1509655512
1509655492
1509655454
1509568719
1509568709
1509568702
1509568694
1509568690
1509568684
1509568677
1509568663
1509568649
1509568640
1509568633
1509514818
1509475480
1509475460
1509475439
1509475404
1509475393
1509475385
1509404905
1509404700
1509220465
1509220457
1509220450
1509220441
1509220436
1509220421
1509220410
1509220403
1509220392
1509220381
1509143649
1509049617
1509049603
1509049592
1509049587
1509049579
1509049564
1509032696
1508874162
1508874154
1508874148
1508874137
1508874129
1508874120
1508874109
1508874101
1508793307
1508793292
1508793284
1508793274
1508793261
1508793252
1508793242
1508793233
1508793207
1508793198
1508716845
1508716687
1508716459
1508716256
1508715965
1508708454
1508701254
1508700496
1508700256
1508700140
1508615057
1508615043
1508615023
1508615009
1508614986
1508538448
1508538431
1508538416
1508538402
1508538391
1508538381
1508538368
1508538344
1508538308
1508538296
1508469574
1508453015
1508452999
1508452981
1508452964
1508452899
1508452859
1508452822
1508452789
1508452771
1508452753
1508365606
1508365596
1508365588
1508365576
1508365564
1508365540
1508365526
1508365508
1508365497
1508365482
1508274401
1508274379
1508274352
1508274324
1508274292
1508274265
1508274240
1508274210
1508274186
1508274162
1508209063
1508209045
1508209022
1508208394
1508207774
1508207742
1508207709
1508207687
1508206229
1508112384
1508112373
1508112361
1508112344
1508112316
1508112292
1508112279
1508094242
1508018715
1508018684
1508018672
1508018657
1508018649
1508018635
1508018618
1508018607
1507950433
1507849227
1507849207
1507849197
1507849179
1507849161
1507849147
1507849134
1507849124
1507849096
1507849083
1507849062
1507849044
1507775168
1507774471
1507774455
1507774439
1507774427
1507774416
1507774401
1507774393
1507774381
1507672779
1507672735
1507672721
1507672697
1507672678
1507672665
1507672654
1507587088
1507587052
1507586997
1507586923
1507586896
1507586883
1507586861
1507586848
1507586837
1507586819
1507498207
1507498119
1507497963
1507497955
1507497914
1507497899
1507497885
1507497860
1507497849
1507497096
1507403723
1507403716
1507403703
1507403695
1507403684
1507403668
1507403630
1507403603
1507403590
1507403581
1507403563
1507240263
1507240246
1507240236
1507240220
1507240198
1507240185
1507240170
1507240100
1507240078
1507240060
1507155526
1507155505
1507155494
1507155481
1507155466
1507155449
1507068219
1507068172
1507068120
1507068084
1507068010
1507067978
1506980955
1506980913
1506980882
1506980853
1506980814
1506980782
1506958433
1506913971
1506906634
1506873727
1506806545
1506806532
1506806520
1506806510
1506806499
1506806483
1506724823
1506724807
1506724796
1506724785
1506724770
1506724760
1506724748
1506535622
1506535597
1506535181
1506456773
1506456722
1506456386
1506291057
1506289759
1506289550
1506196332
1506196299
1506196220
1506123405
1506123215
1506123057
1505935951
1505935880
1505935823
1505935702
1505935576
1505850898
1505849998
1505849956
1505759055
1505758958
1505758904
1505758803
1505758577
1505686543
1505686472
1505686449
1505686360
1505686332
1505589838
1505589790
1505589696
1505422898
1505422874
1505422762
1505422737
1505330438
1505330422
1505330403
1505167008
1505166969
1505166947
1505166904
1505095470
1505068505
1505068467
1505068416
1504987065
1504987026
1504986972
1504986896
1504976627
1504900646
1504900617
1504900580
1504900527
1504750929
1504750891
1504750849
1504718547
1504651269
1504651090
1504650328
1504547666
1504547484
1504454457
1504454328
1504454260
1504371891
1504371711
1504289289
1504289235
1504289177
1504207493
1504130657
1504130122
1504129005
1504128164
1503970520
1503970102
1503955288
1503858391
1503856581
1503856570
1503856557
1503768817
1503766625
1503706557
1503696206
1503695805
1503695382
1503619077
1503608138
1503605235
1503604882
1503604635
1503366330
1503364714
1503287435
1503287260
1503286830
1503200477
1503187606
1503187527
1503187169
1503175978
1503130292
1502915972
1502908155
1502906361
1502855108
1502854509
1502757127
1502753374
1502752770
1502752352
1502656603
1502646548
1502577182
1502486757
1502486247
1502486145
1502410346
1502401356
1502401338
1502401313
1502312327
1502312304
1502303503
1502303484
1502296276
1502248869
1502248846
1502218517
1502205810
1502169986
1502160066
1502152288
1502139516
1502123344
1501973730
1501890769
1501890604
1501889802
1501801226
1501788986
1501788572
1501788333
1501705491
1501705248
1501704895
1501431486
1501431454
1501431394
1501431357
1501431340
1501351625
1501351247
1501350534
1501272591
1501092600
1501092424
1501092234
1501007660
1501004180
1501001929
1500833282
1500832079
1500832010
1500831958
1500831886
1500753569
1500753462
1500657798
1500657759
1500570148
1500569993
1500308906
1500057991
1500056910
1499898983
1499898198
1499807957
1499807561
1499807338
1499726089
1499726037
1499648433
1499646854
1499646683
1499542797
1499542472
1499462149
1499381916
1499381037
1499213531
1499213272
1499213074
1499118620
1499118522
1499117966
1499027035
1499026747
1498939280
1498856066
1498761615
1498761087
1498698587
1498682204
1498579763
1498515494
1498508775
1498500762
1498454141
1498446330
1498412702
1498238978
1498166894
1498151406
1498150442
1498150375
1497904905
1497904386
1497904260
1497819481
1497644631
1497551417
1497471045
1497470698
1497306840
1497305587
1497216863
1497216553
1497045054
1497044806
1496786921
1496786208
1496786148
1496530558
1496530489
1496457409
1496454870
1496087234
1496020608
1495914525
1495914475
1495914439
1495914372
1495687620
1495679035
1495566626
1495566464
1495406734
1495405919
1495405419
1495140477
1495140458
1495140431
1494963422
1494963410
1494879685
1494879470
1494808793
1494708534
1494708293
1494692630
1494614550
1494614539
1494614526
1494448826
1494448796
1494448767
1494447997
1494361549
1494358000
1494284860
1494097463
1493923782
1493923670
1493923618
1493854745
1493854667
1493753305
1493753265
1493587937
1493507536
1493507015
1493490691
1493490664
1493490624
1493490600
1493317232
1493217751
1493149015
1493148575
1492977845
1492967145
1492966938
1492894796
1492800705
1492800507
1492800157
1492792810
1492733192
1492733124
1492635363
1492389311
1492277064
1492276418
1492219336
1492219155
1492219121
1492116825
1492116042
1492115796
1492027377
1491863665
1491677986
1491677832
1491677723
1491591815
1491590817
1491519037
1491518979
1491515038
1491442642
1491426309
1491424898
1491415707
1491412687
1491409295
1491334931
1491061303
1491061185
1490996291
1490996243
1490909581
1490909543
1490828556
1490828046
1490491303
1490395284
1490395176
1490226780
1490226746
1490051596
1489966205
1489966168
1489966145
1489885092
1489885077
1489695972
1489694800
1489609951
1489530944
1489530912
1489360902
1489360819
1489360740
1489274734
1489274706
1489190140
1489190114
1489101386
1489101327
1489100537
1488839660
1488839582
1488758098
1488758030
1488560382
1488560347
1488560271
1488560209
1488560162
1488490938
1488490909
1488490900
1488490880
1488218505
1488218493
1488218424
1488141967
1487880423
1487880405
1487801444
1487800533
1487721558
1487531315
1487365127
1487365122
1487275017
1487275012
1487189722
1487189709
1487103183
1487103094
1487103066
1486932306
1486932043
1486929599
1486770487
1486596664
1486499964
1486499959
1486499916
1486415618
1486415611
1486415603
1486331853
1486331790
1486331759
1486331718
1486254603
1486242127
1486242077
1486242061
1486242031
1486083405
1485996997
1485996927
1485893691
1485893680
1485893660
1485651446
1485649803
1485558372
1485558270
1485557972
1485466266
1485465821
1485375351
1485375307
1485375282
1485217099
1485217057
1485127225
1485127126
1485127068
1485042543
1485042516
1485042504
1484857682
1484857606
1484857580
1484771393
1484771367
1484771335
1484681948
1484681942
1484610105
1484609951
1484599891
1484597725
1484531723
1484262986
1484262967
1484175412
1484175385
1484175349
1484175271
1484094849
1484094807
1483996984
1483996958
1483996915
1483913022
1483912923
1483912850
1483745370
1483745332
1483745292
1483667187
1483667118
1483577956
1483577921
1483487908
1483487875
1483487823
1483487795
1483398830
1483398807
1483398730
1483138381
1483138339
1483055172
1483054964
1483043910
1483043401
1483043106
1483042447
1482891606
1482890165
1482867822
1482700462
1482698129
1482610308
1482608514
1482600869
1482533698
1482533676
1482533650
1482441510
1482441307
1482441094
1482270037
1482269979
1482269954
1482180692
1482012279
1482012250
1482012183
1481834004
1481833979
1481833956
1481833910
1481748366
1481748266
1481748225
1481577126
1481577068
1481484638
1481484607
1481484571
1481484543
1481430655
1481412023
1481411786
1481314765
1481314727
1481314677
1481314637
1481227635
1481227583
1481227489
1481151093
1481151025
1481150972
1480976022
1480883500
1480883472
1480801717
1480801669
1480801645
1480744325
1480720153
1480720090
1480720027
1480640301
1480640237
1480540096
1480540083
1480536386
1480450956
1480450940
1480450911
1480371431
1480371382
1480364875
1480275230
1480275186
1480275157
1480275122
1480275081
1480275059
1480204957
1480036034
1480035918
1480035669
1479940406
1479940313
1479940278
1479940255
1479868910
1479868829
1479857191
1479778421
1479509792
1479334785
1479334289
1479245033
1479244775
1479244273
1479244244
1479164897
1479164552
1479082047
1479079051
1478899228
1478898933
1478828219
1478812756
1478741127
1478740943
1478645110
1478644254
1478402385
1478287825
1478210161
1478209325
1478124339
1478124298
1478124264
1478123627
1478117365
1478046021
1478041584
1477778816
1477778083
1477599031
1477597812
1477348127
1477320274
1477247026
1477246862
1477180602
1477179210
1477087662
1477087631
1477087044
1476989929
1476989523
1476989305
1476988377
1476900726
1476900694
1476900674
1476741795
1476741403
1476741163
1476740979
1476634881
1476475921
1476475910
1476475892
1476391711
1476391619
1476391452
1476304333
1476304293
1476304241
1476236874
1476236534
1476236476
1476236324
1476132743
1476132651
1475872103
1475871814
1475789100
1475518935
1475518844
1475518392
1475452118
1475347492
1475347380
1475347353
1475347328
1475270869
1475265524
1475184520
1475184401
1475184342
1475184003
1475085385
1475085171
1474924719
1474923968
1474923544
1474503444
1474420838
1474227056
1474226540
1474226380
1474149249
1474149207
1473897112
1473802277
1473802226
1473711750
1473634701
1473532061
1473532016
1473451001
1473450963
1473273292
1473272504
1473272166
1473187983
1473187823
1473187460
1473099869
1473007405
1473007210
1472918196
1472846969
1472751719
1472751469
1472748883
1472748321
1472585635
1472585161
1472582967
1472546135
1472414036
1472413866
1472331984
1472331798
1472331633
1472324167
1472149461
1472149156
1472069662
1472069422
1471980305
1471979804
1471979703
1471916510
1471916074
1471906201
1471817784
1471645548
1471625019
1471624850
1471624717
1471624565
1471624455
1471624117
1471564874
1471564338
1471563974
1471563818
1471563473
1471461464
1471374497
1471374231
1471374143
1471374064
1471200102
1471199619
1471199537
1471198746
1471198584
1471037736
1471037663
1470950842
1470950713
1470950512
1470950364
1470884412
1470858458
1470858035
1470767576
1470766597
1470766226
1470765944
1470724591
1470693025
1470692851
1470603625
1470603249
1470602838
1470602404
1470602161
1470350527
1470339334
1470338706
1470174834
1470085364
1470085330
1470085289
1469999951
1469999779
1469926324
1469925990
1469925726
1469925484
1469741382
1469740660
1469740436
1469739570
1469650922
1469650624
1469649988
1469649627
1469645604
1469401304
1469211908
1469211628
1469211085
1469136546
1469136090
1469135963
1469135868
1468946937
1468874650
1468874493
1468873876
1468770671
1468770462
1468770282
1468609124
1468608907
1468608656
1468607198
1468440030
1468438715
1468438329
1468199735
1468169741
1468169558
1468020960
1467933616
1467933592
1467933550
1467829746
1467829259
1467829015
1467777052
1467756429
1467756055
1467748731
1467427024
1467397345
1467397142
1467395395
1467339318
1467339065
1467338645
1467309221
1467309065
1467247277
1467178983
1467175676
1467175238
1467085310
1467084793
1467084652
1467084368
1466900783
1466900602
1466900477
1466900338
1466790421
1466790246
1466364288
1466364020
1466204282
1466201165
1466201129
1466032153
1466031789
1466026005
1465760741
1465760570
1465754161
1465669765
1465669570
1465173433
1465173407
1465090912
1465084453
1465084368
1465084303
1464981969
1464981371
1464979977
1464979621
1464897076
1464895860
1464469895
1464469630
1464225548
1464224188
1464223777
1464223429
1464134252
1464134012
1463951621
1463931363
1463616802
1463615766
1463615490
1463343495
1463341851
1463341086
1463278162
1463082734
1463082498
1463082059
1463081375
1463081171
1462743384
1462743306
1462743166
1462667362
1462666390
1462666074
1462665893
1462571977
1462571334
1462570994
1462570749
1462316973
1462316770
1462315965
1462315861
1462215620
1462215319
1462214957
1462079209
1462078734
1462078358
1462078023
1462077656
1461891181
1461890849
1461890639
1461889618
1461718331
1461697579
1461697158
1461696676
1461695649
1461527446
1461432390
1461360423
1461343067
1461342980
1461193326
1461193104
1461010585
1461010337
1461009819
1461009688
1461008460
1460924712
1460918222
1460672502
1460496694
1460426552
1460395375
1460395123
1460395056
1460394825
1460394657
1460394179
1460337645
1460313284
1460313106
1460224151
1460223846
1460223679
1460223407
1460223074
1460151858
1460151519
1460151334
1460150666
1460150041
1459557339
1459462770
1459462554
1459462449
1459462325
1459461807
1459367041
1459366620
1459365579
1459365103
1459191294
1459099695
1459099531
1459098676
1459016396
1459016113
1459015788
1459015472
1459014804
1458935456
1458935278
1458858068
1458603483
1458603055
1458602835
1458517053
1458516999
1458178087
1458172884
1458170686
1458169877
1457656097
1457655614
1457652320
1457574950
1457568659
1457568402
1457300451
1457300142
1457299903
1457215463
1457200155
1457198763
1457198522
1457198212
1457198095
1457197700
1456954029
1456953789
1456953610
1456952973
1456952361
1456952161
1456878556
1456865991
1456853837
1456852278
1456440506
1456440322
1456277870
1456277125
1456275196
1456083486
1456083127
1456082998
1456082875
1456082757
1456082434
1456024566
1455917292
1455915888
1455915563
1455915443
1455914772
1455914528
1455838517
1455838324
1455838184
1455837760
1455761870
1455761533
1455562717
1455338630
1455338155
1455325023
1455323155
1455236963
1455222270
1455219539
1455218851
1455218596
1455218387
1455053488
1455051931
1455051318
1455050435
1454631598
1454615778
1454615546
1454615097
1454614688
1454530139
1454529594
1454449630
1454449203
1454448886
1454448552
1454100623
1454100257
1454099997
1453921804
1453921606
1453921299
1453920795
1453670139
1453666189
1453665958
1453663482
1453662845
1453238056
1453237626
1453237393
1453142135
1453141656
1453141329
1453140973
1452988822
1452961955
1452961383
1452960162
1452894721
1452894638
1452705842
1452460867
1452460261
1452459750
1452458967
1452368058
1452367469
1452367300
1452365342
1452279516
1452278232
1452111175
1452110730
1452108281
1452026964
1452026167
1452025725
1451943383
1451943132
1451942780
1451942620
1451854131
1451854025
1451850416
1451849746
1451849588
1451605882
1451173010
1451172592
1451172255
1451172035
1451171700
1451171570
1451078654
1451078498
1451077969
1450910105
1450902365
1450902008
1450826852
1450650290
1450650243
1450551425
1450550628
1450550162
1450465452
1450465261
1450464031
1450463668
1450462869
1450379242
1450379029
1450378685
1450378326
1450377507
1450289968
1450288464
1450287656
1450287122
1450286810
1450202467
1450201735
1450201526
1450200502
1450034062
1450033610
1450033497
1449874195
1449785618
1449693381
1449692629
1449536390
1449261883
1449261589
1449259834
1449259199
1449096028
1449095627
1449095333
1449095220
1449008585
1448924400
1448924265
1448919183
1448829111
1448828912
1448828799
1448765495
1448757888
1448753153
1448746578
1448480094
1448479700
1448426553
1448391426
1448391026
1448390160
1448219141
1448218848
1448131150
1448130771
1448130426
1448063370
1448063226
1448062470
1448051041
1447876276
1447875613
1447875563
1447875288
1447874942
1447795159
1447795097
1447792675
1447789820
1447789468
1447787733
1447714225
1447702863
1447702168
1447701816
1447701161
1447537321
1447536628
1447530374
1447530296
1447445645
1447384768
1447384462
1447380617
1447294427
1447282022
1447274296
1447274051
1446999286
1446916745
1446759437
1446759197
1446758579
1446676461
1446675270
1446588128
1446576250
1446575727
1446575429
1446409719
1446409215
1446233643
1446159086
1446065318
1446057924
1445914838
1445903233
1445787152
1445633483
1445459667
1445458474
1445372588
1445194294
1445046308
1445021100
1445020731
1444921822
1444852584
1444517364
1444342422
1444340134
1444339170
1444257779
1444257741
1444162484
1444161882
1444161016
1444077210
1444076737
1444076557
1444069454
1443986519
1443979622
1443387716
1443215012
1443213731
1443131487
1443126921
1442963992
1442961486
1442778734
1442693463
1442692224
1442630266
1442613238
1442609636
1442535977
1442527561
1442357065
1442356609
1442356199
1442166043
1442165273
1441995608
1441844541
1441844177
1441843573
1441799234
1441766861
1441663734
1441662531
1441661806
1441661414
1441557684
1441557236
1441477828
1441420286
1441403204
1441388909
1441313921
1441222705
1441219991
1441128499
1441044635
1440953936
1440854187
1440853439
1440785192
1440784720
1440701524
1440699896
1440699737
1440524795
1440523061
1440440620
1440439612
1440439166
1440288079
1440266505
1440266370
1440185697
1440185392
1439955328
1439834778
1439834487
1439754418
1439672601
1439576105
1439575577
1439568800
1439491568
1439411351
1439410005
1439409533
1439406226
1439237386
1439235496
1439146052
1439145535
1438979087
1438977827
1438810278
1438810075
1438809947
1438809293
1438720560
1438543624
1438543229
1438278384
1438042212
1438025895
1437866211
1437600576
1437506156
1437503106
1437432096
1437425803
1437156097
1437155124
1436827256
1436634806
1436562136
1436560018
1436558831
1436555914
1436477226
1436045745
1436036057
1435960278
1435867858
1435446177
