1618257270
1617941791
1617940515
1617931124
1617927908
1617924575
1617922735
1617854695
1617848455
1617753667
1617753160
1617676125
1617674598
1617673693
1617668748
1617662591
1617661982
1617579055
1617573794
1617489194
1617415630
1617337653
1617335230
1617251358
1617231005
1617151642
1617071317
1616901611
1616900215
1616621978
1616510238
1616216729
1616208276
1616038850
1616037567
1615960907
1615960419
1615960028
1615944262
1615942411
1615872799
1615848980
1615776641
1615599221
1615598162
1615597192
1615530293
1615520852
1615520744
1615520539
1615520464
1615517607
1615509933
1615445178
1615426396
1615424249
1615336199
1615334582
1615255508
1615245917
1615166388
1615085776
1615081274
1614989656
1614973125
1614907817
1614819785
1614729667
1614727019
1614653330
1614646928
1614572326
1614571035
1614545280
1614477443
1614470489
1614469638
1614403105
1614380896
1614298998
1614214666
1614211056
1614210131
1614137022
1614131317
1613958268
1613950536
1613849639
1613796358
1613767019
1613700585
1613607025
1613606056
1613530499
1613441930
1613352104
1613346592
1613274965
1613255284
1613192672
1613178966
1613170349
1612840353
1612831048
1612819837
1612747388
1612743413
1612665310
1612572903
1612571545
1612498141
1612484515
1612410072
1612406907
1612399738
1612329724
1612328081
1612317416
1612314749
1611961790
1611878956
1611871682
1611808696
1611708570
1611702280
1611614181
1611454015
1611452588
1611447232
1611280973
1611277063
1611197391
1611177026
1611113795
1611101470
1611094489
1611086134
1611020292
1611014379
1610940463
1610926104
1610921276
1610672394
1610671258
1610593335
1610569632
1610502225
1610499384
1610497813
1610486272
1610426233
1610410545
1610243266
1610156868
1610154569
1610153244
1610064873
1610064493
1609963222
1609898797
1609892567
1609890691
1609871598
1609792257
1609736380
1609720112
1609716783
1609702604
1609474799
1609469631
1609457104
1609455731
1609454097
1609358768
1609305994
1609295807
1609293067
1609291231
1609187230
1609028384
1608958313
1608935606
1608930238
1608850970
1608849440
1608789799
1608788999
1608696853
1608676525
1608614614
1608600929
1608600600
1608598393
1608519677
1608512657
1608429422
1608340931
1608335583
1608329911
1608272161
1608247112
1608097449
1608069239
1608066430
1608020367
1608015388
1608007461
1607901039
1607899703
1607898149
1607731139
1607646769
1607209188
1606967793
1606952634
1606951704
1606951454
1606886919
1606702397
1606702098
1606628457
1606628028
1606622081
1606607669
1606606539
1606532581
1606451811
1606338806
1606285116
1606283970
1606191076
1606092149
1606091254
1606087185
1606007996
1606001208
1606000298
1605916501
1605899105
1605839602
1605836888
1605809799
1605745987
1605723244
1605723019
1605656627
1605650754
1605638270
1605599482
1605598053
1605570657
1605314699
1605311206
1605306028
1605297486
1605296544
1605244120
1605218588
1605207984
1605070808
1605041425
1604882164
1604880711
1604878001
1604776452
1604769571
1604710492
1604617157
1604616758
1604544198
1604531495
1604530103
1604522138
1604377357
1604362715
1604346224
1604343581
1604275111
1604186231
1604119846
1604106636
1604102943
1604016768
1604012021
1603953684
1603930122
1603924249
1603921243
1603847649
1603836656
1603823815
1603820985
1603757854
1603749650
1603575203
1603570477
1603395098
1603250896
1603236335
1603135783
1603061439
1603041245
1602980508
1602980011
1602904421
1602897157
1602716655
1602707415
1602646484
1602629680
1602628200
1602616074
1602543190
1602539378
1602534438
1602463008
1602459106
1602374520
1602359962
1602203361
1602201483
1602189746
1602087362
1602017322
1601938560
1601936788
1601856775
1601843732
1601698234
1601697805
1601688931
1601596225
1601593275
1601512742
1601511057
1601505562
1601501409
1601437382
1601427965
1601416338
1601338834
1601335547
1601332188
1601251382
1601251107
1601240878
1601224111
1601176853
1601167789
1601165785
1601158442
1601076550
1601012821
1600993333
1600908741
1600829812
1600817675
1600811720
1600747467
1600736777
1600732251
1600729391
1600653293
1600649079
1600543750
1600476962
1600471335
1600452450
1600400435
1600395065
1600391002
1600222168
1600124907
1600123139
1600119160
1600116935
1600111911
1599940961
1599701609
1599602622
1599533198
1599525474
1599249641
1599191716
1599185924
1599099289
1599098884
1599093878
1599009329
1599008128
1599002652
1598925308
1598917835
1598916531
1598753062
1598475421
1598407329
1598392022
1598389315
1598383361
1598340607
1598311756
1598235555
1598229037
1598047196
1597976777
1597631863
1597371114
1597370731
1597364835
1597262579
1597175198
1596935160
1596926231
1596754404
1596654095
1596399576
1596162082
1596065360
1595985008
1595903688
1595897744
1595639224
1595635259
1595618814
1595548749
1595543259
1595484851
1595449401
1595390887
1595370286
1595367347
1595294186
1595274964
1595233071
1595209126
1595202263
1595200008
1595007315
1594873222
1594859583
1594780915
1594715503
1594678629
1594605276
1594520566
1594430994
1594343142
1594242879
1594171338
1594163898
1594078167
1593736704
1593653451
1593650463
1593554765
1593539456
1593484639
1593395860
1593286695
1593219659
1593139796
1593033853
1592875540
1592873922
1592873601
1592704684
1592011464
1592010092
1592009494
1592008527
1591919652
1591733552
1591724316
1591490052
1591403013
1591327757
1591320879
1591310073
1591068686
1590951504
1590802093
1590720910
1590607907
1590540832
1590537762
1590526519
1590457637
1590374651
1590363633
1590274068
1590268715
1590197135
1590111428
1590111061
1590107868
1590019400
1589943554
1589942425
1589939241
1589936735
1589851205
1589767097
1589751798
1589679625
1589677616
1589677160
1589663158
1589589517
1589587385
1589502445
1589411820
1589331988
1589330271
1589329238
1589328281
1589327587
1589160955
1589160594
1589072895
1588898389
1588898249
1588807602
1588737477
1588728232
1588718516
1588639500
1588536539
1588470799
1588442310
1588354768
1588293084
1588292391
1588205886
1588128768
1588119846
1588118074
1588044046
1588036789
1588035831
1587944079
1587863916
1587749324
1587707955
1587691625
1587599776
1587593291
1587260983
1587260673
1587258105
1587172905
1587171635
1587171397
1587170876
1587075956
1586910376
1586909403
1586739565
1586739487
1586658579
1586558525
1586555748
1586475918
1586307580
1586223956
1586219445
1586218886
1586112530
1586047177
1586045699
1585872925
1585796007
1585795440
1585781767
1585780542
1585770759
1585703712
1585431752
1585423944
1585340368
1585184753
1585184389
1585181265
1584837617
1584759856
1584740303
1584657172
1584581064
1584502337
1584414438
1584234917
1584221070
1584151442
1584139195
1584067846
1583979531
1583885221
1583880187
1583796777
1583792470
1583721462
1583698689
1583540906
1583519427
1583463622
1583187218
1583030578
1583012192
1582923766
1582857587
1582853494
1582845762
1582775665
1582758600
1582680660
1582673536
1582655514
1582493761
1582492933
1582429156
1582416532
1582401653
1582335533
1582334900
1582332732
1582254122
1582252748
1582240926
1582153123
1582078966
1582064762
1582062638
1582062151
1581990165
1581990092
1581812465
1581730797
1581654971
1581648222
1581548898
1581535489
1581478176
1581469940
1581293290
1581122556
1581119236
1581115441
1581012854
1580867423
1580850194
1580779077
1580775671
1580590723
1580442015
1580349984
1580339978
1580336477
1580258202
1580002087
1579826903
1579740497
1579567138
1579566391
1579138083
1579135567
1579063832
1579048286
1578879592
1578869964
1578709064
1578697160
1578537378
1578532033
1578526929
1578455701
1578440409
1578419904
1578352121
1578350474
1578265176
1578262922
1578192284
1578182383
1578179766
1577937175
1577921518
1577919401
1577843959
1577583207
1577583150
1577319894
1577318648
1577147765
1576906519
1576906112
1576805562
1576805336
1576803275
1576550718
1576534138
1576297358
1576282657
1575769496
1575671468
1575508312
1575413480
1575148893
1574889487
1574462448
1574459024
1574375009
1574373065
1574288056
1573947663
1573602184
1573519729
1573323256
1573169260
1572907638
