1618136528
1617722280
1617222076
1617189796
1616788036
1616603618
1616165241
1616061698
1615727164
1615464302
1614966630
1614099719
1613592122
1613134123
1613065676
1612473000
1611861576
1611789157
1611763693
1611501478
1611087289
1611003188
1610641678
1609595815
1609533764
1609017867
1607709121
1607261572
1606923338
1606591612
1606489850
1606152730
1605966993
1605640510
1605543420
1605362379
1605301354
1605273082
1605116024
1605031288
1604943587
1604679882
1604671829
1604606843
1604416783
1604332993
1604173281
1604070824
1603924263
1603895049
1603801548
1603579045
1603378664
1603306054
1603233193
1603199630
1603104999
1603061591
1602971379
1602935253
1602928837
1602853234
1602770546
1602680850
1602412034
1602196567
1602173214
1601837955
1601829067
1601568382
1601497653
1601301016
1601119937
1601062767
1601029955
1600966629
1600954529
1600867978
1600800826
1600778640
1600707907
1600627186
1600607424
1600515111
1600441309
1600424322
1600351543
1600267895
1600177285
1600078201
1600008651
1599939792
1599924531
1599845364
1599753232
1599576797
1599420171
1599225870
1598957113
1598879279
1598371773
1597935985
1597675761
1597516483
1597509515
1597479073
1597424039
1597163311
1597059059
1596901612
1596897551
1596821885
1596643530
1596546532
1596367379
1596106975
1595946417
1595862051
1595759466
1595588214
1595524028
1595500385
1595340653
1595335066
1595099430
1595073494
1594916759
1594588535
1594402473
1594393297
1594232085
1594135808
1593859445
1593790134
1593004294
1592645258
1592134414
1591805081
1591379559
1591351557
1591017117
1591016020
1590772941
1589883126
1589807950
1589641442
1589633351
1589023623
1588518905
1588325115
1588091386
1587641980
1586952130
1586775999
1586518983
1586460755
1585761986
1585403431
1585238416
1585234107
1585167016
1585162569
1585147730
1585069864
1584996366
1584811344
1584736866
1584711641
1584649580
1584568159
1584549501
1584297525
1584206562
1584195313
1584110079
1584031900
1583935674
1583868883
1583860566
1583791558
1583767497
1583682535
1583604273
1583589495
1583537423
1583436239
1583356558
1583325997
1583070169
1583017356
1582899508
1582824460
1582801191
1582737186
1582635795
1582531456
1582330469
1581889591
1581779430
1581769140
1581521773
1581445974
1581372703
1581170666
1580481253
1580401423
1580074694
1579908864
1579788524
1578764512
1578172789
1578065709
1577051753
1575742731
1575551278
1574875880
1573160654
1572564946
1572348253
1572297435
1572204101
1572144311
1571754331
1571749333
1571686624
1571602718
1571495030
1571309989
1571300190
1571073382
1571055879
1570879666
1570559571
1570449322
1570307435
1570267941
1570204268
1570128024
1570057195
1570040933
1569957304
1569780558
1569595762
1569540778
1569502014
1569355344
1569096928
1568986816
1568813233
1568375575
1568373937
1568287576
1568199325
1568194746
1568121187
1568119534
1568106722
1568019961
1567975247
1567933518
1567852456
1567693324
1567630432
1567619243
1567448723
1567071375
1566911145
1566826019
1566756365
1566313293
1566248050
1566209042
1566146337
1566121029
1566052277
1565887087
1565818436
1565777149
1565719033
1565371822
1565346590
1565022043
1564741470
1564652421
1564570348
1564506158
1564256031
1563982160
1563901103
1563897319
1563650077
1563384429
1563294146
1563220472
1563217083
1563121361
1563044234
1562839159
1562772197
1562664202
1562591782
1562516082
1562435322
1562317364
1562164236
1561997155
1561912650
1561899596
1561729833
1561558298
1561375830
1561274262
1561229753
1561223952
1561104665
1561049357
