1618077931
1617899107
1617815156
1617474452
1617365436
1616621273
1616431994
1616346497
1616267318
1616198638
1616006356
1615919471
1615569106
1615495277
1615390519
1615314708
1615148573
1615056041
1614968644
1614914174
1614884257
1614801818
1614715568
1614638249
1614538177
1614369012
1614279635
1611353927
1611086249
1610998384
1610931599
1610900168
1609783145
1609602755
1608061773
1607629340
1607294274
1607019348
1606772037
1599927832
1599071176
1598887537
1598823555
1598723988
1598632221
1598550140
1598477980
1598380241
1598293511
1598206269
1596666802
1595363211
1595006616
1594747062
1594571772
1594477804
1594237730
1593956377
1593787351
1593703264
1593617165
1593555617
1593114879
1593039015
1592848111
1592261845
1592159567
1591993639
1591827646
1591561549
1591480650
1591371771
1591286946
1591058410
1590865314
1590770837
1590606383
1590525421
1590440276
1590081096
1589931206
1589838530
1589649778
1589581364
1589493612
1589400855
1589380291
1589298469
1589215049
1589063082
1588975106
1588884058
1588791319
1588694614
1588520932
1588457517
1588438659
1588367555
1588359416
1588281677
1588181961
1588117170
1588103379
1588018111
1587931302
1587925219
1587834256
1587759100
1587749607
1587747480
1587680168
1587674970
1587658835
1587593422
1587511301
1587417284
1587397578
1587325759
1587244240
1587226400
1587140524
1587060388
1586986030
1586890773
1586799720
1586725532
1586705950
1586533814
1586457809
1586377396
1586196036
1586184391
1586120460
1586023912
1585950101
1585763344
1585669094
1585617871
1585435845
1585242848
1585180105
1585150411
1585094997
1585001740
1584910329
1584821093
1584794996
1584628816
1584472304
1584381920
1584321023
1584218339
1584140071
1584030166
1583981165
1583886028
1583858747
1583805866
1583787743
1583685752
1583623492
1583431448
1583354103
1583180745
1583093153
1582943343
1582859025
1582827927
1582658249
1582591727
1582563438
1582510715
1582503774
1582494732
1582126057
1582054933
1581900454
1581452506
1581379098
1580767001
1580664804
1580599282
1580427826
1579997247
1579835499
1579747131
1579567243
1579190354
1579059417
1578882234
1578851963
1578718810
1578417015
1570749524
1569701459
1569000683
1565366800
1564952466
