1618189131
1618102725
1618016325
1617929963
1617670707
1617584546
1617325163
1617238884
1617153702
1617065980
1616723620
1616633950
1616462012
1616374865
1616288405
1616115290
1616031313
1615943524
1615687106
1615592725
1615514314
1615427845
1615343494
1614996581
1614824091
1614736742
1614563992
1614299205
1614046156
1613960529
1613785842
1613700020
1613526905
1613440693
1613181583
1613010719
1612922401
1612663154
1612577316
1612491557
1612317681
1612237792
1611964829
1611712753
1611453530
1611280971
1611023361
1610935113
1610763765
1610589659
1610416839
1610330415
1610157698
1609983627
1609815015
1609727078
1609639231
1609552762
1609468159
1609379986
1609035977
1608868797
1608690420
1608604018
1608518109
1608431185
1608172776
1608085589
1607912771
1607826379
1607740195
1607718387
1607568697
1607476106
1607394382
1607307973
1607221852
1607135271
1607016285
1606875886
1606789583
1606703210
1606616782
1606530351
1606443954
1606357598
1606271175
1606184868
1606098491
1606012110
1605839273
1605810830
1605752833
1605666349
1605579990
1605493614
1605407304
1605304692
1605147939
1605061903
1604975296
1604888760
1604716001
1604629631
1604457682
1604454316
1604370397
1604283967
1604193955
1604021330
1603934813
1603848444
1603761998
1603675648
1603589178
1603503147
1603416770
1603330151
1603243825
1603157415
1603070906
1602984551
1602811714
1602725339
1602640250
1602466199
1602379592
1602293379
1602206873
1602120509
1602034178
1601947698
1601861267
1601775074
1601688718
1601602000
1601515558
1601429223
1601342835
1601256555
1601170015
1601083741
1601053913
1600997331
1600910912
1600824328
1600738109
1600651609
1600565327
1600392526
1600306162
1600219747
1600132351
1600046961
1599961050
1599850683
1599787771
1599701632
1599614999
1599528587
1599442134
1599355620
1599269393
1599182937
1599096526
1599010071
1598923747
1598837381
1598750942
1598664698
1598578154
1598491762
1598405375
1598318937
1598232522
1598146117
1598059832
1597973435
1597887010
1597800552
1597714178
1597627661
1597541533
1597455082
1597368542
1597282112
1597195862
1597109349
1597022958
1596936564
1596849884
1596829804
1596763713
1596677459
1596590972
1596503058
1596418156
1596274537
1596245369
1596158926
1596072619
1595986872
1595899730
1595813356
1595701404
1595640511
1595554298
1595467771
1595381334
1595294988
1595208600
1595114115
1595021955
1594949324
1594862958
1594776605
1594690157
1594603783
1594517345
1594430836
1594344572
1594227743
1594171909
1594085389
1593999087
1593912564
1593826140
1593739721
1593653184
1593566954
1593480526
1593394154
1593307722
1593221363
1593134890
1593048600
1592962180
1592875760
1592789342
1592702964
1592616547
1592530148
1592443746
1592357351
1592270925
1592184520
1592098163
1592011890
1591925325
1591838985
1591752509
1591666192
1591579721
1591493330
1591407040
1591234176
1591061340
1590974979
1590888539
1590802225
1590715773
1590629356
1590542933
1590456582
1590370108
1590293353
1590197351
1590111293
1590024614
1589938199
1589851807
1589765378
1589679026
1589592735
1589506161
1589419735
1589333432
1589247006
1589160794
1589074289
1588987776
1588901420
1588815671
1588728641
1588642225
1588555815
1588469442
1588382978
1588296594
1588210213
1588123828
1588037419
1587951025
1587864610
1587778227
1587691811
1587605421
1587519047
1587432634
1587346184
1587259881
1587173386
1587088033
1587000640
1586914206
1586827804
1586741460
1586655009
1586568622
1586482195
1586395728
1586308898
1586224059
1586136677
1586050095
1585963594
1585877169
1585769394
1585618373
1585532160
1585445696
1585359061
1585271993
1585185285
1585099279
1585015000
1584977122
1584925412
1584754157
1584664606
1584583930
1584486540
1584396396
1584321656
1584233997
1584148109
1584052639
1583956935
1583886871
1583802635
1583789894
1583712476
1583621464
1583538070
1583440948
1583377788
1583344411
1583259573
1583169666
1583020520
1582942950
1582935841
1582870978
1582846022
1582770339
1582751392
1582662765
1582585699
1582490934
1582422994
1582313469
1582241926
1582218270
1582166931
1582138507
1582050248
1581990568
1581964756
1581885673
1581808421
1581788032
1581714316
1581701004
1581650443
1581623780
1581534860
1581461158
1581358349
1581301201
1581267823
1581217309
1581202281
1581135970
1581127589
1581047925
1580961253
1580921007
1580872269
1580858832
1580782348
1580772754
1580682719
1580613896
1580609161
1580525809
1580492339
1580439924
1580354648
1580352178
1580264914
1580177444
1580091745
1580068199
1580008174
1579999621
1579910477
1579877783
1579834842
1579662578
1579575685
1579534192
1579493162
1579488196
1579446004
1579416520
1579144448
1579140687
1579057357
1578969724
1578885434
1578867753
1578797157
1578765912
1578717722
1578714259
1578625127
1578536601
1578449943
1578355234
1578353480
1578281334
1578191989
1578107795
1578025984
1578020376
1577935134
1577847557
1577760228
1577670948
1577586710
1577502559
1577404468
1577225333
1577157419
1577062096
1576975487
1576882679
1576872215
1576803728
1576725245
1576690741
1576619377
1576600801
1576552862
1576454475
1576428750
1576375516
1576345342
1576287152
1576266066
1576203984
1576126153
1576079676
1576029364
1575996915
1575931896
1575862021
1575853180
1575774596
1575758372
1575733185
1575648162
1575591516
1575571265
1575559662
1575476209
1575429618
1575410090
1575401586
1575392299
1575390248
1575383116
1575340474
1575338323
1575316402
1575257492
1575246412
1575225545
1575166401
1575164826
1575164185
1575163723
