1593509309
1593496368
1593495060
1593449109
1593409278
1593400042
1593275236
1593159241
1593053657
1592840326
1592813932
1592749474
1592721171
1592633650
1592586613
1592548015
1592495414
1592484932
1592468193
1592411658
1592369407
1592311667
1592282969
1592277780
1592198268
1592195917
1592146829
1592144643
1592144030
1592126466
1592120917
1592112024
1592058829
1592037497
1592025270
1591967826
1591944505
1591929366
1591892102
1591858586
1591807617
1591807262
1591783645
1591783117
1591768139
1591706070
1591682700
1591590027
1591523516
1591465094
1591431607
1591421395
1591420767
1591375582
1591197547
1591167028
1591113432
1591099156
1591098868
1591098019
1591007684
1590995937
1590995615
1590945829
1590938871
1590909757
1590908473
1590908212
1590853500
1590821044
1590809083
1590764436
1590653237
1590643116
1590564531
1590509193
1590500168
1590492742
1590466297
1590392513
1590384095
1590372324
1590333957
1590316311
1590310082
1590242317
1590201055
1590158599
1590136845
1590133413
1590112800
1590065311
1590056192
1590042074
1590039567
1590039333
1589990545
1589956088
1589789063
1589695405
1589599441
1589540864
1589540692
1589525058
1589469510
1589449948
1589368249
1589182257
1589120387
1589007057
1588948848
1588849683
1588825572
1588748388
1588663796
1588568333
1588518003
1588486863
1588411240
1588398704
1588327342
1588316672
1588222825
1588154409
1588090301
1588054065
1588052244
1587963668
1587915286
1587903223
1587805177
1587713707
1587647855
1587616396
1587544792
1587529085
1587452111
1587379709
1587372405
1587308705
1587295507
1587189025
1587051943
1587014884
1587004557
1586940700
1586744674
1586744577
1586678707
1586605377
1586592296
1586493696
1586451216
1586423226
1586358235
1586165832
1586146383
1586089621
1586063455
1586054539
1586052825
1586014219
1585993798
1585968062
1585927186
1585885523
1585802583
1585794096
1585793720
1585758006
1585754851
1585745685
1585735348
1585731820
1585716029
1585643552
1585639564
1585623756
1585622166
1585580975
1585580773
1585570908
1585570644
1585558859
1585558513
1585498019
1585458194
1585404747
1585377895
1585373136
1585295081
1585280843
1585234049
1585203336
1585200884
1585197987
1585196035
1585194551
1585192998
1585192713
1585192662
1585190184
1585189988
1585189914
1585189859
1585189059
1585152542
1585058989
1585058884
1585048039
1585020471
1585020422
1584980279
1584980141
1584980080
1584973218
1584971226
1584970960
