1618251156
1617744574
1617739639
1617651581
1617400683
1617325826
1617232035
1617219501
1617140503
1616183662
1616033287
1615596674
1615591192
1615419436
1615334469
1615256706
1614740679
1614390653
1614384494
1614223996
1614220403
1614217332
1613955848
1613937684
1613781243
1613680338
1613674786
1613443123
1613009844
1612915020
1612896488
1612810679
1612751719
1612733665
1612542481
1612393859
1612320496
1611783854
1611615348
1611362834
1611193180
1610671836
1610317687
1610312278
1610309810
1610309003
1610235696
1610065188
1610062810
1609980957
1609893981
1609805246
1609706704
1609539894
1609269487
1608922431
1608693256
1608612332
1608594994
1608264449
1608259621
1608258066
1608086140
1607911598
1607709628
1607571448
1607472561
1607399915
1607384697
1607380005
1607289885
1607201738
1607188358
1607127812
1606885918
1606748765
1606706184
1606286312
1606254282
1606095016
1606082153
1605924559
1605841761
1605748675
1605656027
1605572594
1605471556
1605306993
1605155681
1605143371
1604975835
1604787265
1604712106
1604636461
1604444951
1604261148
1604198437
1604179129
1604109543
1604023857
1603921640
1603749284
1603667528
1603504584
1603411733
1603406273
1603320198
1603077769
1602963292
1602897697
1602811831
1602726000
1602635394
1602631093
1602443767
1602381532
1602298754
1602291076
1602055170
1602029499
1601954744
1601942119
1601761131
1601756510
1601695634
1601604730
1601600602
1601451610
1601398912
1601355497
1601252918
1601170073
1601071749
1601062798
1601009570
1600919426
1600917460
1600911757
1600788909
1600741522
1600561994
1600476726
1600468925
1600386703
1600309157
1600270894
1600226732
1600218999
1600134284
1600029494
1599967120
1599943024
1599935575
1599885264
1599868327
1599795532
1599783074
1599694493
1599617779
1599603042
1599513594
1599445371
1599443326
1599348530
1599278631
1599257082
1599187535
1599086384
1599017620
1599007526
1598997126
1598920755
1598661087
1598644759
1598577429
1598568687
1598498275
1598489625
1598422309
1598389828
1598298715
1598221074
1598212601
1598153511
1598130142
1598059048
1597980183
1597894562
1597882957
1597876611
1597796997
1597703664
1597637440
1597539408
1597458180
1597453315
1597448334
1597273568
1597190576
1597116699
1597103762
1597099275
1597030063
1597028514
1597027393
1596915428
1596863530
1596849179
1596768320
1596667835
1596658130
1596651117
1596593488
1596420086
1596418141
1596338635
1596325222
1596254811
1596209532
1596154817
1596150171
1596123401
1596064160
1596056150
1596034862
1595984455
1595958132
1595904207
1595885271
1595883031
1595815224
1595812853
1595722621
1595637856
1595577113
1595466581
1595464493
1595383794
1595373463
1595276632
1595209347
1595105423
1595086394
1595031699
1595028352
1594854155
1594690803
1594686193
1594673925
1594610049
1594516387
1594429227
1594425329
1594335292
1594262076
1594175819
1594164951
1594159576
1593902701
1593821782
1593809043
1593744607
1593663852
1593652642
1593638826
1593564593
1593548419
1593539133
1593478102
1593470715
1593389315
1593385284
1593380007
1593299551
1593282576
1593223072
1593215750
1593213165
1593141058
1593127606
1593124749
1593048955
1593042635
1593006522
1592959737
1592948670
1592944511
1592882461
1592869455
1592860923
1592853934
1592797483
1592779343
1592771119
1592767538
1592714181
1592701017
1592682064
1592680727
1592605442
1592603835
1592534316
1592527557
1592511556
1592449525
1592443444
1592420840
1592361696
1592347399
1592342136
1592281695
1592254786
1592173230
1592097022
1592082655
1592077493
1591921968
1591916362
1591819393
1591818651
1591746556
1591732227
1591728050
1591662093
1591656961
1591653026
1591570542
1591560586
1591482191
1591474912
1591399358
1591321217
1591308933
1591222469
1591221789
1591209203
1591142981
1591057314
1591048679
1591042828
1590896032
1590882144
1590854696
1590807034
1590788269
1590712149
1590705245
1590629632
1590539756
1590531733
1590432521
1590353696
1590282784
1590278600
1590200118
1590188059
1590163670
1590038199
1590022540
1590019394
1589934219
1589856994
1589685220
1589679999
1589678083
1589664827
1589586813
1589502717
1589493600
1589424400
1589341206
1589326455
1589321931
1589246549
1589230011
1589219742
1589159201
1588999891
1588983285
1588899415
1588799209
1588793510
1588724088
1588714400
1588650793
1588643255
1588634951
1588558909
1588534491
1588467913
1588462792
1588378514
1588299090
1588287607
1588190376
1588181660
1588116675
1588028468
1587950563
1587862512
1587675377
1587519483
1587514027
1587337527
1587174561
1587084466
1586915254
1586899941
1586651062
1586479667
1586468957
1586387297
1586046158
1585933809
1585418176
1585360482
1585263958
1585262407
1583203244
1582859857
1582774249
1582751803
1582650198
1582517820
1582418503
1582404618
1581986558
1581799559
1581538666
1580339194
1580337964
1580269450
1579805215
1579564066
1579207891
1579049459
1578795139
1578721574
1578360320
1578354509
1578091708
1578087795
1578014385
1578012668
1577910127
1577489682
1577405652
1576904244
1576898004
1576712836
1576637886
1576628519
1576475918
1576441370
1576207057
1576115694
1575435536
1575178052
1575056434
1575003399
1574731669
1574654228
1574643868
1574625655
1574566687
1574562257
1574557302
1574469841
1574462223
1574380443
1574287543
1574206360
1574127082
1574046860
1574035109
1573933489
1573749741
1573626368
1573537263
1573518444
1573502875
1573433344
1573334657
1573273319
