1618228680
1618133216
1618062408
1617981115
1617877808
1617792089
1617702937
1617617120
1617528697
1617436984
1617352295
1617270364
1617189611
1617102001
1617041822
1617020182
1616925668
1616843334
1616754498
1616671647
1616596918
1616496532
1616412057
1616332685
1616236064
1616150783
1616068210
1615978963
1615893208
1615807998
1615726321
1615630260
1615548029
1615461551
1615377374
1615287893
1615204630
1615114435
1615022214
1614946767
1614863109
1614769540
1614681944
1614596510
1614508668
1614434760
1614339500
1614251247
1614170218
1614076818
1613990452
1613905481
1613810446
1613734337
1613646305
1613558479
1613386989
1613311627
1613292366
1613209386
1613131809
1613040581
1612953504
1612868953
1612781386
1612690481
1612602824
1612522012
1612435793
1612353842
1612262988
1612177779
1612092330
1612009141
1611919772
1611829693
1611752735
1611684508
1611659021
1611572943
1611480436
1611402366
1611315573
1611228290
1611142116
1611053208
1610981707
1610886896
1610790032
1610706276
1610622299
1610535011
1610450783
1610370435
1610279096
1610191715
1610106614
1610023882
1610019524
1609935579
1609929748
1609846773
1609758222
1609676857
1609593285
1609491911
1609233992
1609162986
1609068907
1608988551
1608889423
1608812169
1608795333
1608737048
1608723476
1608544063
1608457759
1608296644
1608218094
1608204509
1608122825
1608046327
1607948162
1607852538
1607787334
1607762347
1607693056
1607617657
1607597604
1607513596
1607424932
1607345601
1607246872
1607160161
1607081715
1606990349
1606924323
1606820457
1606742307
1606557892
1606488017
1606391963
1606221976
1606136414
1605963113
1605876117
1605705190
1605614048
1605527735
1605435872
1605348655
1605268315
1605180489
1605098374
1605024780
1604924516
1604832258
1604737200
1604423480
1604163448
1604144524
1604063280
1603983497
1603913521
1603803044
1603532958
1603463881
1603275706
1603191213
1603104197
1602851477
1602760353
1602672070
1602585920
1602514982
1602160637
1601981326
1601904915
1601641173
1601297403
1601124503
1601034160
1600952150
1600868561
1600787409
1600691728
1600599795
1600511606
1600440786
1600351646
1600259619
1600163889
1600086778
1599994838
1599925389
1599829105
1599740868
1599653005
1599482621
1599379308
1599305725
1599225434
1599137794
1599045764
1598960382
1598882379
1598778757
1598708165
1598691995
1598613307
1598529092
1598441087
1598352263
1598277791
1598182683
1598083293
1598011922
1597919313
1597834514
1597757048
1597661590
1597574361
1597483603
1597400354
1597312721
1597238640
1597156359
1597128546
1597049193
1596896895
1596869638
1596789756
1596726906
1596623903
1596555187
1596471566
1596446292
1596367066
1596315072
1596295283
1596197483
