1618158595
1618074070
1617994075
1617905739
1617825001
1617807725
1617726379
1617380420
1617121787
1616959136
1616883363
1616877147
1616794110
1616781617
1616698681
1616609034
1616438291
1616262399
1616124720
1616005829
1615914539
1615871075
1615759898
1615656219
1615569124
1615481947
1615308313
1615221145
1615126624
1614972592
1614967227
1614790848
1614722143
1614619452
1614533076
1614445232
1614358821
1614280543
1614271408
1614010347
1613856421
1613754574
1613574663
1613497218
1613408848
1613324439
1613235324
1613165643
1613069040
1613062628
1612973505
1612551339
1612459219
1612383755
1612286908
1612117884
1612028038
1611935552
1611765936
1611710086
1611677734
1611593234
1611532389
1611493372
1611420640
1611333174
1611248288
1611171414
1611101543
1611080945
1610993938
1610901001
1610813044
1610726854
1610555443
1610469456
1610390078
1610308947
1610200791
1609957832
1609618206
1609439066
1609260660
1609173057
1609086554
1608999555
1608843360
1608739681
1608641746
1608566564
1608392951
1608300848
1608213431
1608135954
1608120032
1608035169
1607789945
1607710550
1607541021
1607215915
1607110317
1607016040
1606841340
1606754049
1606320788
1606234883
1606166552
1606148849
1606062974
1605976119
1605896658
1605546423
1605459343
1605284108
1605200567
1604937120
1604764129
1604680213
1604448727
1604444436
1604424404
1604251701
1604163182
1604076073
1603732963
1603645338
1603480183
1603216767
1603125740
1602693027
1602618550
1602521382
1602268817
1602100839
1601325814
1601062109
1600801704
1600541446
1600360415
1600282186
1600199714
1600184626
1600111569
1600021687
1599850604
1599767129
1599675363
1599580604
1599507930
1599420868
1599332888
1598815842
1598729657
1598635765
1598294528
1597946382
1597517349
1597428015
1597181319
1596901550
1596740845
1596654682
1596483251
1596303752
1595963918
1595795704
1595766013
1595692200
1595366391
1595011773
1594748995
1594659619
1594579484
1594403980
1594319036
1594238636
1593972181
1593879983
1593529019
1593373254
1593301638
1593267798
1593195844
1593106820
1592935168
1592932017
1592843112
1592681820
1592587811
1592504125
1592410213
1592336093
1592246338
1592107727
1591987161
1591817907
1591721734
1589225028
1587757226
1587159901
1586965906
1586714277
1586623958
1585951203
1585853615
1584824065
1584724318
1584398567
1583872384
1583600309
1583518152
1583364988
1583337761
1583303518
1583183521
1583069616
1583044743
1582924952
1582897484
1582395031
1582336190
1582307356
1581995700
1581629463
1581197473
1581103886
1581100540
1580931430
1580848605
1580835250
1580666513
1580596389
1580490596
1580238130
1580161509
1580057833
1579811238
1579785599
1579628798
1579618318
1579537701
1579457700
1579377911
1579208882
1579097011
1579031531
1578949374
1578930903
1578850736
1578697718
1578524875
1578448413
1578348710
1577815910
1577385003
1577274330
1577223493
1577207191
1576888983
1576881482
1576800902
1576701573
1576626728
1576543692
1576439686
1576191260
1576084129
1575662604
1575073047
1575064336
1575054577
1574897043
1574624184
1574531923
1574440530
1574262357
1574088169
1574045779
1574010017
1573757548
1573745688
1573541189
1573408377
1573264408
1572736842
1572718279
1572651606
1572555293
1572462778
1572367318
1572301354
1572183797
1572078907
1571958989
1571615148
1571334628
1571010267
1570826765
1570553148
1570501512
1570459875
1570056996
1569456002
1569181928
1568942361
1568850319
1568584120
1568071985
1567692512
1566655358
1566407523
1566397551
1566217534
1565641308
1564676347
1564416973
1564188039
1564075119
1563926823
1563012655
1562548537
1562376300
1562339835
1561062390
1560634531
1560115500
1559957404
1559665767
1558729437
1558579174
1558202774
1557872357
1557694318
1557076205
1556550225
1555716728
1555440250
1555356941
1554997060
1553987257
1553904356
1553609300
1553376141
1553016821
1552079672
1549721112
1547340690
