1593337879
1593337117
1593252807
1593252477
1592988276
1592578278
1592462336
1592355283
1592354625
1592309168
1592241190
1592225178
1592225116
1592224952
1592209650
1592192496
1592116691
1592102158
1592102132
1592085936
1592052356
1592043505
1591939587
1591877920
1591876938
1591833665
1591808407
1591765335
1591674453
1591672361
1591672312
1591621496
1591614814
1591607712
1591584092
1591583726
1591493416
1591493253
1591455563
1591430447
1591414462
1591414355
1591360209
1591359978
1591318101
1591317924
1591276396
1591264898
1591249201
1591183926
1591170452
1591168497
1591156042
1591107456
1591098732
1591098378
1591061868
1591059818
1591011924
1590994358
1590992577
1590932801
1590919075
1590910477
1590910273
1590838711
1590826854
1590811401
1590811271
1590811141
1590761043
1590743394
1590725092
1590672241
1590670844
1590670345
1590634458
1590589969
1590502759
1590469201
1590419701
1590418360
1590379344
1590333194
1590291957
1590247525
1590234559
1590234456
1590222776
1590212599
1590062162
1589891660
1589886108
1589883702
1589854908
1589801044
1589779307
1589715712
1589624771
1589517198
1589507446
1589452041
1589450353
1589416319
1589376552
1589366039
1589337784
1589294606
1589285069
1589282226
1589266704
1589101631
1589029937
1589029779
1588948015
1588924674
1588845348
1588808101
1588775017
1588759974
1588727112
1588719764
1588688326
1588595711
1588553643
1588553605
1588553239
1588522570
1588512515
1588511823
1588511294
1588475023
1588427419
1588420134
1588416103
1588245722
1588219596
1588043366
1588043225
1588042671
1587985391
1587919507
1587901548
1587893782
1587888422
1587835393
1587811475
1587733311
1587705607
1587705485
1587663864
1587651163
1587628777
1587628632
1587570388
1587539005
1587481752
1587475350
1587472847
1587451794
1587382957
1587370882
1587298822
1587298422
1587297896
1587286562
1587207469
1587193304
1587192803
1587124612
1587119965
1587107526
1587038991
1587035196
1587025306
1587021533
1587021440
1587021345
1587021117
1586982367
1586954205
1586953774
1586953061
1586940952
1586926896
1586926857
1586872121
1586865244
1586779326
1586766464
1586765857
1586690091
1586674340
1586657727
1586657350
1586608323
1586598312
1586591043
1586534894
1586531000
1586523019
1586522962
1586418454
1586418254
1586418143
1586362797
1586267099
1586266617
1586251573
1586070183
1586069966
1586004637
1585977615
1585919682
1585918866
1585912246
1585895368
1585839189
1585834053
1585832582
1585824332
1585824205
1585750514
1585633320
1585532494
1585487951
1585486458
1585461804
1585391120
1585387461
1585387284
1585379302
1585316774
1585307718
1585227448
1585147388
1585112701
1585040316
1584941184
1584892394
1584891962
1584860621
1584860092
1584804024
1584771941
1584771226
1584754698
1584704264
1584703266
1584700661
1584696381
1584693852
1584629142
1584613227
1584519333
1584458403
1584417695
1584364361
1584361105
1584360253
1584355780
1584338707
1584265029
1584253525
1584248084
1584185630
1584184568
1584164967
1584163277
1584100348
1584099846
1584092225
1584084315
1584084137
1584079791
1584014628
1584010583
1583992586
1583986444
1583930432
1583918997
1583906711
1583906376
1583906108
1583890545
1583823989
1583823536
1583822719
1583820667
1583768695
1583768552
1583768438
1583768341
1583768240
1583746559
1583746328
1583745674
1583725914
1583724788
1583724568
1583671794
1583670376
1583660940
1583646360
1583646085
1583587568
1583587301
1583578389
1583548627
1583548404
1583543688
1583516693
1583069506
1582856832
1582825550
1582544157
1582543878
1582208226
1581922942
1581894062
1581841529
1581805890
1581600926
1581490099
1581441587
1581441077
1581270791
1581199976
1581024335
1581022883
1580805185
1580733573
1580557851
1580542072
1580446536
1580446355
1580304671
1580298872
1580297475
1580201611
1580146830
1580114234
1580113893
1579955331
1579871037
1579698855
1579698559
1579698418
1579609828
1579452773
1579450098
1579365100
1579247911
1578661286
1578659842
1578657080
1578248965
1578117477
1578117352
1578086933
1577656713
1577634317
1577427262
1577193272
1577121084
1577018186
1577011086
1576931147
1576822834
1576822130
1576678323
1576475725
1576393346
1576302554
1576270125
1576239297
1576204604
1576130652
1576081617
1576071863
1576061098
1576057063
1576023052
1575964068
1575959439
1575918918
1575871486
1575821554
1575810577
1575803185
1575791517
1575791382
1575782412
1575780398
1575710256
1575695231
1575694666
1575653190
1575520009
1575514356
1575471847
1575470385
1575451267
1575448721
1575399540
1575370949
1575094515
1575028307
1575009066
1574995400
1574995275
1574967147
1574927454
1574917180
1574907196
1574907042
1574873534
1574833704
1574661213
1574596932
1574596436
1574596342
1574528294
1574522988
1574506466
1574483764
1574455424
1574377151
1574330896
1574312761
1574261142
1574224857
1574180618
1574173780
1574158611
1574139029
1574138708
1574138667
1574087137
1574080867
1574080253
1574002651
1573954567
1573928824
1573888990
1573880835
1573875480
1573875392
1573844803
1573787538
1573787458
1573786359
1573786268
1573755419
1573752748
1573750086
1573725466
1573656526
1573629221
1573629074
1573587710
1573587414
1573575479
1573468153
1573399281
1573399193
1573388343
1573317694
1573317418
1573310223
1573299060
1573298471
1573288094
1573104264
1573068412
1573053640
1573044672
1573026128
1573025721
1572978665
1572974679
1572958629
1572922079
1572921776
1572892853
1572875546
1572874128
1572871447
1572851249
1572848085
1572843018
1572805979
1572797978
1572796972
1572792140
1572788729
1572773231
1572772723
1572756746
1572745329
1572740436
1572709552
1572702124
1572701981
1572612479
1572612376
1572605722
1572576050
1572575841
1572575739
1572538667
1572505596
1572494466
1572409189
1572375422
1572322599
1572322512
1572322402
1572206261
1572201329
1572185972
1572169426
1572124530
1572108737
1572107454
1572106935
1572078627
1572066006
1572065313
1572004389
1572003957
1572001759
1571894332
1571892724
1571859602
1571710171
1571675633
1571672825
1571662620
1571616939
1571582014
1571549170
1571539273
1571539139
1571506677
1571475391
1571468020
1571464454
1571377551
1571374196
1571374123
1571313890
1571282125
1571274398
1571218576
1571212350
1571210476
1571161050
1571150055
1571141949
1571122565
1571035480
1571035320
1571034580
1570991520
1570973146
1570960303
1570944638
1570902815
1570853110
1570850063
1570805282
1570799101
1570783179
1570773910
1570773733
1570712525
1570702877
1570698923
1570671832
1570671518
1570635422
1570617617
1570611346
1570601532
1570596977
1570596075
1570592958
1570587229
1570535092
1570507158
1570482194
1570437700
1570426957
1570355402
1570344879
1570344726
1570342068
1570268622
1570264213
1570253948
1570246195
1570160883
1570128167
1570105014
1570097832
1570093004
1570069129
1570034627
1570033137
1570004128
1569986432
1569959806
1569946468
1569934886
1569924235
1569901914
1569850759
1569850742
1569842519
1569829632
1569806818
1569806747
1569759949
1569748784
1569747108
1569734887
1569726623
1569695589
1569684827
1569678811
1569652033
1569636979
1569634551
1569634258
1569570256
1569564450
1569557718
1569477283
1569474256
1569449075
1569414335
1569402167
1569386365
1569327224
1569299203
1569291250
1569245385
1569223976
1569208299
1569202362
1569201966
1569140150
1569117058
1569056821
1569035349
1568993329
1568992945
1568984185
1568951467
1568937553
1568905303
1568797275
1568792949
1568713333
1568691920
1568691125
1568619518
1568618560
1568586275
1568570324
1568565351
1568561661
1568537307
1568389402
1568378699
1568358772
1568313768
1568278445
1568275780
1568263799
1568209341
1568199633
1568188549
1568177416
1568132794
1568110776
1568107477
1568043461
1567996769
1567996694
1567927115
1567903535
1567880790
1567871526
1567833783
1567790806
1567787595
1567777580
1567755859
1567672491
1567663732
1567616287
1567589221
1567572267
1567571768
1567525767
1567517005
1567504463
1567489350
1567453127
1567426732
1567422321
1567412739
1567404809
1567400553
1567351396
1567325790
1567315993
1567280398
1567249813
1567232878
1567188071
1567146415
1567142132
1567114073
1567079918
1567070411
1567069433
1567006569
1566998209
1566996279
1566994091
1566960636
1566960374
1566945805
1566924219
1566917175
1566914757
1566872223
1566872024
1566871962
1566833810
1566829285
1566819217
1566729855
1566703418
1566703318
1566628190
1566596630
1566537815
1566488810
1566469432
1566464236
1566464112
1566437627
1566387687
1566375177
1566362624
1566362563
1566316448
1566291418
1566208705
1566208476
1566189475
1566189445
1566129663
1566126646
1566109028
1566093263
1566092931
1566046961
1566043018
1566024757
1566023030
1565977874
1565934034
1565933627
1565931690
1565873590
1565845289
1565843302
1565791030
1565754241
1565749817
1565703362
1565674942
1565615890
1565613830
1565606166
1565593271
1565532140
1565508402
1565436316
1565421216
1565421071
1565413129
1565345861
1565344931
1565331004
1565254332
1565250225
1565188897
1565174550
1565173882
1565162389
1565146063
1565145134
1565144837
1565090441
1565088793
1565076065
1565073013
1565072293
1565014411
1565002754
1565002449
1565002265
1565000239
1564935713
1564913382
1564892496
1564892011
1564891067
1564835789
1564831267
1564811384
1564805697
1564765992
1564738357
1564671573
1564637963
1564636776
1564636718
1564636612
1564565985
1564564657
1564560751
1564494836
1564384941
1564383781
1564321653
1564316911
1564307904
1564297491
1564150281
1564148713
1564148460
1564148367
1564146039
1564140559
1564135862
1564132857
1564046821
1564030362
1564030171
1564030015
1563953548
1563950945
1563872259
1563872119
1563852898
1563852803
1563852179
1563795291
1563794929
1563792119
1563772472
1563771991
1563706844
1563705985
1563686423
1563686254
1563671936
1563634267
1563613690
1563583128
1563583022
1563582767
1563541898
1563536810
1563528646
1563526215
1563514681
1563456186
1563443935
1563441744
1563440711
1563431267
1563429826
1563424382
1563363695
1563363495
1563358244
1563354037
1563351339
1563349349
1563336860
1563279631
1563258890
1563252788
1563244459
1563234316
1563200054
1563167766
1563166524
1563166392
1563107662
1563105394
1563073498
1563004667
1563003430
1563002527
1562986567
1562917221
1562893107
1562892739
1562851610
1562849043
1562831351
1562798546
1562751774
1562742845
1562742483
1562733801
1562733646
1562733254
1562646383
1562646233
1562584462
1562506930
1562502233
1562501230
1562474737
1562419410
1562415634
1562386942
1562329147
1562327252
1562327231
1562326729
1562309441
1562307478
1562294266
1562248217
1562245544
1562242529
1562220921
1562216097
1562215913
1562165304
1562140601
1562139392
1562138823
1562138389
1562131344
1562126086
1562077954
1562063180
1562061774
1562058980
1562058760
1562045490
1562045206
1561970518
1561958307
1561958179
1561957561
1561903610
1561895331
1561892754
1561883339
1561872865
1561872249
1561871993
1561796884
1561790612
1561787938
1561783333
1561774665
1561731260
1561709139
1561693577
1561689579
1561643690
1561618883
1561616120
1561572884
1561554749
1561554596
1561537849
1561528021
1561465639
1561465366
1561374659
1561300463
1561274652
1561259416
1561252525
1561203035
1561193227
1561177647
1561173595
1561173479
1561120234
1561108504
1561102495
1561102371
1561098484
1561089837
1561089368
1561089167
1561036409
1561013156
1561004015
1561003378
1560955171
1560945880
1560944779
1560943387
1560929686
1560912701
1560868386
1560859283
1560846569
1560845834
1560845691
1560838930
1560836302
1560831555
1560831207
1560786309
1560785935
1560750455
1560715317
1560675093
1560658427
1560658383
1560601540
1560589910
1560587899
1560572367
1560522008
1560519634
1560518498
1560494944
1560420510
1560347342
1560302476
1560257138
1560253079
1560244098
1560234038
1560216709
1560216655
1560167673
1560165450
1560162186
1560142824
1560083099
1560082823
1560049487
1559999582
1559982086
1559969766
1559969388
1559910326
1559890605
1559881962
1559824590
1559798065
1559791934
1559725821
1559721125
1559717055
1559716837
1559716728
1559699943
1559662897
1559642982
1559642262
1559553367
1559553204
1559482810
1559481245
1559291955
1559283474
1559214905
1559214796
1559043328
1559040917
1559019076
1559014860
1558962702
1558956000
1558951412
1558932295
1558873549
1558846492
1558846355
1558787175
1558782530
1558781858
1558760061
1558759819
1558530774
1558509621
1558506464
1558408417
1558404823
1558357229
1558356725
1558269949
1558259364
1558251317
1558228420
1558175713
1558153175
1558152940
1558058915
1558053518
1558052868
1557997021
1557994059
1557993787
1557980992
1557979801
1557979092
1557978696
1557902853
1557898502
1557894781
1557892855
1557824080
1557800901
1557671441
1557644682
1557643900
1557569428
1557401063
1557292364
1557287401
1557235387
1557232799
1557183370
1557136822
1557127133
1557121904
1557119160
1557065834
1557057192
1557044906
1557041068
1556966436
1556958806
1556939180
1556889126
1556861571
1556859144
1556848829
1556806367
1556791734
1556782653
1556778311
1556773184
1556759156
1556710657
1556692380
1556683733
1556683528
1556624076
1556615325
1556613549
1556605505
1556604825
1556599172
1556593084
1556544571
1556540958
1556534767
1556507909
1556466732
1556431852
1556430778
1556428555
1556418595
1556365041
1556364892
1556346338
1556291282
1556288335
1556265751
1556260116
1556253571
1556202652
1556180559
1556180338
1556167519
1556167455
1556120784
1556103736
1556082133
1556032050
1556019460
1555991935
1555991828
1555937469
1555936989
1555933084
1555932751
1555922400
1555913199
1555904743
1555904478
1555860223
1555845289
1555842779
1555830527
1555828309
1555818894
1555818825
1555772063
1555762534
1555761447
1555761294
1555746011
1555730975
1555730688
1555686372
1555678601
1555677564
1555675185
1555674793
1555669863
1555649013
1555600345
1555589980
1555585181
1555585044
1555572833
1555568591
1555567431
1555504648
1555501995
1555501949
1555471497
1555416602
1555403245
1555401918
1555396301
1555395745
1555393208
1555387081
1555328159
1555327938
1555322148
1555321780
1555310601
1555257403
1555248060
1555230314
1555212708
1555163064
1555154228
1555149294
1555149197
1555148841
1555140358
1555068465
1555047948
1555039779
1554971149
1554957939
1554956839
1554905733
1554901313
1554892926
1554892765
1554877343
1554823849
1554802914
1554792393
1554792219
1554785540
1554728798
1554722672
1554721296
1554703282
1554703021
1554634325
1554632360
1554618579
1554618527
1554555425
1554554232
1554544470
1554544096
1554538644
1554519149
1554514834
1554511763
1554463385
1554457918
1554454263
1554392155
1554373990
1554369294
1554368246
1554360156
1554352510
1554303899
1554268020
1554214373
1554135105
1554123711
1554106331
1554104073
1554080753
1554031075
1554025558
1554025181
1554017430
1554015935
1554004096
1554000185
1553966189
1553951825
1553951083
1553938524
1553938444
1553938362
1553913821
1553876772
1553868722
1553865995
1553865447
1553848494
1553795421
1553750835
1553740066
1553739373
1553692437
1553679791
1553679148
1553677077
1553673183
1553672600
1553669577
1553659541
1553620488
1553614098
1553605863
1553601400
1553593886
1553575393
1553574259
1553572743
1553550181
1553527316
1553521468
1553512577
1553510002
1553509838
1553492675
1553482810
1553482604
1553482159
1553440832
1553427602
1553423372
1553418633
1553403929
1553396443
1553396277
1553352268
1553343311
1553329178
1553310315
1553227603
1553226021
1553179863
1553178598
1553159093
1553147785
1553146670
1553144491
1553081413
1553076371
1553072213
1553068614
1553067004
1553060154
1553054612
1553013807
1553001276
1553000469
1552989686
1552988729
1552980079
1552910190
1552908265
1552906830
1552880773
1552817392
1552816850
1552814429
1552801984
1552801760
1552642260
1552637500
1552630378
1552629369
1552563608
1552563090
1552550100
1552538188
1552537782
1552478401
1552467109
1552463783
1552446673
1552446442
1552375894
1552365351
1552361862
1552304093
1552272491
1552272211
1552272051
1552239434
1552213006
1552209766
1552186065
1552185896
1552185162
1552134945
1552131401
1552126693
1552114959
1552113624
1552043093
1552035774
1552026742
1552024416
1551958368
1551951779
1551947333
1551943141
1551929409
1551929343
1551871939
1551864570
1551862885
1551792759
1551791946
1551791442
1551787668
1551707890
1551704884
1551683159
1551672188
1551624387
1551617245
1551613231
1551603178
1551577191
1551529165
1551528478
1551528384
1551527857
1551526556
1551499542
1551451416
1551437960
1551433905
1551433375
1551355635
1551334218
1551267850
1551261277
1551238150
1551177025
1551175721
1551158483
1551158156
1551096227
1551094481
1551093601
1551091760
1551064152
1551013538
1551008367
1551002522
1551001861
1550988722
1550988424
1550935578
1550926573
1550925773
1550921856
1550919009
1550914649
1550897917
1550836231
1550761700
1550745682
1550745483
1550740729
1550596519
1550584551
1550575673
1550567119
1550566109
1550527143
1550496446
1550481838
1550405721
1550403232
1550400997
1550309110
1550289220
1550240005
1550231312
1550229938
1550220976
1550205044
1550154128
1550137804
1550131339
1550119263
1550060528
1550060144
1550059925
1549884492
1549873923
1549861279
1549812123
1549795946
1549794929
1549785810
1549781108
1549768271
1549768102
1549703593
1549702959
1549674814
1549636945
1549540256
1549527085
1549521558
1549503778
1549446976
1549436203
1549432519
1549429129
1549307273
1549264613
1549261979
1549179340
1549103224
1549074367
1549015714
1548958457
1548954751
1548820315
1548758883
1548753287
1548581316
1548552274
1548423026
1548307586
1548300217
1548223895
1548207856
1548042799
1547999169
1547863302
1547805719
1547791506
1547782232
1547767704
1547651565
1547468573
1547460076
1547378401
1547283813
1547275351
1547275258
1547110495
1546979606
1546970876
1546969563
1546965646
1546961717
1546887177
1546852325
1546692833
1546685130
1546601380
1546541107
1546516277
1546333031
1545653668
1545513535
1545396548
1545396420
1545394894
1545300405
1545299865
1545221662
1545165321
1545139691
1545139104
1545137781
1545089832
1545088937
1545086802
1545085344
1545080566
1544992035
1543060333
1542449529
