1618233042
1618230140
1618225433
1618221805
1618218321
1618177215
1618081643
1618075097
1618069994
1618026990
1618016565
1617994687
1617973254
1617969883
1617966017
1617962541
1617958743
1617926507
1617909448
1617887233
1617883787
1617880181
1617877215
1617873412
1617841715
1617829625
1617823274
1617800779
1617797601
1617794127
1617789864
1617786112
1617764086
1617757649
1617748343
1617739355
1617714399
1617710965
1617706639
1617704918
1617699873
1617671209
1617662123
1617628106
1617624612
1617621209
1617617115
1617613603
1617553379
1617488057
1617476596
1617472745
1617368959
1617365341
1617361404
1617357594
1617354424
1617306573
1617282102
1617278669
1617275279
1617271417
1617267775
1617195717
1617192259
1617188706
1617185064
1617181216
1617132982
1617109238
1617102195
1617098463
1617095353
1617088681
1617069648
1617061191
1617037381
1617023081
1617019393
1617008567
1616767237
1616764046
1616760295
1616756572
1616752863
1616680927
1616677363
1616674866
1616670299
1616666654
1616594479
1616590971
1616587336
1616583675
1616580212
1616533930
1616525684
1616508006
1616501090
1616497569
1616493750
1616446921
1616436293
1616432100
1616422094
1616418076
1616414654
1616410973
1616407277
1616370494
1616351077
1616253537
1616188852
1616181110
1616162893
1616158928
1616155397
1616151778
1616148180
1616100833
1616095532
1616076238
1616072597
1616068874
1616065393
1616061782
1616015834
1616008020
1616002808
1615989704
1615986383
1615982816
1615979006
1615975648
1615940042
1615930781
1615923543
1615917676
1615903352
1615899678
1615896132
1615892567
1615888811
1615849899
1615839702
1615834080
1615830728
1615816932
1615813298
1615809756
1615806168
1615802554
1615764796
1615758187
1615740420
1615682216
1615661002
1615656168
1615585720
1615575728
1615567671
1615557916
1615554189
1615550610
1615546846
1615543346
1615506271
1615496686
1615489466
1615485900
1615467654
1615464085
1615460667
1615456985
1615404465
1615399603
1615384898
1615381511
1615378277
1615374062
1615370397
1615343061
1615332962
1615320933
1615318355
1615310600
1615298545
1615295043
1615291415
1615287945
1615284369
1615253660
1615231872
1615225750
1615211997
1615208622
1615205359
1615201784
1615197870
1615149284
1615068471
1615051059
1614992982
1614977304
1614967285
1614956295
1614953327
1614945651
1614942352
1614867705
1614863919
1614859656
1614856235
1614851902
1614827919
1614811415
1614804359
1614797822
1614780836
1614776601
1614772961
1614769574
1614765857
1614712482
1614694089
1614690082
1614686816
1614683164
1614679531
1614664083
1614654104
1614627313
1614618906
1614607994
1614603669
1614600981
1614596554
1614593043
1614550570
1614532495
1614455122
1614369616
1614348350
1614344890
1614341495
1614337444
1614334416
1614283038
1614261827
1614259072
1614254516
1614251467
1614248029
1614205278
1614202101
1614192921
1614171880
1614167981
1614164791
1614161503
1614106040
1614088741
1614085619
1614081736
1614078117
1614074627
1614044660
1614038342
1614024359
1614003923
1613999707
1613995492
1613991173
1613988379
1613946697
1613941591
1613928916
1613868149
1613849293
1613786450
1613770662
1613754231
1613744224
1613739756
1613736396
1613732518
1613728954
1613705001
1613680063
1613671517
1613657890
1613654020
1613650234
1613646092
1613642856
1613614271
1613595536
1613588661
1613582422
1613570783
1613566865
1613563793
1613559633
1613556642
1613537696
1613513549
1613506189
1613498384
1613486767
1613483108
1613475618
1613470323
1613441743
1613425477
1613419697
1613340161
1613325916
1613235727
1613164395
1613156538
1613154346
1613138581
1613134932
1613131660
1613128044
1613124355
1613074347
1613051689
1613048445
1613045046
1613038294
1613005224
1612997795
1612987872
1612968037
1612964173
1612960300
1612956302
1612951761
1612916879
1612904440
1612897249
1612880085
1612872220
1612831894
1612815141
1612810935
1612796251
1612794166
1612789702
1612786118
1612781721
1612778966
1612743813
1612735656
1612727979
1612720386
1612665629
1612650047
1612638323
1612578271
1612552676
1612544569
1612533352
1612529827
1612526148
1612522555
1612520181
1612485436
1612470133
1612464760
1612445571
1612443458
1612440242
1612436944
1612433069
1612409513
1612383097
1612371741
1612358941
1612353913
1612350230
1612347078
1612323324
1612303015
1612293910
1612270696
1612266931
1612263525
1612259943
1612207939
1612191174
1612184857
1612180982
1612177478
1612174057
1612163405
1612148480
1612143919
1612132502
1612123943
1612113390
1612064117
1612040785
1612030040
1612025753
1611966673
1611958994
1611928432
1611925187
1611921438
1611917963
1611915129
1611878353
1611868716
1611864127
1611843831
1611840206
1611835945
1611832473
1611828540
1611790490
1611782930
1611775940
1611756267
1611749374
1611745657
1611741887
1611720207
1611701733
1611682728
1611670959
1611667513
1611663129
1611659230
1611655450
1611642801
1611609633
1611602088
1611593832
1611590385
1611586862
1611583123
1611579591
1611535081
1611527407
1611517613
1611510352
1611485134
1611446372
1611440280
1611421653
1611359946
1611345534
1611331047
1611328291
1611323878
1611274667
1611260270
1611252067
1611239486
1611235230
1611230725
1611226875
1611223271
1611197247
1611170609
1611164958
1611148706
1611144890
1611136686
1611113957
1611108745
1611104075
1611086614
1611083040
1611072074
1611066982
1611059308
1611051007
1611010754
1611007748
1611003794
1610996214
1610980104
1610976696
1610972044
1610968315
1610964894
1610935519
1610922542
1610918690
1610911583
1610902974
1610825374
1610748975
1610737382
1610730119
1610723343
1610719104
1610714021
1610708959
1610704727
1610683844
1610667445
1610659544
1610652916
1610634930
1610631346
1610627609
1610622301
1610546751
1610542561
1610538822
1610535498
1610531522
1610460248
1610456790
1610453426
1610449754
1610446398
1610401981
1610374285
1610370445
1610366103
1610362711
1610359521
1610349744
1610343994
1610328567
1610316871
1610241479
1610226475
1610219258
1610170224
1610143309
1610122524
1610117875
1610113453
1610103836
1610102127
1610064102
1610056788
1610052423
1610033124
1610028294
1610024825
1610021361
1610017677
1610014421
1609996484
1609970854
1609957837
1609947654
1609943535
1609939847
1609934681
1609931583
1609928041
1609896020
1609883405
1609877227
1609861706
1609852520
1609848116
1609844360
1609840736
1609812135
1609802251
1609790987
1609788135
1609769909
1609766366
1609761959
1609755353
1609701235
1609689738
1609636112
1609621779
1609616617
1609527868
1609423123
1609420283
1609415921
1609412746
1609409240
1609389916
1609366749
1609363620
1609358471
1609351585
1609339076
1609335303
1609327654
1609322841
1609291867
1609282191
1609276674
1609268686
1609247782
1609244075
1609239788
1609236511
1609217460
1609207261
1609193276
1609186691
1609182212
1609125459
1609103628
1609099818
1609093112
1609042609
1609038199
1609032756
1609025862
1609020409
1609017437
1609009350
1608822257
1608818163
1608815242
1608812004
1608808241
1608738765
1608733067
1608729661
1608725093
1608720871
1608715804
1608700859
1608678827
1608674679
1608670714
1608660118
1608642261
1608638581
1608635005
1608631320
1608603034
1608594910
1608592494
1608588602
1608580510
1608576858
1608559342
1608556247
1608552903
1608548905
1608545077
1608542566
1608521920
1608507497
1608502996
1608498593
1608421666
1608414116
1608410325
1608404441
1608359463
1608333155
1608328637
1608326087
1608306509
1608302425
1608290413
1608284521
1608246310
1608242480
1608239819
1608235364
1608232006
1608216537
1608212680
1608208805
1608205390
1608199728
1608152657
1608146433
1608127282
1608120417
1608116521
1608095003
1608074102
1608062803
1608041767
1608037257
1608029595
1607995426
1607979766
1607976054
1607969241
1607955706
1607951626
1607947407
1607943595
1607939473
1607929204
1607906230
1607893182
1607890638
1607868167
1607814788
1607808479
1607803364
1607799978
1607755405
1607724139
1607692652
1607689268
1607685430
1607649101
1607639661
1607635814
1607627594
1607623535
1607612484
1607605648
1607602942
1607599314
1607571232
1607555437
1607551317
1607547740
1607544198
1607536902
1607525008
1607519549
1607515819
1607511644
1607508392
1607488467
1607473303
1607464862
1607457669
1607436495
1607433277
1607425747
1607421617
1607404605
1607378808
1607375012
1607368183
1607364270
1607349163
1607345856
1607340851
1607296743
1607292922
1607289232
1607285810
1607281212
1607266765
1607221615
1607207375
1607203177
1607198466
1607144714
1607130279
1607119287
1607114476
1607108496
1607095584
1607090960
1607085078
1607081024
1607076347
1607057203
1607047391
1607036463
1607029981
1607026430
1607004206
1607000474
1606997957
1606992831
1606989110
1606961477
1606949953
1606939383
1606935587
1606921335
1606917642
1606914548
1606910534
1606906567
1606902910
1606886033
1606882111
1606869259
1606860265
1606856851
1606852798
1606849880
1606831485
1606828308
1606825134
1606820893
1606816434
1606804586
1606800285
1606789623
1606777140
1606770694
1606759278
1606716963
1606710080
1606691451
1606683896
1606676454
1606618825
1606604922
1606597370
1606586511
1606547788
1606534478
1606516547
1606512996
1606435658
1606418074
1606411288
1606399678
1606395923
1606391860
1606388578
1606361069
1606351261
1606314347
1606311999
1606305604
1606302249
1606299366
1606275324
1606263512
1606252340
1606244828
1606242793
1606226446
1606223322
1606219829
1606215882
1606212058
1606180671
1606169090
1606166317
1606162687
1606139894
1606136848
1606129269
1606125971
1606089900
1606082509
1606077708
1606068260
1606027703
1606017937
1606007481
1606000755
1605993224
1605988926
1605981822
1605935376
1605890126
1605884391
1605874797
1605870680
1605866194
1605833202
1605826907
1605823220
1605819513
1605816781
1605808559
1605805386
1605791571
1605787312
1605784785
1605783864
1605781822
1605759230
1605747980
1605737943
1605729814
1605726048
1605719195
1605708758
1605704675
1605700810
1605693546
1605681452
1605671690
1605665391
1605653531
1605643069
1605636092
1605632814
1605622005
1605618190
1605614843
1605611880
1605606951
1605587082
1605583106
1605577869
1605562178
1605557642
1605553724
1605550678
1605546437
1605536032
1605531860
1605528498
1605525164
1605521670
1605500547
1605493820
1605488816
1605485068
1605481058
1605473844
1605470567
1605467705
1605463537
1605410267
1605400842
1605397044
1605380561
1605376710
1605373581
1605319293
1605312282
1605305056
1605301436
1605297673
1605294312
1605276296
1605272094
1605268446
1605265594
1605261955
1605245967
1605241376
1605233734
1605225943
1605222090
1605218604
1605214775
1605211160
1605208249
1605200084
1605186311
1605178956
1605176003
1605154512
1605136619
1605131884
1605127555
1605121199
1605117563
1605114377
1605104034
1605100257
1605096909
1605092203
1605089010
1605057651
1605045753
1605042736
1605038609
1605031133
1605017196
1605013952
1605010121
1605006274
1605002608
1604976529
1604963354
1604960687
1604953270
1604949113
1604946259
1604941295
1604889166
1604885485
1604880691
1604873030
1604866306
1604862708
1604859288
1604855724
1604802038
1604794234
1604786572
1604779100
1604776261
1604711740
1604708645
1604701308
1604693381
1604689451
1604685212
1604638112
1604546537
1604538315
1604534940
1604528634
1593034176
1593031423
1593025112
1593000175
1592998499
1592989724
1592986452
1592982092
1592978740
1592972172
1592964417
1592960632
1592958585
1592955193
1592950410
1592937315
1592931656
1592927883
1592793218
1592785016
1592780336
1592777327
1592773286
1592769866
1592766884
1592449958
1592442839
1592435204
1592432949
1592428486
1592425588
1592421685
1592418656
1592413972
1592410463
1592355525
1592353249
1592349382
1592347365
1592341002
1592337270
1592334118
1592331357
1592323343
1592320570
1592236484
1592068251
1591927340
1591923955
1591921185
1591919045
1591913322
1591911932
1591903870
1591900068
1591896457
1591889463
1591833482
1591830247
1591823266
1591746249
1591738918
