1617998727
1617739680
1616867928
1616793939
1616694631
1616604099
1616530717
1616441064
1615920951
1615915996
1615578780
1615493610
1615401492
1614971053
1614891904
1614718652
1614539810
1614024614
1613682879
1613680707
1613501559
1613425216
1613160728
1612898612
1612290571
1611432563
1611265443
1610663742
1610395942
1610048260
1609974182
1609956025
1609954804
1609881608
1609880496
1609796262
1608320423
1608150440
1608068568
1608062010
1607984692
1607716453
1607626044
1607550551
1607547575
1606852088
1606688770
1606687589
1606603502
1606587479
1606424811
1606169678
1606077132
1605990609
1605987347
1605906940
1605814607
1605724465
1605641462
1605557541
1605469030
1605387555
1605296631
1605217621
1605121793
1605045533
1605038692
1604430669
1604262060
1604170744
1604084538
1604009220
1603998221
1603906705
1603747732
1603736778
1603479469
1603223568
1603146313
1603130244
1602628928
1602614817
1601666794
1601581488
1600889935
1600800421
1600713483
1600638095
1600464573
1600452321
1599767025
1599675496
1599422582
1599157867
1599076972
1599068816
1598992467
1598727630
1598636277
1598470030
1597862348
1597428288
1597376154
1597352467
1597261035
1596916595
1596915249
1596915137
1596661244
1596655849
1596652036
1596570389
1596297835
1596222266
1596217492
1595530562
1595445235
1595352449
1595268650
1595099789
1595094548
1595013882
1595011627
1594928554
1594926828
1594846316
1594753939
1594586012
1594584121
1594324558
1594320368
1594314238
1594313844
1594243922
1594229967
1594225234
1594072932
1594071038
1593984170
1593809336
1593805362
1593803258
1593717262
1593712683
1593628652
1593627273
1593457441
1593288301
1593217706
1593198993
1593196461
1593029570
1593021379
1592950687
1592853569
1592850677
1592690796
1592680751
1592594267
1592516973
1592505635
1592423073
1592346207
1592260357
1592257926
1592241378
1592173820
1592167572
1591822603
1591300915
1591041250
1590958720
1590779795
1590686518
1590399115
1590347592
1590180022
1590179324
1590088222
1589921896
1589825556
1589569832
1589562533
1589322643
1589311035
1588973112
1588964453
1588961767
1588878462
1588874835
1588788593
1588612846
1588358664
1588275931
1588096722
1588093614
1587583369
1587415308
1587414785
1587072441
1587071329
1586978853
1586966345
1586628299
1586538443
1586475752
1586465470
1586370598
1586218437
1586038473
1585941900
1585941462
1585933385
1584819009
1584725132
1584647922
1584636750
1584559041
1584483131
1584120258
1584050757
1584048491
1583774449
1583698339
1583524508
1583444568
1583353920
1582915750
1582826591
1582660873
1582574421
1582397006
1582330036
1582313529
1582235009
1582140318
1582056973
1581975044
1581893673
1581886058
1581800455
1581190114
1581026019
1580925517
1580755512
1580681676
1580516582
1580504021
1580437071
1580418477
1580332093
1580319841
1580318679
1580269393
1580165240
1579906249
1579813252
1579644327
1579544482
1579284284
1579218537
1579210735
1579044842
1579044550
1578868332
1578862810
1578772927
1578610118
1578258332
1578188481
1578168353
1578113209
1578000214
1577822735
1577640748
1577554632
1575586368
1575493684
1575493226
1575415129
1575316610
1575066457
1575058234
1574708905
1574372165
1574372061
1574190884
1574190614
1574115255
1574114160
1574033878
1573936838
1573851327
1573846599
1573764115
1573702007
1573679972
1573591365
1573430997
1573233532
1573233483
1573232802
1573175267
1573082536
1573082491
1573082300
1572985203
1572818602
1572818483
1572806599
1572749334
1572457322
1572381459
1572381384
1572381250
1572302799
1572288695
1572288655
1572288563
1572203119
1572138623
1572115375
1572036419
1572036252
1571954255
1571946288
1571946242
1571778823
1571685132
1571685080
1571601618
1571601544
1571601402
1571515049
1571513542
1571513351
1571425786
1571425413
1571425109
1571339440
1571339426
1571339319
1571255455
1571255419
1571255324
1571188942
1571169867
1571161323
1571161274
1571161160
1571107479
1571069549
1570985301
1570849651
1570833931
1570734921
1570731821
1570730944
1570730156
1570650662
1570649491
1570649147
1570649063
1570635068
1570584874
1570580809
1570580642
1570580409
1570558856
1570558733
1570558715
1570487027
1570486882
1570486798
1570307367
1570307255
1570307170
1570132443
1570132170
1570129911
1569877253
1569783567
1569783526
1569783471
1569708724
1569708663
1569708612
1569630225
1569612016
1569611091
1569611005
1569536976
1569536026
1569535610
1569527497
1569449131
1569447888
1569445981
1569435349
1569435154
1569435107
1569369318
1569356901
1569270910
1569270749
1569269915
1569190648
1569188114
1569188084
1569188046
1569185347
1569182086
1569181794
1569113437
1569092117
1569091961
1569091819
1569091774
1569091735
1569017952
1569002546
1569002471
1569000714
1568923235
1568922686
1568844541
1568841820
1568841671
1568841580
1568752734
1568752540
1568657122
1568656548
1568654708
1568650121
1568488947
1568237368
1568153568
1568057300
1567984919
1567625971
1567625736
1567624649
1567537936
1567537888
1567461938
1567455312
1567454515
1567454480
1567373888
1567279017
1567188900
1567188801
1567188283
1567109751
1567105873
1567033068
1567032425
1567017438
1566860056
1566763639
1566680450
1566671500
1566585680
1566585609
1566584656
1566530985
1566512414
1566511640
1566501422
1566440549
1566418925
1566415005
1566414953
1566325149
1566324757
1566324725
1566232734
1566156724
1566076366
1566065298
1565981209
1565811085
1565811039
1565810992
1565763989
1565749754
1565747659
1565721113
1565717363
1565656041
1565553828
1565553274
1565546543
1565466447
1565466305
1565386010
1565287549
1565286403
1565284231
1565284156
1565284081
1565203713
1565203650
1565202583
1565116983
1565042013
1565041950
1564943779
1564851146
1564850418
1564761843
1564761563
1564761470
1564704863
1564687803
1564672119
1564671742
1564591549
1564590989
1564590805
1564507131
1564417893
1564415041
1564328731
1564328600
1564328543
1564295523
1564261953
1564251870
1564170715
1564168213
1564165702
1564165642
1564162932
1564078436
1564078351
1564069341
1563984595
1563984247
1563913401
1563746581
1563737456
1563732435
1563732102
1563693967
1563693385
1563690841
1563686358
1563686220
1563686110
1563685989
1563685433
1563669507
1563661213
1563648478
1563637300
1563637231
1563635046
1563573974
1563573562
1563557095
1563556892
1563556802
1563482736
1563476641
1563476090
1563475960
1563469778
1563468538
1563468439
1563467984
1563432718
1563398735
1563398420
1563395348
1563316974
1563312587
1563305298
1563305200
1563305051
1563228662
1563227332
1563211397
1563135403
1563130532
1563130479
1563129882
1563043843
1562964955
1562960390
1562950123
1562877337
1562789670
1562780737
1562780654
1562779811
1562715037
1562705532
1562698384
1562687481
1562686754
1562686140
1562632797
1562623059
1562619012
1562537539
1562529475
1562526736
1562524395
1562524166
1562462778
1562462536
1562461429
1562457871
1562446764
1562348444
1562269815
1562268796
1562268356
1562172035
1562171698
1562123408
1562120297
1562117062
1562116262
1562116219
1562116167
1562108732
1562094579
1562093906
1562083863
1562083820
1562040519
1562035579
1562026365
1562023071
1562022820
1562022514
1562021672
1562021254
1562020373
1562018562
1562018439
1562018370
1562007677
1561949327
1561939341
1561931507
1561931296
1561840878
1561840012
1561839564
1561835095
1561835053
1561834974
1561834888
1561834125
1561834093
1561748120
1561747691
1561657632
1561657369
1561657119
1561564930
1561413620
1561396780
1561316822
1561316723
1561316651
1561312735
1561230655
1561230579
1561230401
1561213237
1561188397
1561110985
1561059391
1561055620
1561049543
1561047426
1560972258
1560969996
1560967684
1560967432
1560891037
1560886736
1560886681
1560710820
1560698666
1560626707
1560523988
1560455533
1560405508
1560328136
1560327830
1560327745
1560326423
1560291002
1560290579
1560290535
1560021128
1560020593
1559857331
1559513698
1559243058
1559232540
1558731144
1558708420
1558707653
1558631417
1558631113
1558543334
1558543143
1558497329
1558403874
1558403689
1558363920
1558363211
1558291056
1558238143
1558236910
1558236174
1558027669
1557946666
1557946409
1557945050
1557933823
1557844733
1557781074
1557780905
1557696560
1557686888
1557672891
1557624445
1557624130
1557622813
1557599220
1557598899
1557598802
1557537817
1557537171
1557536936
1557418072
1557417615
1557417363
1557417093
1557416663
1557353913
1557346350
1557345896
1557242536
1557242031
1557159625
1557159276
1557159223
1557115547
1557085316
1556908561
1556827682
1556764987
1556752465
1556735795
1556735346
1556735078
1556551105
1556461678
1556461400
1556461159
1556378467
1556378272
1556309693
1556205327
1556203909
1556138935
1556138328
1556135402
1556133266
1556131713
1556036040
1556035800
1555985830
1555983237
1555982815
1555966341
1555964781
1555963496
1555883337
1555876090
1555863978
1555815433
1555812398
1555728672
1555703761
1555701379
1555700915
1555625310
1555608334
1555549296
1555549031
1555543349
1555533561
1555526316
1555514528
1555380386
1555380039
1555365154
1555340438
1555201871
1555109129
1555057095
1555041766
1555028648
1555017179
1555013214
1555010365
1554771379
1554649025
1554608490
1554607807
1554607557
1554607453
1554607247
1554607125
1554606933
1554428665
1554410072
1554409304
1554335864
1554262782
1554169000
1554095388
1554095204
1554093690
1554093573
1554093496
1554093311
1554087785
1553993651
1553874334
1553872958
1553872697
1553818818
1553818637
1553818405
1553796912
1553795135
1553794990
1553739864
1553736415
1553711361
1553708225
1553699150
1553572407
1553572086
1553524914
1553489929
1553471772
1553471466
1553465583
1553465492
1553451064
1553391556
1553380146
1553379479
1553379179
1553308957
1553308829
1553308750
1553308671
1553211169
1553186033
1553185931
1553185295
1553132878
1553131587
1553129119
1553108876
1553105958
1553105369
1553018222
1553018156
1553017903
1552965478
1552965277
1552965088
1552797402
1552750266
1552675796
1552619710
1552619657
1552612052
1552606243
1552589049
1552525362
1552525320
1552524570
1552441230
1552417247
1552413575
1552412571
1552356267
1552266666
1552190306
1552170474
1552071128
1552023764
1552023475
1552023233
1552022678
1552022603
1552021897
1551994088
1551990669
1551907465
1551906124
1551894695
1551812088
1551760493
1551760435
1551760266
1551751138
1551665779
1551593015
1551584638
1551584406
1551501952
1551501848
1551481184
1551420055
1551419807
1551392339
1551383968
1551383868
1551381015
1551380918
1551322579
1551310999
1551236631
1551205112
1551203350
1551201564
1551159325
1550989677
1550988766
1550971978
1550971611
1550823880
1550791884
1550790646
1550774471
1550709315
1550638159
1550608969
1550608745
1550608535
1550553230
1550453864
1550371226
1550371042
1550370923
1550280144
1550279561
1550259152
1550258985
1550203657
1550203475
1550197647
1550184915
1550176899
1550166541
1550166233
1550106547
1550088995
1550087482
1550087048
1550023193
1550022939
1549997643
1549915062
1549914188
1549913118
1549902237
1549857514
1549754878
1549752345
1549751987
1549751390
1549730722
1549678069
1549669142
1549638897
1549615675
1549609916
1549584852
1549581580
1549568267
1549561400
1549532782
1549530476
1549530323
1549530098
1549529561
1549505426
1549500271
1549499162
1549498532
1549498319
1549405692
1549404875
1549404526
1549404304
1549316065
1549315012
1549310556
1549310159
1549308740
1549307120
1549295305
1549258954
1549250482
1549245247
1549244015
1549243420
1549160419
1549160280
1549159881
1549122268
1549097914
1549096487
1549094325
1549093751
1549081826
1549076258
1549075511
1549056640
1549056081
1549008268
1549007676
1548996749
1548995238
1548994845
1548994566
1548972106
1548971820
1548971256
1548819521
1548819010
1548817597
1548730131
1548645938
1548645281
1548641039
1548559834
1548471527
1548469890
1548469581
1548388209
1548387563
1548349067
1548348729
1548347218
1548313095
1548275845
1548275614
1548275447
1548209239
1548208386
1548207736
1548037925
1547762798
1547605827
1547329613
1547328747
1547328403
1547175610
1547085806
1547085622
1547085489
1547005085
1547004776
1546823492
1546822041
1546821225
1546820473
1546817779
1546659825
1546213584
1546212576
1546212342
1546211888
1546055388
1545887317
1545803131
1545802769
1545802447
1545780762
1545780635
1545780194
1545683497
1545682797
1545682541
1545681405
1545677634
1545676552
1545549310
1545443824
1545442385
1545442141
1545441881
1545441746
1545167025
1545166262
1545098366
1545095830
1545095512
1545092638
1545092194
1545091736
1545021112
1545019972
1545019721
1544842215
1544741254
1544738624
1544738320
1544484323
1544483746
1544483002
1543861623
1532292546
1532292428
1532197531
1532197416
1527907219
1527628790
1524360787
1524360742
1524276381
1524097793
1524097613
1524097492
1524097443
1524014221
1524014164
1523922293
1523922121
1523921821
1523755514
1523222710
1523222434
1523126074
1523124708
1523124603
1523117604
1522972350
1522872312
1522725889
1522618056
1522617548
1522294556
1522294522
1522115576
1522114648
1522004690
1522004665
1522004648
1521936403
1521902304
1521748408
1521748330
1521682825
1521682767
1521602264
1521601545
1521601472
1521505812
1521505749
1521391842
1521391787
1521315880
1521315631
1521240834
1521239738
1521237648
1521204906
1521163019
1521105653
1521105639
1521105630
1521105599
1520998221
1520997758
1520997522
1520907954
1520907755
1520907635
1520794282
1520794251
1520794056
1520710362
1520709848
1520390649
1520392279
1520387801
1520387730
1520296855
1520296807
1520292033
1520210464
1520209048
1520108624
1520103793
1520103444
1520028129
1519881884
1519860255
1519860159
1519859428
1519773033
1519772750
1519597114
1519597062
1519534060
1519523547
1519422311
1519344037
1519172119
1519171772
1519126307
