1618102022
1617927376
1617400487
1612821136
1612489036
1611455873
1611024808
1610592747
1608838126
1608757876
1607480760
1607128873
1605845278
1605304426
1605061378
1604790852
1604717502
1604617530
1604454541
1604092049
1603573211
1603402053
1602973654
1602546874
1602293407
1602201666
1601776567
1601670669
1601332206
1600900845
1600738058
1599785418
1599685769
1599348438
1598138578
1597880484
1597364523
1597191763
1596854240
1596500394
1594084402
1593199439
1592953094
1592612516
1592427405
1592348748
1591484109
1591411055
1591133651
1591054233
1590883187
1590792337
1590704332
1590617372
1590261330
1590185493
1589922672
1589839797
1589585855
1589331780
1589151540
1588903482
1588726659
1588629195
1588609591
1588539735
1588470329
1588283970
1588100720
1587928337
1587687955
1587667987
1587585218
1587574140
1587237679
1587164779
1587135590
1586920128
1586831825
1586659834
1586567993
1586392639
1585952176
1585871321
1585800206
1585613390
1584405106
1583965108
1583879989
1583800555
1583619661
1583366022
1582752666
1582584471
1581458637
1580776909
1580342424
1580171658
1578611409
1578522792
1578446626
1578339095
1577930452
1577758136
1576285050
1574474292
1574119950
1573785405
1573774325
1573253000
1572730442
1572221683
1571967337
1571867816
1571792110
1571365246
1571194246
1570826934
1570229474
1570140605
1570047116
1569543080
1569442332
1569103008
1568925687
1568672146
1568416568
1568334544
1568071554
1567976850
