1618182818
1617926362
1617746481
1617317064
1617232721
1617148044
1617063013
1616801873
1616778923
1616713978
1612056740
1611884901
1611623139
1611107698
1611016375
1610845979
1610756336
1610582330
1610236635
1609977936
1609806394
1609716083
1609461850
1609283554
1609210937
1609033000
1608689718
1608433809
1608001381
1607987406
1607735110
1607651938
1607481094
1607039969
1606961972
1606865499
1606531316
1606356356
1606343113
1606268020
1606087456
1605836201
1605407060
1605311359
1605059274
1604981244
1604719750
1604637941
1604448914
1604364361
1604276418
1604181207
1604101931
1604002407
1603842299
1603676196
1603586683
1603575456
1603498309
1603326958
1603148144
1603135844
1602979139
1602899572
1602879337
1602814556
1602793907
1602635299
1602624971
1602545718
1602452478
1602378823
1602192004
1602121939
1602031183
1602014942
1601935191
1601927767
1601849443
1601769166
1601760575
1601675356
1601592356
1601342274
1601241548
1601065045
1600997969
1600914378
1600893272
1600737609
1600729914
1600725136
1600561942
1600550399
1600482492
1600467198
1600462074
1600307899
1600134367
1600107854
1599876117
1599865742
1599856959
1599787535
1599780491
1599707980
1599707021
1599703908
1599691807
1599602453
1599596977
1599589345
1599443781
1599433466
1599366575
1599353455
1599352750
1599352532
1599336569
1599276746
1599267863
1599267452
1598158216
1598064805
1598055660
1597878693
1597817966
1597796530
1597780181
1597714099
1597706401
1597694401
1597447176
1597356760
1597019108
1597003741
1596677295
1596676759
1596676630
1596673963
1596669999
1596665542
1596578979
1595724361
1595707962
1594506725
1594416935
1594269608
1594160137
1593813722
1593201313
1593143674
1593134739
1593116332
1592525568
1591993230
1591905719
1591832101
1591814174
1591748120
1590357156
1590277787
1590122532
1590109915
1590016446
1589951013
1589942143
1589511316
1589427438
1589332038
1589063305
1589002057
1588023472
1587960557
1587960515
1587713130
1587617741
1587451168
1587270220
1587158309
1587104543
1587088097
1586295583
1586196113
1586195563
1585785548
1585683191
1585618652
1585551405
1585512090
1585466038
1585443978
1585442052
1585439303
1585271488
