1618090609
1618079770
1617988604
1617838091
1617733173
1617718045
1617662931
1617643861
1617642434
1617568689
1617566065
1617382866
1617314630
1617211326
1617131500
1617046184
1616619119
1616525615
1616518613
1616282270
1616264215
1616190896
1615931427
1615836962
1615759726
1615670350
1615584291
1615569422
1615409918
1615408939
1615317772
1615317359
1615311605
1615249172
1615232026
1615143870
1615082040
1615073621
1614794488
1614637793
1614633265
1614622902
1614618661
1614545987
1614541402
1614449333
1614391816
1614382363
1614372116
1614197993
1614185845
1614026309
1614025474
1613858417
1613852260
1613770689
1613762290
1613748671
1613700753
1613700642
1613695248
1613666208
1613515599
1613498414
1613427665
1613420739
1613414493
1613329715
1613320499
1613257498
1613247603
1613246994
1613186852
1613163989
1613007163
1612988514
1612905087
1612898728
1612815564
1612809054
1612647678
1612642503
1612576837
1612556653
1612544003
1612389314
1612303859
1612302602
1612210287
1611952108
1611856680
1611851942
1611779021
1611605678
1611359551
1611087326
1611067503
1611001386
1610654038
1610572295
1610557396
1610396671
1610225209
1610137511
1609967617
1609959790
1609789695
1609535870
1609273238
1609187957
1609184918
1608932909
1608931758
1608760862
1608746400
1608669963
1608565894
1608406311
1608328651
1608153953
1608044788
1607998057
1607977221
1607959247
1607884317
1607806155
1607714239
1607701324
1607637493
1607613284
1607543108
1607541323
1607457459
1607456520
1607436933
1607388340
1607376959
1607366386
1607353830
1607282901
1607278827
1607277738
1607220089
1607219178
1607204360
1607195438
1607105163
1607096366
1607045864
1607027382
1607012184
1606938874
1606934089
1606919539
1606870266
1606840728
1606746334
1606701914
1606681779
1606673972
1606340029
1606250961
1606172270
1606163146
1606088308
1606075824
1605989667
1605931890
1605912120
1605833948
1605815581
1605810719
1605638743
1605624727
1605620783
1605571240
1605556744
1605456533
1605383871
1605374617
1605317568
1605298045
1605275905
1605212009
1605120867
1605111148
1605025976
1604942593
1604688955
1604597869
1604352883
1604255249
1604197210
1604169440
1604000715
1603921263
1603821142
1603741313
1603652910
1603477059
1603417769
1603315275
1603216865
1602965290
1602954316
1602868873
1602856589
1602794661
1602793444
1602612194
1602515837
1602460698
1602351777
1602266124
1602187791
1602096289
1602003362
1601942266
1601921688
1601778895
1601751977
1601749878
1601574387
1601487095
1601409962
1601333684
1601320132
1601315125
1601245751
1601235197
1601163606
1601151210
1601145564
1600982241
1600974882
1600891422
1600801163
1600718745
1600562402
1600483763
1600456824
1600364506
1600291890
1600199728
1600127926
1600110665
1599946678
1599941928
1599938651
1599863449
1599860848
1599789746
1599765136
1599697081
1599691182
1599597336
1599595795
1599502736
1599413372
1599338770
1599248281
1599156719
1599075247
1598667816
1598374540
1598133065
1598041714
1597946380
1597867547
1597773870
1597707377
1597690899
1597592745
1597444656
1597266705
1597171366
1597089332
1597072781
1596923098
1596917034
1596748852
1596498921
1596488294
1596301865
1596296145
1596225945
1596147639
1596048654
1595963093
1595892476
1595858048
1595724323
1595616430
1595531519
1595442116
1595365657
1595266047
1594946086
1594840324
1594751761
1594672961
1594497923
1594325458
1594226811
1594152892
1594149306
1594076136
1593910170
1593890040
1593817137
1593725807
1593711870
1593660444
1593648481
1593635575
1593624384
1593537917
1593454004
1592938021
1592934965
1592848106
1592778852
1592765501
1592578769
1592517216
1592417765
1592244835
1592234574
1592064027
1591995602
1591923461
1591899591
1591815631
1591733181
1591639871
1591297502
1591050310
1590964348
1590948345
1590868760
1590783136
1590689311
1590602473
1590519550
1590431864
1590345670
1590294984
1590257556
1590171115
1590077617
1590014821
1590004211
1589917029
1589905410
1589825922
1589741147
1589674843
1589652440
1589585348
1589569731
1589495349
1589486949
1589463114
1589392143
1589244545
1589232271
1589066110
1588984806
1588969362
1588963730
1588882910
1588876605
1588811465
1588721260
1588702961
1588700814
1588617043
1588604667
1587773943
1587694910
1587679538
1587581867
1587568212
1587520696
1587435642
1587435390
1587406609
1587337661
1587327783
1587270609
1587259765
1587225499
1587151753
1587062266
1586995316
1586989747
1586887765
1586838383
1586823524
1586802114
1586657910
1586656618
1586628145
1586549001
1586528589
1586368700
1586322040
1586281294
1586281136
1586209989
1586124574
1586111135
1585958160
1585940163
1585874065
1585873123
1585779941
1585624456
1585621050
1585607639
1585573746
1585525227
1585514727
1585443294
1585433685
1585424567
1585347016
1585265141
1585236739
1585147149
1585081032
1585002568
1584986958
1584933186
1584898425
1584839083
1584831719
1584806503
1584743925
1584635431
1584570375
1584470731
1584378131
1584306043
1584229233
1584130004
1583971058
1583884667
1583881261
1583794967
1583712579
1583626664
1583615563
1583545125
1583545013
1583535688
1583441738
1583370143
1583324849
1583204827
1583185224
1583087987
1583026945
1582935184
1582924349
1582863337
1582846900
1582762181
1582681508
1582604289
1582513893
1582500082
1582408107
1582340244
1582320169
1582258766
1582231332
1582185503
1582061992
1581775119
1581718549
1581479600
1581478030
1581296501
1581226717
1581035158
1580948357
1580860495
1580784252
1580672615
1580599610
1580580880
1580429890
1580428849
1580259511
1580086640
1580082917
1579723816
1579562978
1579549389
1579401114
1579396021
1579296346
1579262537
1579065131
1579049034
1578711738
1578291473
1578166095
1577986990
1577850345
1577844002
1577839422
1577598426
1577326419
1577211041
1577144600
1577000081
1576993102
1576728600
1576727760
1576610614
1576556652
1576473050
1576470133
1576446234
1576385512
1576307918
1576278367
1576275910
1576132911
1576132859
1576113562
1576111962
1576110707
1576109974
1575783611
