1617910996
1617735429
1617648335
1616529958
1616257923
1616098241
1615585075
1615058176
1614889045
1614720608
1614284229
1614024868
1613763831
1613232138
1612986798
1612820039
1612735705
1612646067
1612211173
1611692965
1611514146
1611259564
1611088628
1611079939
1610997525
1610220879
1609955270
1609879754
1609533767
1609438878
1609262951
1608829948
1608235154
1608068952
1607968347
1607714966
1607278729
1607200394
1606847333
1606157849
1605900356
1605803610
1605732399
1605374929
1605038630
1604853989
1604782711
1604434652
1604157497
1604080434
1603830646
1603479880
1603303412
1603213173
1603038244
1602767515
1602706160
1602606233
1602525348
1602179037
1602005308
1601923780
1601740433
1601492820
1601403460
1601047279
1600883941
1600799336
1600628468
1600454981
1600373342
1600195564
1599925803
1599765962
1599595411
1599510377
1599414628
1599241090
1599153417
1598973906
1598896201
1598729508
1598558316
1598462542
1598114810
1598026675
1597857885
1597771132
1597685542
1597593597
1597518767
1597353646
1597170284
1596977574
1596733515
1596304185
1596141281
1596049479
1595790211
1595619322
1595535481
1595346240
1595181200
1595096969
1594829109
1594662355
1594483419
1594244160
1594058023
1593886739
1593718093
1593550061
1593186409
1593102883
1593019775
1592765843
1592600521
1592505907
1592242629
1592157372
1591989728
1591911059
1591827390
1591647950
1591457820
1591217808
1591031690
1590872553
1590681628
1590506583
1590429209
1590352947
1590257378
1590167972
1590078758
1590006780
1589922796
1589835058
1589750338
1589662993
1589575558
1589412716
1589300707
1589237153
1589140876
1589059737
1588977009
1588971843
1588884967
1588879614
1588710915
1588624958
1588534530
1588450583
1588361395
1588259527
1588179882
1588104268
1588016182
1587927407
1587841266
1587747608
1587669051
1587577747
1587494351
1587410829
1587325466
1587234591
1587144552
1587053432
1586968933
1586890579
1586732214
1586727281
1586640379
1586551256
1586382970
1586285173
1586207095
1586193006
1586119587
1586028943
1585934946
1585854998
1585844443
1585767309
1585681115
1585665804
1585595810
1585495401
1585431855
1585413186
1585345171
1585341029
1585248399
1585239055
1585143161
1585074297
1585058082
1584993724
1584923751
1584910235
1584898476
1584823037
1584736846
1584649828
1584632524
1584543202
1584479777
1584474665
1584392166
1584301611
1584228484
1584120252
1584112052
1584039776
1583963313
1583951065
1583869929
1583860673
1583784681
1583774859
1583696687
1583620054
1583612771
1583598583
1583534012
1583505832
1583448325
1583418609
1583353624
1583344907
1583265212
1583248695
1583206008
1583090208
1583087561
1583018809
1582930257
1582927824
1582820365
1582737053
1582657307
1582591516
1582416560
1582313094
1582249323
