1618164606
1617818416
1617500035
1616090436
1615489237
1614711644
1613674887
1613070098
1612551626
1611860450
1611255683
1609959662
1609389909
1608663650
1608231628
1607626827
1606871200
1606330861
1605034848
1604204542
1604008294
1603303194
1602804290
1602612166
1601488864
1601229867
1600884045
1600279274
1599674437
1598983245
1598464845
1598244407
1597860030
1597168883
1597006724
1596564036
1595872822
1595533048
1595354352
1594922410
1594663195
1594057584
1593798146
1590595559
1588612272
1588558504
1588558085
1588460863
1588018080
1587944291
1587874134
1586372576
1586284061
1585862453
1585787193
1585596263
1585448534
1585255460
1585244219
1585182585
1584845372
1584149792
1583034661
1580637829
1579941485
