1618175244
1618078362
1617900429
1617650878
1617564289
1617388669
1616955955
1616630926
1616289166
1615671199
1615668845
1615159140
1614887190
1614716843
1614486454
1613849190
1613257050
1612323897
1611529655
1611454353
1610916194
1609539649
1608938804
1608664613
1608583508
1608332215
1608236672
1608087068
1608074446
1607625228
1607286381
1606938139
1606509895
1606000095
1605827459
1605731327
1605473409
1605212785
1604880699
1604792935
1604192660
1604095054
1603750748
1603734975
1603149345
1603136456
1602873102
1602787033
1602636712
1602461378
1602447551
1599340991
1599244861
1599159210
1597948418
1597858359
1597714361
1597512167
1596918575
1596841863
1596832474
1596769580
1596749868
1596741139
1596667751
1596650150
1596583550
1596570751
1596487944
1596411086
1596262297
1596255605
1596148589
1596143144
1596135542
1596073613
1596059655
1595991431
1595982230
1595900728
1595877967
1595798853
1595718080
1595703383
1595616551
1595555351
1595541987
1595466782
1595458928
1595453804
1595356699
1595294162
1595210152
1595119847
1595112586
1595107837
1595033075
1594940850
1594681931
1594608396
1594592237
1594508354
1594497384
1594343544
1594337478
1594335865
1594321753
1594260358
1594168651
1594167492
1594154156
1593989118
1593912743
1593745976
1593715742
1593653279
1593643116
1593562255
1593546115
1593472631
1593468408
1593376014
1593283543
1593221814
1593207785
1593132880
1593044765
1593039284
1592937453
1592870641
1592782048
1592763641
1592676991
1592611000
1592516799
1592505496
1592436042
1592354395
1592344718
1592264879
1592256117
1592162976
1592100050
1592086457
1592074569
1591989277
1591987811
1591918375
1591910181
1591810375
1591753987
1591670287
1591571800
1591555381
1591470143
1591388816
1591308014
1591130511
1590873303
1590803477
1590709617
1590685518
1590626714
1590617092
1590540957
1590437327
1590360390
1590352696
1590350867
1590278772
1590192531
1590174675
1590107396
1590099863
1590017725
1590014595
1590011679
1589833449
1589827551
1589756925
1589752440
1589682727
1589587677
1589584512
1589568106
1589495308
1589480622
1589414886
1589407182
1589391829
1589308556
1589249037
1589234594
1589223724
1589155101
1589072690
1589062856
1588983260
1588965417
1588897818
1588878007
1588801864
1588790418
1588715917
1588711213
1588703410
1588630949
1588626539
1588552754
1588541864
1588534201
1588465514
1588382243
1588374292
1588362380
1588303039
1588198052
1588183667
1588114566
1588103229
1588030293
1588016576
1587948322
1587941385
1587867699
1587861638
1587850103
1587773515
1587754836
1587698358
1587680683
1587667949
1587597698
1587592640
1587514674
1587496807
1587432281
1587421828
1587351373
1587348780
1587342948
1587269894
1587256260
1587165514
1587160513
1587156355
1587073873
1587063270
1587001678
1586991647
1586899143
1586828688
1586819783
1586818867
1586722979
1586643854
1586568601
1586554977
1586479888
1586469005
1586461170
1586387716
1586385137
1586373908
1586305364
1586299864
1586225849
1586217643
1586136164
1586128188
1586043656
1586040909
1586031618
1585955500
1585951789
1585941691
1585871326
1585792366
1585785758
1585769182
1585702434
1585696280
1585609030
1585597976
1585529370
1585519137
1585517778
1585445622
1585433507
1585433085
1585357160
1585350246
1585267993
1585265769
1585264705
1585251879
1585189310
1585179523
1585164791
1585096461
1585089999
1585086174
1585075239
1585020513
1585006728
1585000070
1584919981
1584916010
1584837579
1584830504
1584747212
1584741135
1584662899
1584658322
1584584402
1584559630
1584487120
1584483495
1584403338
1584383692
1584321369
1584309930
1584236489
1584211488
1584143156
1584129623
1584051075
1584042836
1583972199
1583958806
1583885642
1583806771
1583785048
1583719267
1583709991
1583620662
1583617270
1583540029
1583450798
1583446733
1583432503
1583360369
1583353669
1583292422
1583285054
1583202932
1583198937
1583188048
1583093425
1583091397
1583014060
1583006048
1583000724
1582916194
1582913956
1582851432
1582842752
1582765329
1582685356
1582682578
1582679958
1582663683
1582584956
1582575984
1582507504
1582489117
1582416827
1582416489
1582333731
1582322710
1582316043
1582245066
1582237550
1582234356
1582166011
1582144830
1582075376
1582073810
1582063789
1581983952
1581902022
1581900922
1581891990
1581815345
1581710865
1581645450
1581624243
1581558591
1581550592
1581482117
1581467083
1581463825
1581384124
1581364983
1581297585
1581278314
1581216817
1581133932
1581129828
1581044950
1581030190
1580928777
1580855168
1580771799
1580765046
1580687946
1580582650
1580524007
1580435730
1580325034
1580324238
1580276242
1580168984
1580154132
1579916779
1579905155
1579892442
1579838442
1579735107
1579723151
1579658772
1579638442
1579563997
1579475177
1579305320
1579297714
1579137470
1579131704
1578962124
1578690551
1578606382
1578602410
1578537284
1578451550
1578360729
1578345559
1578195196
1578105596
1578098847
1578097939
1578000693
1577927852
1577848370
1577834808
1577833418
1577741398
1577737607
1577659525
1577586922
1577580601
1577571055
1577501772
1577499750
1577486781
1577485227
1577481587
1577399784
1577319236
1577315141
1577148459
1577131546
1577069848
1576975989
1576959881
1576885625
1576869239
1576815509
1576809615
1576696967
1576626504
1576383803
1576296452
1576275027
1576273995
1576197710
1576195775
1576119437
1576028139
1576023646
1575931640
1575848409
1575845331
1575748540
1575687602
1575681462
1575516918
1575512544
1575498067
1575341275
1575164983
1575163498
1575150418
1575079964
1574985373
1574902055
1574901011
1574811372
1574804936
1574629905
1574550873
1574461549
1574389438
1574374833
1574197474
1574117637
1573947735
1573942332
1573864783
1573859648
1573777860
1573608743
1573598987
1573517133
1573428487
1573253287
1573241300
1573165239
1573075104
1572996997
1572985280
1572826251
1572820243
1572738161
1572725570
1572644568
1572391222
1572315581
1572048570
1572032950
1571869609
1571790421
1571611245
1571533040
1571344437
1571282310
1571266279
1571179846
1571094214
1570920644
1570752460
1570668224
1570489889
1570317501
1570311975
1570143096
1569968986
1569880355
1569619771
1569446367
1569110931
1569023335
1569022146
1568948626
1568921503
1568920921
1568851889
1568601974
1568510609
1568257619
1568085136
1567989106
1567814735
1567713921
1567631289
1567630310
1567382862
1567211328
1567210745
1567121440
1567037666
1566608215
1566603265
1566525607
1566417519
1566343465
1566336753
1566081722
1565907358
1565756463
1565657726
1565644298
1565154778
1565042312
1564788704
1564725067
1564617691
1564512999
1564444375
