1618113741
1617905854
1617728558
1617465506
1617405084
1617134204
1617060692
1616806442
1616685470
1616093029
1615683645
1615493854
1615160871
1615077123
1615060827
1614991196
1614394970
1614293059
1614131096
1613508471
1613235793
1612804237
1612396548
1612070466
1611985626
1611904188
1611798606
1611771713
1611627736
1611529839
1611102268
1610760922
1610683927
1610592052
1610589998
1610330871
1610159962
1610046974
1609806968
1609479354
1609460750
1609384609
1609268462
1609178810
1609034816
1608614811
1608222366
1607872299
1607798508
1607694357
1607453225
1607162527
1607093028
1606856710
1606822095
1606580809
1606490591
1606313667
1606233249
1605989160
1605820599
1605813955
1605705035
1605640114
1605611350
1605459365
1605418700
1605358977
1605324548
1605286559
1605175797
1605154851
1605107028
1605081016
1605021119
1604997002
1604980993
1604917363
1604843455
1604758147
1604667120
1604642469
1604571642
1604549919
1604539265
1604504903
1604465527
1604376747
1604317966
1604295125
1604230891
1604196715
1604128000
1604107478
1604056067
1603973774
1603967256
1603942362
1603885745
1603861975
1603807293
1603785295
1603695431
1603682853
1603639083
1603624256
1603604413
1603554451
1603525701
1603517263
1603497007
1603466804
1603456259
1603386388
1603380469
1603376188
1603364711
1603337857
1603302256
1603290284
1603279743
1603260852
1603210876
1603204651
1603172037
1603054583
1603002960
1602923256
1602916709
1602912797
1602849564
1602831397
1602800548
1602741000
1602647649
1602588397
1602573701
1602525596
1602502417
1602485657
1602476485
1602396277
1602345500
1602322107
1602291889
1602213715
1602146637
1602146132
1602079715
1602064902
1601985901
1601967308
1601945086
1601884449
1601852341
1601819859
1601815271
1601793234
1601767036
1601751494
1601749564
1601747751
