1618116250
1618023408
1617936354
1617849687
1617764069
1617591940
1617421312
1617246828
1617160101
1617159219
1616901329
1616812875
1616723110
1616716239
1616551578
1616373797
1616297274
1616204457
1616032335
1616022499
1615864476
1615778828
1615692572
1615513442
1615435994
1615345747
1615174819
1615084005
1614912783
1614829599
1614739519
1614656550
1614568817
1614482706
1614310826
1614223041
1614133630
1614052556
1613794369
1613705761
1613604368
1613524980
1613362717
1613271253
1613186287
1613098251
1613009068
1612828903
1612673067
1612579098
1612485677
1612316238
1612133230
1611979555
1611890818
1611798104
1611695847
1611623317
1611542773
1611458960
1611371404
1611344239
1611278704
1611275570
1611192786
1611107950
1611025780
1610930189
1610856148
1610664076
1610504050
1610413963
1610339384
1610237253
1610148008
1610072060
1609976711
1609905761
1609899374
1609815666
1609729416
1609642764
1609559094
1609472565
1609386730
1609302525
1609282719
1609206082
1609042418
1608951827
1608863673
1608781059
1608777740
1608608607
1608584051
1608523129
1608437531
1608351218
1608322073
1608171311
1608156790
1608086441
1607913721
1607815279
1607715948
1607647176
1607560433
1607401125
1607303414
1607209621
1607144884
1607134558
1607051414
1606961206
1606884212
1606787615
1606704793
1606620733
1606537322
1606440535
1606356574
1606260541
1606099948
1606019556
1605913392
1605840318
1605757839
1605669012
1605581297
1605494963
1605402935
1605324817
1605305556
1605235068
1605124721
1605064628
1604960367
1604882148
1604793273
1604717099
1604639141
1604541239
1604450338
1604357686
1604201496
1604178198
1604112494
1604007891
1603932364
1603848387
1603844880
1603688048
1603578880
1603504424
1603414664
1603334090
1603239849
1603159666
1602983539
1602902684
1602785048
1602732138
1602622864
1602554463
1602473318
1602386967
1602294887
1602206404
1602109944
1602028435
1601943593
1601856729
1601770782
1601680885
1601613141
1601604609
1601514817
1601345055
1601251591
1601171327
1601083973
1600990713
1600903447
1600809752
1600739432
1600647709
1600555208
1600488403
1600396237
1600308359
1600205903
1600037776
1599953676
1599876729
1599780109
1599699784
1599614902
1599584050
1599528652
1599438321
1599340762
1599260846
1599171768
1599089938
1598999035
1598914025
1598745964
1598736632
1598647842
1598581368
1598494968
1598484072
1598405274
1598311101
1598287763
1598235243
1598145478
1598063959
1598007100
1597980575
1597954596
1597940504
1597900635
1597886277
1597813708
1597722404
1597633787
1597553091
1597545032
1597461578
1597375824
1597288274
1597267689
1597200099
1597115327
1597020980
1596931406
1596845341
1596757136
1596687016
1596584241
1596511824
1596473390
1596405318
1596340133
1596266704
1596261327
1596259152
1596230210
1596163304
1596140156
1596077656
1595975151
1595892534
1595804757
1595728443
1595638085
1595605182
1595560567
1595432281
1595343787
1595279281
1595261042
1595186266
1595118254
1595028503
1594924731
1594863417
1594754023
1594663555
1594579195
1594427158
1594355313
1594340915
1594329163
1594257833
1594253862
1594179822
1594169747
1594098012
1594006656
1593909635
1593790878
1593569290
1593537467
1593478764
1593209812
1593055362
1592961817
1592788162
1592698427
1592612471
1592530909
1592530310
1592362655
1592276688
1592102803
1591920456
1591832649
1591750694
1591663169
1591494165
1591396265
1591332763
1591216218
1591027283
1590889774
1590766332
1590704140
1590594147
1590537243
1590532402
1590452333
1590446674
1590343849
1590185787
1590113730
1590098185
1590079086
1590009116
1589902327
1589841464
1589680664
1589582318
1589495447
1589491034
1589468770
1589402216
1589321669
1589297131
1589222850
1589153168
1589063270
1588979398
1588952398
1588891841
1588865497
1588806174
1588798759
1588715987
1588618935
1588547445
1588375979
1588291470
1588196301
1588114993
1588108932
1588030245
1587957583
1587864660
1587858439
1587774750
1587686735
1587674434
1587597582
1587588415
1587505452
1587431338
1587422884
1587258758
1587168618
1587163287
1587069942
1586982257
1586904873
1586889031
1586814647
1586648468
1586565171
1586480989
1586405901
1586390488
1586302897
1586219777
1586218065
1586133905
1586048795
1585947531
1585875634
1585776190
1585702806
1585615327
1585527109
1585515172
1585354583
1585341322
1585255815
1585188932
1585171767
1585151305
1585084889
1585012583
1584978341
1584903743
1584852592
1584832819
1584738949
1584635839
1584560046
1584549239
1584505401
1584504684
1584459969
1584285960
1584221605
1584153014
1584149950
1584113661
1584072690
1584048269
1583983951
1583940640
1583872859
1583853833
1583799611
1583766478
1583729458
1583718281
1583602934
1583535302
1583447013
1583363485
1583332725
1583280143
1583267149
1583246974
1583195185
1583189720
1583158341
1583113010
1583106261
1583102355
1583081669
1583069500
1583029110
1583024073
1583004686
1582941063
1582925810
1582843998
1582731733
1582668605
1582585959
1582562861
1582510755
1582498019
1582436387
1582333080
1582322313
1582302493
1582265935
1582251168
1582246315
1582236173
1582157055
1582067541
1582057717
1581976866
1581958880
1581918380
1581822006
1581730197
1581706382
1581627189
1581558964
1581522020
1581465290
1581459950
1581443342
1581439407
1581352552
1581302970
1581187696
1581117970
1581036865
1580952886
1580935985
1580881631
1580864220
1580851258
1580844309
1580780782
1580705428
1580617610
1580574960
1580535569
1580516135
1580512555
1580431501
1580409475
1580362911
1580340311
1580332290
1580311659
1580267982
1580251264
1580223684
1580162268
1580148485
1580106162
1579878061
1579840083
1579759816
1579709654
1579666449
1579657009
1579575268
1579540259
1579500745
1579455451
1579411693
1579404119
1579381809
1579318400
1579226069
1579215074
1579207162
1579194134
1579154114
1579148542
1579070325
1579050125
1578978616
1578966828
1578960963
1578952113
1578949084
1578778275
1578722256
1578720326
1578711397
1578615144
1578596084
1578520822
1578468204
1578465111
1578463213
1578456247
1578385025
1578364883
1578361747
1578289488
1578265419
1578261819
1578199712
1578157505
1578104723
1578102633
1578100941
1578021401
1578006744
1577987262
1577979315
1577910967
1577908705
1577856704
1577854637
1577847432
1577751988
1577743241
1577688544
1577679760
1577672068
1577647649
1577566992
1577560583
1577508553
1577505497
1577384079
1577311057
1577291423
1577290342
1577247293
1577225572
1577220064
1577155649
1577146106
1577114015
1577078084
1577062245
1577042201
1577028657
1576980563
1576973743
1576971078
1576957953
1576946786
1576896976
1576860256
1576823067
1576804776
1576797217
1576724289
1576710972
1576692419
1576645165
1576643745
1576611862
1576550836
1576538846
1576459867
1576425453
1576388661
1576294958
1576268419
1576185826
1576121716
1576105808
1576017368
1575954471
1575954238
1575856967
1575840098
1575768188
1575735662
1575685527
1575680843
1575677907
1575592246
1575585300
1575487296
1575415701
1575316053
1575266525
1575220469
1575137054
1575080811
1575050147
1574999535
1574969222
1574912680
1574882336
1574832271
1574821025
1574741489
1574725866
1574652420
1574642803
1574616217
1574568358
1574526818
1574467473
1574462322
1574392959
1574369843
1574304976
1574200966
1574133134
1574040703
1573920428
1573875543
1573781874
1573698781
1573681268
1573592333
1573509115
1573439886
1573347710
1573264011
1573185884
1573091917
1572997586
1572792798
1572655275
1572567627
1572380840
1572301499
1572189815
1572125155
1572064137
1571868440
1571798366
1571711034
1571614180
1571539633
1571280187
1571200515
1571116665
1570934402
1570856404
1570755589
1570589095
1570340906
1570062806
1569982182
