1618246882
1618161858
1617990019
1617903403
1617724098
1617554024
1617470511
1617208188
1617035428
1616954736
1616871284
1616694977
1616613190
1616520094
1616350343
1616261744
1616181704
1616091707
1616002519
1615747692
1615655307
1615577370
1615399940
1615316614
1615229039
1615046239
1614970321
1614798919
1614708464
1614621818
1614539744
1614442587
1614370435
1614275990
1614189320
1614103805
1614017824
1613931399
1613835689
1613670313
1613587826
1613413717
1613070397
1612983485
1612809377
1612551396
1612469467
1612376105
1612121331
1611860510
1611691984
1611516738
1611344805
1611253711
1611165078
1610993813
1610907444
1610655478
1610561616
1610388508
1610221944
1610043723
1609955992
1609701569
1609614658
1609525411
1609437820
1609097011
1609003674
1608831637
1608659980
1608493017
1608405684
1608317705
1608145661
1608056059
1607979114
1607794377
1607715295
1607626506
1607536807
1607112601
1606853112
1606772290
1606502392
1606413933
1606327396
1606244749
1606072844
1605984629
1605811751
1605723025
1605634201
1605469211
1605377767
1605291669
1605211623
1605118453
1605030339
1604942978
1604773453
1604697805
1604607451
1604172823
1604081150
1603913245
1603739356
1603649511
1603558699
1603479703
1603389135
1603305043
1603053939
1602936759
1602703165
1602520528
1602442842
1602360892
1602334674
1602183578
1601917971
1601721015
1601563884
1601471155
1601048643
1600709635
1600508843
1600363452
1600188060
1599935513
1599843666
1599668360
1599415145
1599307604
1599147810
1598982057
1598897054
1598807141
1598719461
1598257359
1597859807
1597687235
1597515768
1597344290
1597253685
1596908882
1596818690
1596642842
1596219278
1595956613
1595858769
1595709137
1595359509
1595271922
1595096631
1595006565
1594829094
1594736868
1594649552
1594486208
1594404175
1594323251
1594237165
1594137705
1593974849
1593886528
1593796268
1593707147
1593625571
1593539922
1593363988
1593287683
1593190586
1593111693
1593009412
1592937155
1592848247
1592582136
1592323280
1592231234
1592059612
1591974220
1591129597
1590859541
1590763088
1590435214
1590154822
1589909277
1589825303
1589722569
1589650824
1589561731
1589479218
1589382161
1589293829
1589207853
1589123930
1589036340
1588948072
1588775673
1588692571
1588522685
1588342684
1588258380
1588176993
1588080235
1588001107
1587985123
1587918043
1587912227
1587638092
1587056921
1587052653
1586624756
1586457664
1586456177
1586294173
1586280127
1586193354
1586191422
1586183530
1586176309
1586111631
1586084677
1586076877
1586021213
1586019918
1586019360
1586013213
1585997229
1585846214
1585840881
1585840074
1585839745
1585837160
1585772551
1585244325
1584306352
1584227107
1583357060
1583356896
1575659920
1575391009
1574372345
1572194713
1572194610
1567544338
1567447620
1567356339
1567082525
1567015012
1567014831
1566995432
1566687840
1563833194
1563832514
1560787800
1560787164
1560018594
1558295898
1550503393
1550502880
1546362269
1546361907
1546264784
1545944300
1545906750
1545904930
1542564010
1542563929
1542045329
1540489728
1540489220
1540488807
1526063047
1526062953
1525719041
1525712237
1525363788
1525363292
1524328520
1524253005
1524252750
1523292851
1523292690
1523292294
1523019175
1523017730
1523014638
1523014436
1522763416
1522763000
1522762832
1522684150
1522683715
1522682864
1522682580
1522681280
1522680284
1522679424
1522678956
1521889259
1521227127
1521225743
1512409927
1511606961
1511557696
1511557296
1511545027
1510394068
1508845778
1508774945
1508774608
1508774236
1508774032
1508580630
1508580331
1508535335
1508534144
1508184940
1508184784
1507133832
1506872279
1506871855
1506855785
1506793259
1506792385
1506765101
1506630261
1506580596
1506366158
1505058463
1505056746
1505056019
1504516282
1504515785
1504264378
1502992817
1502986698
1501780594
1500805575
1500274293
1497557171
1494832066
1494607937
1493742021
1493276313
1493276031
1493044199
1493019065
1493018748
1492870548
1492781042
1492780313
1492779348
1492676909
1492624753
1492506107
1492021453
1491930545
1491843662
1491843185
1491842971
1491834739
1491834650
1491830414
1491823911
1491823530
1491818017
1491817085
1491816208
1491815469
1491814740
1491813489
1491769593
1491769084
1491752104
1491731127
1491679765
1491651977
1491651653
1491651583
1491508342
1491507630
1491507316
1491506556
1491506434
1491328308
1491326076
1491325660
1491324670
1491247268
1491246893
1491131812
1489000871
1488738926
1488723325
1488723057
1488634754
1488563949
1488563649
1488401482
1488382696
1488218712
1488218297
1488217682
1488215811
1488047713
1488044127
1488043229
1487931962
1487930397
1487891806
1487891043
1487878572
1487878199
1487876295
1487875701
1487875419
1487870816
1487869978
1487786510
1487768080
1487766519
1487766360
1487766151
1487765889
1487764718
1487751393
1487505858
1485552930
1484814625
1484814407
1484682447
1484682142
1482760651
1482759890
1482701821
1482701479
1482675402
1482610593
1482607512
1482357773
1481704657
1481704152
1477230194
1477220653
1477160257
1477159929
1477159308
1477151137
1477150492
1477135901
1477078601
1477077973
1476561311
1476561004
1476008663
1476008438
1476008094
1474662976
1474662361
1474662147
1474661964
1470347004
1470346702
1470346325
1470346164
1470345803
1469802690
1469802341
1469801997
1469783557
1469782522
1469782312
1469782132
1469780344
1469779981
1469022958
1469022552
1467558228
1467558014
1467556565
1466528237
1466527305
1466522846
1466522522
1466178268
1465754683
1465754541
1465754144
1465753895
1465746195
1465070275
1465067736
1464790282
1464789934
1464691795
1464551697
1464457910
1464457635
1464434269
1464432280
1464432104
1462630020
1462629223
1462628686
1462304856
1462304815
1462304574
1462304357
1462304185
1462303998
1462299887
1462299567
