000000000000000000000000000000000000000000000000000000000000000000000000000000000000000000000000000000000000000000000010000000000000000000000000000000000000000000000101000000000000000000000000000000000000000000000000000000000000000000000000000000000000000000000000000000000000000000000000000000000000000000000100000000000000000000000000
000000000000000000000101000000000000000000000000000000000000000000000101000000000000000000000000000000000000000000000110000000000000000000000000000000000000000000010001000000000000000000000000000000000000000000000100100000000000000000000000000000000000000000000000000000000000000000000000000000000000000000000001000000000000000000000000
000000000000000000000000000000000000000000000000000000000000000000000000000000000000000000000000000000000000000000000110000000000000000000000000000000000000000000000000000000000000000000000000000000000000000000000000000000000000000000000000000000000000000000000000000000000000000000000000000000000000000000010001000000000000000000000000
000000000000000000000000000000000000000000000000000000000000000000000000000000000000000000000000000000000000000000000000000000000000000000000000000000000000000000000000000000000000000000000000000000000000000000000000000000000000000000000000000000000000000000000000000000000000000000000000000000000000000000000000000000000000000000000000
000000000000000000000101000000000000000000000000000000000000000000001010000000000000000000000000000000000000000000000000000000000000000000000000000000000000000000000000000000000000000000000000000000000000000000000000000000000000000000000000000000000000000000000000000000000000000000000000000000000000000000000101000000000000000000000000
000000000000000000000100000000000000000000000000000000000000000000010000000000000000000000000000000000000000000000010000000000000000000000000000000000000000000000000101000000000000000000000000000000000000000000010100000000000000000000000000000000000000000000000000000000000000000000000000000000000000000000000000000000001000000000000000
000000000000000000000000000000001010000000000000000000000000000000000000000000000001010000000000000000000000000000000000000000000010010000000000000000000000000000000000000000000001100000000000000000000000000000000000000000000000100100000000000000000000000000000010000000001000100000000000000000000000000000000000000000001001010000000000
000000000000000000000000000001000100010000000000000000000000000000000000001000000001010000000000000000000000000000000000100000000010101000000000000000000000000000000000000000000010001010000000000000000000000000000000010001001010000000000000000000000000000000000000100100000101000000000000000000000000000000000000000000000100100000000000
000000000000000000000000000000000101001000000000000000000000000000000000000000000100010100000000000000000000000000000000000000000101010000000000000000000000000000000000000000000101010000000000000000000000000000000000100010001000100000000000000000000000000000000000010001001001000000000000000000000000000000000000000000000100110000000000
000000000000000000000000000000000100110000000000000000000000000000000000000000000100101000000000000000000000000000000000000000000010101000000000000000000000000000000000000000000010101000000000000000000000000000000000010010010010000000000000000000000000000000000000100000010010000000000000000000000000000000000000000000000010101000000000
000000000000000000000000000000001011000000000000000000000000000000000000000000000010101000000000000000000000000000000000000000000010110000000000000000000000000000000000000000000010100000000000000000000000000000000000100100010000000000000000000000000000000000000010010100010010000000000000000000000000000000000000000000001010110000000000
000000000000000000000000000000001010101000000000000000000000000000000000000000000000110000000000000000000000000000000000000000000010101000000000000000000000000000000000000000000010101000000000000000000000000000000000001001001001000000000000000000000000000000000000010001001000000000000000000000000000000000000000000000000010110000000000
000000000000000000000000000000000010100000000000000000000000000000000000000000000010101000000000000000000000000000000000000000001000100000000000000000000000000000000000000000000000000000000000000000000000000000000000000001000010000000000000000000000000000000000000001000100100000000000000000000000000000000000000000000001010101000000000
000000000000000000000000000000100000000000000000000000000000000000000000000000100010000000000000000000000000000000000000000000010000100000000000000000000000000000000000000000101000000000000000000000000000000000000000100001001000000000000000000000000000000000000001000100100100000000000000000000000000000000000000000000101010000000000000
000000000000000000000000000000101010000000000000000000000000000000000000000000101010000000000000000000000000000000000000000000100000000000000000000000000000000000000000000000101000000000000000000000000000000000000000100100010000000000000000000000000000000000000000000000000000000000000000000000000000000000000000000000001010100000000000
000000000000000000000000000000101010000000000000000000000000000000000000000000101001000000000000000000000000000000000000000000000010100000000000000000000000000000000000000001010101000000000000000000000000000000000000010010100010000000000000000000000000000000000000100100100100000000000000000000000000000000000000000000010000000000000000
000000000000000000000000000001000000000000000000000000000000000000000000000000000000000000000000000000000000000000000000000001000000000000000000000000000000000000000000000001000000000000000000000000000000000000000000100000100010000000000000000000000000000000000000000100100001000000000000000000000000000000000000000000010000010000000000
000000000000000000000000000001000010000000000000000000000000000000000000000001000000000000000000000000000000000000000000000010100100000000000000000000000000000000000000000001000010000000000000000000000000000000000000000100100000010000000000000000000000000000000000000101001000100000000000000000000000000000000000000001000001000000000000
000000000000000000000000000001000000000000000000000000000000000000000000000001000010000000000000000000000000000000000000000100100000000000000000000000000000000000000000000100010010000000000000000000000000000000000000000101001000000000000000000000000000000000000000010100100100000000000000000000000000000000000000000000001001000000000000
000000000000000000000000000010000000000000000000000000000000000000000000000010010001000000000000000000000000000000000000000010010000100000000000000000000000000000000000000010001001010000000000000000000000000000000000000100001000000000000000000000000000000000000000000100100000000000000000000000000000000000000000000001000000000000000000
000000000000000000000000000001001000100000000000000000000000000000000000000001010000000000000000000000000000000000000000000001000100100000000000000000000000000000000000000000100010000000000000000000000000000000000000001000100100100000000000000000000000000000000000001000100010100000000000000000000000000000000000000000010000000000000000
000000000000000000000000000000101000100000000000000000000000000000000000000000100010000000000000000000000000000000000000000001001000000000000000000000000000000000000000000001001000000000000000000000000000000000000000001000000000000000000000000000000000000000000000000100000100000000000000000000000000000000000000000000100101000000000000
000000000000000000000000000001010001000000000000000000000000000000000000000001010010000000000000000000000000000000000000000000100010000000000000000000000000000000000000000000100001000000000000000000000000000000000000000100010010000000000000000000000000000000000000000101000001000000000000000000000000000000000000000000010010000000000000
000000000000000000000000000001001000000000000000000000000000000000000000001001000001000000000000000000000000000000000000000001001000000000000000000000000000000000000000000001000100000000000000000000000000000000000000000100001000000000000000000000000000000000000000000101000010000000000000000000000000000000000000000000001001000000000000
000000000000000000000000000000010000000000000000000000000000000000000000000101001010000000000000000000000000000000000000000010001000000000000000000000000000000000000000000010101000000000000000000000000000000000000000000010010100000000000000000000000000000000000000001100010000000000000000000000000000000000000000000000100000000000000000
000000000000000000000000001010100000000000000000000000000000000000000000100001001000000000000000000000000000000000000000100100100000000000000000000000000000000000000000001001000000000000000000000000000000000000000000010100010100000000000000000000000000000000000000001010101000000000000000000000000000000000000000000000010010000000000000
000000000000000000000000000010100010000000000000000000000000000000000000000001010100000000000000000000000000000000000000000011100000000000000000000000000000000000000000000101010000000000000000000000000000000000000100001001000000000000000000000000000000000000000000100010101000000000000000000000000000000000000000000000010100100000000000
000000000000000000000000000010000000000000000000000000000000000000000000001001000000000000000000000000000000000000000000000010101000000000000000000000000000000000000000000010101000000000000000000000000000000000000000000110101000000000000000000000000000000000000000000010101000000000000000000000000000000000000000000000010100000000000000
000000000000000000000000001011000000000000000000000000000000000000000000000010101010000000000000000000000000000000000000000010010010000000000000000000000000000000000000000010001000000000000000000000000000000000000000000010101000000000000000000000000000000000000000000010000000000000000000000000000000000000000000000000001010000000000000
000000000000000000000000000010100010000000000000000000000000000000000000010010100100000000000000000000000000000000000000000010100010000000000000000000000000000000000000000010010100000000000000000000000000000000000000001010000000000000000000000000000000000000000000000000101000000000000000000000000000000000000000000000001110000000000000
000000000000000000000000001010010000000000000000000000000000000000000000000101010000000000000000000000000000000000000000000010000000000000000000000000000000000000000000000000000000000000000000000000000000000000000000110010100000000000000000000000000000000000000000001000101000000000000000000000000000000000000000000000011100000000000000
000000000000000000000000001010100100000000000000000000000000000000000000001010100100000000000000000000000000000000000000001010000000000000000000000000000000000000000000001010100000000000000000000000000000000000000000001010100000000000000000000000000000000000000000101010100000000000000000000000000000000000000000000000001010000000000000
000000000000000000000000000010101000000000000000000000000000000000000000000001010100000000000000000000000000000000000000000010001000000000000000000000000000000000000000010000000000000000000000000000000000000000000000001000000000000000000000000000000000000000000000000000010000000000000000000000000000000000000000001001010100000000000000
000000000000000000000000000001010100000000000000000000000000000000000000000001000001000000000000000000000000000000000000000001000100000000000000000000000000000000000000000000000000000000000000000000000000000000000000010000001100000000000000000000000000000000000000000100010100000000000000000000000000000000000000000000000100000000000000
000000000000000000000000000010011001100000000000000000000000000000000000000010010100000000000000000000000000000000000000000101000011000000000000000000000000000000000000000001001001110000000000000000000000000000000000001010010110001100000000000000000000000000000000010000000000011000000000000000000000000000000000000001001010000000000000
000000000000000000000000000101000000000000000000000000000000000000000000000010100000000000000000000000000000000000000000000101000000000000000000000000000000000000000000000101000000001000000000000000000000000000000000000110000000001000000000000000000000000000000000000001000000000000000000000000000000000000000000000000010100000000000000
000000000000000000000000000010010000000000000000000000000000000000000000000010010000000000000000000000000000000000000000001010010000010000000000000000000000000000000000000101001000000000000000000000000000000000000000000101010000000000000000000000000000000000000000000010000000000000000000000000000000000000000000000000001010000000000000
000000000000000000000000000101000000000000000000000000000000000000000000000010010000000000000000000000000000000000000000000101010000000000000000000000000000000000000000000101000000100000000000000000000000000000000000000101000001001000000000000000000000000000000000000100100000000000000000000000000000000000000000000000001100000000000000
000000000000000000000000000101010000000000000000000000000000000000000000000010100000000000000000000000000000000000000000000010100000000000000000000000000000000000000000000011000001000000000000000000000000000000000000001000100000000100000000000000000000000000000000001010000001000000000000000000000000000000000000000000001010000000000000
000000000000000000000000001010000001010000000000000000000000000000000000000001010100000000000000000000000000000000000000000000000000000000000000000000000000000000000000000010000000000000000000000000000000000000000000000101100000001000000000000000000000000000000000001010001000000000000000000000000000000000000001000000001010000000000000
000000000000000000000000000010000000000000000000000000000000000000000000000010000000000000000000000000000000000000000000000010000100000000000000000000000000000000000000000011000000000000000000000000000000000000000000000000000000000000000000000000000000000000000000000010000000010000000000000000000000000000000000000000001000000000000000
000000000000000000000000000010000000000000000000000000000000000000000000000010000000000000000000000000000000000000000000000000000000000000000000000000000000000000000000000010000000000000000000000000000000000000000000000010000000100000000000000000000000000000000000000000000001000000000000000000000000000000000000000000000100000000000000
000000000000000000000000000010100000000000000000000000000000000000000000000000000110000000000000000000000000000000000000000100000010000000000000000000000000000000000000000000000000000000000000000000000000000000000000000000000000000000000000000000000000000000000000000000100000000000000000000000000000000000000000000000000100000000000000
000000000000000000000000000000100001000000000000000000000000000000000000000000100000000000000000000000000000000000000000000000100001000000000000000000000000000000000000000001100000000100000000000000000000000000000000000000000000000000000000000000000000000000000000000000100000000000000000000000000000000000000000000000000100000000000000
000000000000000000000000000000000000000000000000000000000000000000000000000000000001000000000000000000000000000000000000000000001000000000000000000000000000000000000000000001000000000000000000000000000000000000000000000000100000000010000000000000000000000000000000000000000000000000000000000000000000000000000000000000000000100000000000
000000000000000000000000000000100000000000000000000000000000000000000000000000100000000000000000000000000000000000000000000000100000000000000000000000000000000000000000000000100000000000000000000000000000000000000000000000100000001000000000000000000000000000000000000000100000000000000000000000000000000000000000000000000000010000000000
000000000000000000000000000000100000000000000000000000000000000000000000000000010000000000000000000000000000000000000000000000100000100000000000000000000000000000000000000000000001000000000000000000000000000000000000000000000100001000000000000000000000000000000000000000000000000000000000000000000000000000000000000000100000000000000000
000000000000000000000000000000100000000000000000000000000000000000000000000000000000000000000000000000000000000000000000000000100000000010000000000000000000000000000000000001000000000100000000000000000000000000000000000001000000000000000000000000000000000000000000000000000000000000000000000000000000000000000000000001000000000000000000
000000000000000000000000000000100000000000000000000000000000000000000000000001000000000000000000000000000000000000000000000000100000000000000000000000000000000000000000000000000000000000000000000000000000000000000000000000000000000000000000000000000000000000000000000000000000000000000000000000000000000000000000000000100000000000000000
000000000000000000000000000000100000000000000000000000000000000000000000000000000000000000000000000000000000000000000000000000000000000000000000000000000000000000000000000000000000000000000000000000000000000000000000000000000000000000000000000000000000000000000000000010000000000000000000000000000000000000000000000001000000000000000000
000000000000000000000000000000100000001000000000000000000000000000000000000000000000000000000000000000000000000000000000000000000000000000000000000000000000000000000000000000000000000000000000000000000000000000000000000000100000000000000000000000000000000000000000000000100000000000000000000000000000000000000000000000000000000000000000
000000000000000000000000000000100000100000000000000000000000000000000000000000000010000000000000000000000000000000000000000000000000000000000000000000000000000000000000000000000000000000000000000000000000000000000000000000100000000000000000000000000000000000000000000001000000000000000000000000000000000000000000000000000000000000000000
000000000000000000000000000000000000000000000000000000000000000000000000000000000000000000000000000000000000000000000000000000000000000000000000000000000000000000000000000000100000000000000000000000000000000000000000000000100000000000000000000000000000000000000000000000000010000000000000000000000000000000000000000000100000000000000000
000000000000000000000000000000100000000000000000000000000000000000000000001000100000000000000000000000000000000000000000000000000000000000000000000000000000000000000000000000100000000000000000000000000000000000000000000000000000000000000000000000000000000000000000000000000000000000000000000000000000000000000000000001000000000000100000
000000000000000000000000000001000000000000000000000000000000000000000000000000100000100000000000000000000000000000000000000000000000000000000000000000000000000000000000000000100000000000000000000000000000000000000000000000100000000000000000000000000000000000000000000000000000000000000000000000000000000000000000000000100000000000000000
000000000000000000000000000000100000000000000000000000000000000000000000000000000000000000000000000000000000000000000000000000100000000001000000000000000000000000000000000000100000000000000000000000000000000000000000000000000000000000000000000000000000000000000000000000100000000000000000000000000000000000000000000000000000010000000000
000000000000000000000000000000100000000000000000000000000000000000000000000000000000000000000000000000000000000000000000000000100000000000000000000000000000000000000000000000000000000000000000000000000000000000000000001000000000000000000000000000000000000000000000000000000000000000000000000000000000000000000000000100000001000000000000
000000000000000000000000000010000000000000000000000000000000000000000000000000000000000000000000000000000000000000000000000010000000000000000000000000000000000000000000000000000000000000000000000000000000000000000000000010000000000000000000000000000000000000000000000100000000000000000000000000000000000000000000000010000000000000000000
000000000000000000000000000000000000000000000000000000000000000000000000000000000000000000000000000000000000000000000000000010000001000000000000000000000000000000000000000001000000000000000000000000000000000000000000000100000000000000000000000000000000000000000000000000000000000000000000000000000000000000000000000010000000000000000000
000000000000000000000000000010000000000000000000000000000000000000000000000010000000000000000000000000000000000000000000000010000000000000000000000000000000000000000000000010000000000000000000000000000000000000000000000010000000000000000000000000000000000000000000000000000000000000000000000000000000000000000000000100000000000000000000
000000000000000000000000000010000000000000000000000000000000000000000000000001000000000000000000000000000000000000000000000001000000000000000000000000000000000000000000000100000000000000000000000000000000000000000000000100000000000000000000000000000000000000000000000000000000000000000000000000000000000000000000000100000000000000000000
000000000000000000000000000000000000000000000000000000000000000000000000000100000000000000000000000000000000000000000000000010000000000000000000000000000000000000000000000100000000000000000000000000000000000000000000000100000000000000000000000000000000000000000000000010000000000000000000000000000000000000000000000100000000001000000000
000000000000000000000000000100000000000000000000000000000000000000000000001000000000000000000000000000000000000000000000000010000000000000000000000000000000000000000000000010000000000000000000000000000000000000000000000010000000000000000000000000000000000000000000000000000000000000000000000000000000000000000000000000000000000000000000
000000000000000000000000000001000000000000000000000000000000000000000000000001000000000000000000000000000000000000000000000001000000010000000000000000000000000000000000000010000000000000000000000000000000000000000000000000110000000000000000000000000000000000000000001000000000000000000000000000000000000000000000000010000000000000000000
000000000000000000000000000000100000000000000000000000000000000000000000000000000000000000000000000000000000000000000000000100000000000000000000000000000000000000000000000010000000000000000000000000000000000000000000000010000000000000000000000000000000000000000000001000000000000000000000000000000000000000000000001000000000000000000000
000000000000000000000000001000000000000000000000000000000000000000000000000100000000000000000000000000000000000000000000000000000000000000000000000000000000000000000000001000000000000000000000000000000000000000000000001000000000000000000000000000000000000000000000001000000000000000000000000000000000000000000000001000000000000000000000
000000000000000000000000001000000000000000000000000000000000000000000000001000000000000000000000000000000000000000000000000100000000000000000000000000000000000000000000000100000000000000000000000000000000000000000000001000000000000000000000000000000000000000000000001000000000000000000000000000000000000000000000000100000000000000000000
000000000000000000000000000000000000000000000000000000000000000000000000001000000000000000000000000000000000000000000000000010000000000000000000000000000000000000000000000100000000000000000000000000000000000000000000000000000000000000000000000000000000000000000000001000000000000000000000000000000000000000000000001000000000000000000000
000000000000000000000000001000000000000000000000000000000000000000000000001000000000000000000000000000000000000000000000001000000000000000000000000000000000000000000000000000000000000000000000000000000000000000000000001000000000000000000000000000000000000000000000001000000000000000000000000000000000000000000000001000000000000000000000
000000000000000000000000001000000000000000000000000000000000000000000000000000000001000000000000000000000000000000000000010000000000000000000000000000000000000000000000100000000000000000000000000000000000000000000000010001000000000000000000000000000000000000000000010000010000000000000000000000000000000000000000000001000000000000000000
000000000000000000000000000000000000000000000000000000000000000000000000000010000000000000000000000000000000000000000000000000000000000000000000000000000000000000000000100000000000000000000000000000000000000000000000000100000000000000000000000000000000000000000000001000000000000000000000000000000000100000000000001000000000000000000000
000000000000000000000000000000100000000000000000000000000000000000000000001000000000000000000000000000000000000000000000001000000000000000000000000000000000001000000000001000000000000000000000000000000000000000000000010000000000000000000000000000000000000000000000000000000000000000000000000000000000000000000000001000000000000000000000
000000000000000000000000000000000000000000000000000000000000000000000000001000000000000000000000000000000000000000000000000100000000000000000000000000000000000000000000100001000000000000000000000000000000000000000000001000000000000000000000000000000000000000001000001000000000000000000000000000000000000000000000000100000000000000000000
000000000000000000000000000100000000000000000000000000000000000000000000000000000000000000000000000000000000000000000000000100000000000000000000000000000000000000000000000100000000000000000000000000000000000000000000001000000000000000000000000000000000000000100000001000000000000000000000000000000000000000000000000010000000000000000000
000000000000000000000000000000000000000000000000000000000000000000000000000000000000000000000000000000000000000000000000010000000000000000000000000000000000000000000000010000000000000000000000000000000000000000000000000100000000000000000000000000000000001000000000001000000000000000000000000000000000000000000000001000000000000000000000
000000000000000000000000000100000010000000000000000000000000000000000000000000001000000000000000000000000000000000000000001000001000000000000000000000000000000000000000000000000000000000000000000000000000000000000000000000000000000000000000000000000000000000000000000000000000000000000000000000000000000000000000000010000000000000000000
000000000000000000000000000001000000000000000000000000000000000000000000010000000000000000000000000000000000000000000000001000010000000000000000000000000000000000000000001000100000000000000000000000000000000000000001000001000000000000000000000000000000000000000000000000100000000000000000000000000000000000000000000100000000000000000000
000000000000000000000000100000100000000000000000000000000000000000000001000001000000000000000000000000000000000000000000000000010010000000000000000000000000000000000000001000000000000000000000000000000000000000000000001000001000000000000000000000000000000000000000000000000000000000000000000000000000000000000000000000001000000000000000
000000000000000000000000000000100000000000000000000000000000000000000000001000001000000000000000000000000000000000000000000100000000000000000000000000000000001000000000001000000000000000000000000000000000000000000000010000000000000000000000000000000000000000000000000000100000000000000000000000000000000000000000000000001000100000000000
000000000000000000000000001000001000000000000000000000000000000000000000100000001000000000000000000000000000000000000000000000000010000000000000000000000000000000000000000010001000000000000000000000000000000000000000001000000000000000000000000000000000000000000000000000000000000000000000000000000000000000000000100000000000000000000000
000000000000000000000000000010001000000000000000000000000000000000000000000000100000000000000000000000000000000000000000000000100000000000000000000000000000000000000000001000001000000000000000000000000000000000000000000000100000000000000000000000000000000000000000000000001000000000000000000000000000000000000100000000000000000000000000
000000000000000000000010000000000000000000000000000000000000000000000000000010000000000000000000000000000000000000000000010000001000000000000000000000000000000000000010000000100001000000000000000000000000000000000000000000100000000000000000000000000000000000000000000000000000000000000000000000000000000000000000000000000000000000000000
000000000000000000000000001000000000000000000000000000000000000000000000000100000000000000000000000000000000000000000000000100000000000000000000000000000000000000000010001000000000000000000000000000000000001000000000000000000000000000000000000000000000001000000000000000000000000000000000000000000000000000000000001000000000000000000000
000000000000000000000000000000000000000000000000000000000000000000000001000000000000000000000000000000000000000000000001000000000000000000000000000000000000000000000000100000000000000000000000000000000000000000000000010000000000000000000000000000000000000000000000000100000000000000000000000000000000000000000000001000000000000000000000
000000000000000000000100000000000000000000000000000000000000000000001000000000000000000000000000000000000000000000000000000100000000000000000000000000000000000000000100000000000000000000000000000000000000000000000010000000000000000000000000000000000000000000000100000000000000000000000000000000000000000000000010000000000000100000000000
000000000000000000000010000000000000000000000000000000000000000000000010000000000000000000000000000000000000000000000010000000000000000000000000000000000000000000000000000000000000000000000000000000000000000000000010000000000000000000000000000000000000000000000100000000000000000000000000000000000000000000000001000000000000000000000000
000000000000000000000010000000000000000000000000000000000000000000000010000000000000000000000000000000000000000000000100000000000000000000000000000000000000000000000001000000000000000000000000000000000000000000000100000000000000000000000000000000000000000000000010000000000000000000000000000000000000000000000100000000000000000000000000
000000000000000000000010000000000000000000000000000000000000000000000100000000000000000000000000000000000000000000000000000000000000000000000000000000000000000000000100000000000000000000000000000000000000000000000100000000000000000000000000000000000000000000000010000000000000000000000000000000000000000000000100000000000000000000000000
000000000000000000000010000000000000000000000000000000000000000000001000000000000000000000000000000000000000000000000001000000000000000000000000000000000000000000000100000000000000000000000000000000000000000000000100000000000000000000000000000000000000000000000100000000000000000000000000000000000000000000000000000000000000000000000000
000000000000000000000100000000000000000000000000000000000000000000000000100000000000000000000000000000000000000000000000000000000000000000000000000000000000000000000100000000000000000000000000000000000000000000000001000000000000000000000000000000000000000000000100000000000000000000000000000000000000000000000100000000000000000000000000
000000000000000000000100000000000000000000000000000000000000000000000001000000000000000000000000000000000000000000000100000000000000000000000000000000000000000000000001000000000000000000000000000000000000000000000001000000000000000000000000000000000000000000000010000000000000000000000000000000000000000000000010000000000000000000000000
000000000000000000000010000000000000000000000000000000000000000000000010000000000000000000000000000000000000000000000010000000000000000000000000000000000000000000000100000000000000000000000000000000000000000000001000000000000000000000000000000000000000000000100000000000000000000000000000000000000000000000100000000000000000000000000000
000000000000000000000010000000000000000000000000000000000000000000000000001000000000000000000000000000000000000000000000000100000000000000000000000000000000000000000000010000000000000000000000000000000000000000000000001000000000000000000000000000000000000000001000000000000000000000000000000000000000000000000001000000000000000000000000
000000000000000000000001000000000000000000000000000000000000000000000010000000000000000000000000000000000000000000000010000000000000000000000000000000000000000000000010000000000000000000000000000000000000000000000100000000000000000000000000000000000000000000000000000000000000000000000000000000000000000000000010000000000000000000000000
000000000000000000000010000000000000000000000000000000000000000000000100000000000000000000000000000000000000000000001000000000000000000000000000000000000000000000000010000000000000000000000000000000000000000000000000100000000000000000000000000000000000000000000000100000000000000000000000000000000000000000000000100000000000000000000000
000000000000000000000000100000000000000000000000000000000000000000000010000000000000000000000000000000000000000000000000000001000000000000000000000000000000000000000000000001000000000000000000000000000000000000000000000001000000000000000000000000000000000000000000000100000000000000000000000000000000000000000000000001000000000000000000
000000000000000000000000000100000000000000000000000000000000000000000000000100000000000000000000000000000000000000000000000100000000000000000000000000000000000000000000001000000000000000000000000000000000000000000000000100000000000000000000000000000000000000000000100000000000000000000000000000000000000000000000100000000000000000000000
000000000000000000000000001000000000000000000000000000000000000000000000000000010000000000000000000000000000000000000000010000000000000000000000000000000000000000000000000100000000000000000000000000000000000000000000001000000000000000000000000000000000000000000001000000000000000000000000000000000000000000000000000100000000000000000000
000000000000000000000000000010000000000000000000000000000000000000000000000100000000000000000000000000000000000000000000100000000000000000000000000000000000000000000000000000010000000000000000000000000000000000000000000100000000000000000000000000000000000000000000000100000000000000000000000000000000000000000000001000000000000000000000
000000000000000000000000100000000000000000000000000000000000000000000000000100000000000000000000000000000000000000000000000010000000000000000000000000000000000000001000000000000000000000000000000000000000000000000000000000000000000000000000000000000000000000001000000000000000000000000000000000000000000000001000000000000000000000000000
000000000000000000001000000000000000000000000000000000000000000000000000000000000000000000000000000000000000000000001000000000000000000000000000000000000000000000001000000000000000000000000000000000000000000000001000000000000000000000000000000000000000000000001000000000000000000000000000000000000000000000001000000000000000000000000000
000000000000000000001000000000000000000000000000000000000000000000000000000000001000000000000000000000000000000000001000000000000000000000000000000000000000000000001000000000000000000000000000000000000000000000000000000000000000000000000000000000000000000000001000000000000000000000000000000000000000000000001000000000000000000000000000
000000000000000000000000000000000000000000000000000000000000000000001000000000000000000000000000000000000000000000001000000000000000000000000000000000000000000000001000000000000000000000000000000000000000000000001000000000000000000000000000000000000000000000001000000000000000000000000000000000000000000000001000000000000000000000000000
000000000000000000001000000000000000000000000000000000000000000000001000000000000000000000000000000000000000000000001000000000000000000000000000000000000000000000001000000000000000000000000000000000000000000000010000000000000000000000000000000000000000000000000000000000100000000000000000000000000000000000000000100000000000000000000000
000000000000000000000100000000000000000000000000000000000000000000010000000000000000000000000000000000000000000000000010000000000000000000000000000000000000000000000010000000000000000000000000000000000000000000000000100000000000000000000000000000000000000000001000000000000000000000000000000000000000000000001000000000000000000000000000
000000000000000000001000000000000000000000000000000000000000000000000010000000000000000000000000000000000000000000000010000000000000000000000000000000000000000000000010000000000000000000000000000000000000000000000010000000000000000000000000000000000000000000001000000000000000000000000000000000000000000000000100000000000000000000000000
000000000000000000000010000000000000000000000000000000000000000000000010000000000000000000000000000000000000000000000010000000000000000000000000000000000000000000000010000000000000000000000000000000000000000000001000000000000000000000000000000000000000000000000100000000000000000000000000000000000000000000000010000000000000000000000000
000000000000000000000010000000000000000000000000000000000000000000000010000000000000000000000000000000000000000000000010000000000000000000000000000000000000000000000010000000000000000000000000000000000000000000010000000000000000000000000000000000000000000000000010000000000000000000000000000000000000000000000000000000000000000000000000
000000000000000000000010000000000000000000000000000000000000000000000010000000000000000000000000000000000000000000000100000000000000000000000000000000000000000000000001000000000000000000000000000000000000000000000000000000000000000000000000000000000000000000000010000000000000000000000000000000000000000000000010000000000000000000000000
000000000000000000000010000000000000000000000000000000000000000000001000000000000000000000000000000000000000000000000100000000000000000000000000000000000000000000000010000000000000000000000000000000000000000000000010000000000000000000000000000000000000000000000000000000000000000000000000000000000000000000000000000000000000000000000000
000000000000000000000010000000000000000000000000000000000000000000000001000000000000000000000000000000000000000000000010000000000000000000000000000000000000000000000010000000000000000000000000000000000000000000000000000000000000000000000000000000000000000000000000000000000000000000000000000000000000000000000001000000000000000000000000
000000000000000000000010000000000000000000000000000000000000000000000100000000000000000000000000000000000000000000000100000000000000000000000000000000000000000000000000100000000000000000000000000000000000000000001000000000000000000000000000000000000000000000000000000000000000000000000000000000000000000000000000000000000000000000000000
000000000000000000000000100000000000000000000000000000000000000000001000000000000000000000000000000000000000000000000010000000000000000000000000000000000000000000000001000000000000000000000000000000000000000000000100000000000000000000000000000000000000000000000000000000000000000000000000000000000000000000000100000000000000000000000000
000000000000000000000001000000000000000000000000000000000000000000000001000000000000000000000000000000000000000000000000000000000000000000000000000000000000000000000010000000000000000000000000000000000000000000000100000000000000000000000000000000000000000000000000000000000000000000000000000000000000000000000000000000000000000000000000
000000000000000000000000000000000000000000000000000000000000000000000000000000000000000000000000000000000000000000000000000000000000000000000000000000000000000000000000000000000000000000000000000000000000000000000000000000000000000000000000000000000000000000000000000000000000000000000000000000000000000000000000000000000000000000000000
000000000000000000000000000000000000000000000000000000000000000000000000000000000000000000000000000000000000000000000000000100000000000000000000000000000000000000000100000000000000000000000000000000000000000000000000000000000000000000000000000000000000000000000000000000000000000000000000000000000000000000000000000000000000000000000000
000000000000000000001000000000000000000000000000000000000000000000000100000000000000000000000000000000000000000000000010000000000000000000000000000000000000000000000100000000000000000000000000000000000000000000000000000000001000000000000000000000000000000000000010000000000000000000000000000000000000000000000100000000000000000000000000
000000000000000000000000000000000000000000000000000000000000000000000000000000000000000000000000000000000000000000001000000000000000000000000000000000000000000000000100000000000000000000000000000000000000000000000000000000000000000000000000000000000000000000000000000000000000000000000000000000000000000000000000000000000000000000000000
