000000000010000000000000000000000000000000000000000000000001000000000000000000000000000000000000000010000000100000000000000000000000000000000000000000000101000000000000000000000000000000000000000010000000000000000000000000000000000000000000000000000000000000000000000000000000000000000000000000000010000000000000000000000000000000000000
001000000010000000000000000000000000000000000000000010000000100000000000000000000000000000000000000000000001000000000000000000000000000000000000000000000001000000000000000000000000000000000000000101000000000000000000000000000000000000000000000001000000000000000000000000000000000000000000000001000000000000000000000000000000000000000000
000000000010000000000000000000000000000000000000000100000110000000000000000000000000000000000000001000000000100000000000000000000000000000000000011000000010000000000000000000000000000000000000000000000011000000000000000000000000000000000000000000001100000000000000000000000000000000000000000000010000000000000000000000000000000000000000
010000100010000000000000000000000000000000000000000000000010000000000000000000000000000000000000000100000100000000000000000000000000000000000000000000101010000000000000000000000000000000000000000001001001000000000000000000000000000000000000000000000110000000000000000000000000000000000000000000000010000000000000000000000000000000000000
000001000010000000000000000000000000000000000000000000000110000000000000000000000000000000000000000000000000010000000000000000000000000000000000000000000110000000000000000000000000000000000000000000000010100000000000000000000000000000000000000000000001000000000000000000000000000000000000000000000100010000000000000000000000000000000000
000000000010001000000000000000000000000000000000000100000001000000000000000000000000000000000000000000000010100000000000000000000000000000000000000000000010010000000000000000000000000000000000000000000100100000000000000000000000000000000000000000000110000000000000000000000000000000000000000000000110000000000000000000000000000000000000
000000000101000000000000000000000000000000000000000000000110000000000000000000000000000000000000000000000000000000000000000000000000000000000000000000000111000000000000000000000000000000000000000000000001000000000000000000000000000000000000000000000000000000000000000000000000000000000000000000000010000000000000000000000000000000000000
000000000001000000000000000000000000000000000000000000000011000000000000000000000000000000000000000000000110000000000000000000000000000000000000000000000001000000000000000000000000000000000000000000000001000000000000000000000000000000000000000000000010100000000000000000000000000000000000000000000001000000000000000000000000000000000000
000000000011000000000000000000000000000000000000000000000001000000000000000000000000000000000000000000000001100100000000000000000000000000000000000000000001000001000000000000000000000000000000000000000000010100000000000000000000000000000000000000000010010100000000000000000000000000000000000001000000000000000000000000000000000000000000
000001001000000000000000000000000000000000000000000000000010000000000000000000000000000000000000000000000011000000000000000000000000000000000000000000010011000000000000000000000000000000000000000000000000000000000000000000000000000000000000000001000100000000000000000000000000000000000000000000000000000001100000000000000000000000000000
000000000011000000000000000000000000000000000000000000000000000001000000000000000000000000000000000000100010100000000000000000000000000000000000000000010100000000000000000000000000000000000000000010000100000000000000000000000000000000000000000001000100000000000000000000000000000000000000000000000000000100000000000000000000000000000000
000000000100000001000000000000000000000000000000000001000100000000000100000000000000000000001000000001010000000000000000000000000000000000000000000000000010100100010000000000000000000000000000000000001010001000000000000000000000000000000000000000100100001000000000000000000000000000000000000000001110001000000000000000000000000000000000
000010000011000000000000000000000000000000000000000000000000010100000000000000000000000000000000000000000000110000000000000000000000000000000000000000000010000000000000000000000000000000000000000001000000000000000000000000000000000000000000000010100000100000000000000000000000000000000000000001000100010000000000000000000000000000000000
000000000010100000000000000000000000000000000000000000000100000000000000000000000000000000000000000000100000000000100000000000000000000000000000000000001010010000000000000000000000000000000000010001001000000000000000000000000000000000000000000000000110000000000000000000000000000000000000010001000010000000000000000000000000000000000001
000000000000000000000000000000000000000000000000000000000001000010000000000000000000000000000000000000001000001100000000000000000000000000000000100000001000100100000000000000000000000000000000010000000001010100010000000000000000000000000000000000110001000000000000000000000000000000000000000100001000100001000000000000000000000000000000
010010000001000000000000000000000000000000000000000000010000100000000000000000000000000000000000000000010000010000000000000000000000000000000000000000000000000100000000000000000000000000000000000100000001000101000000000000000000000000000000000110100000000000000000000000000000000000000000101000000010000010000000000000000000000000000000
000111000010000000000000000000000000000000000000001000001000000100000000000000000000000000000000010001000010000000000000000000000000000000000000000000000000000000000010000000000000000000000000000000000000000110000000000000000000000000000000001101000000000000000010000000000000000000000000000010000100000000010000000000000000000000000000
000000000000000000000000000000000000000000000000011000000100000000000000000000000000000000000000010010000001000000000000000000000000000000000000010001000000000000000000000000000000000000000000000100000000000000000000000000000000000000000000000000000000000000000000000000000000000000000000000000000000000000000000000000000000000000000000
000000000000000000000000000000000000000000000000000000000000000000000000000000000000000000000000000000000000000000000101000000000000000000000000000000000000000011101011000000000000000000000000000000000000000000111100001110000000000000000000000000000000000000100100000000000000000000000000000000000000000000000000000000000000000000000000
000000000000000000000000000000000000000000000000000000000000000011100010000000000000000000000000000000000000000000011100000000000000000000000000000000000000100011001000000000000000000000000000000000000001010001010000000000000000000000000000000000110000001001000000000000000000000000000000000000000000010100000010000000000000000000000000
000000000000101000000000000000000000000000000000000000000000000011000000000000000000000000000000000000000000110000010000000000000000000000000000000000000000000000000000000000000000000000000000000000000000000000000000101000000000000000000001000100000000000000000000000000000000000000000000000000000000000000000000000000000000000000000000
000000000000000000000000000000000000000000000000000000100000000000000000000000000000000000000000000000000000000100000000000000000000000000000000100000000000000000000000000000000000000000000000000010000000010000000000000000000000000000000000000010000100000000000000000000000000000000000000010001000000010000000000000000000000000000000000
000000001001000000000000000000000000000000000000100000000000101000000000000000000000000000000000000000000000000000110010000000000000000000000000000000000001000000000100000000000000000000000000000000000000010010100000000000000000000000000000000001000010100101100000000000000000000000000000000000010000000011101000000000000000000000000000
000100001100000000100000000000000000000000000000000000100100000110000000000000000000000000000000000000000010000111011000000000000000000000000000000000000100110010000010000000000000000000000000000010010010000000000000000000000000000000000000000000000000100000000000000000000000000000000000000110010100101000000000000000000000000000000000
100000011001111000010000000000000000000000000000000000000100000000000000000000000000000000000001101001001100100000001111000000000000000000000000000000110011100010110000000000000000000000000000000000000001000110100100000000000000000000000000001110000100000000000000000000000000000000000000000000000000000000000000000000000000000000000000
000000000000000011010000000000000000000000000000000000000100000000000000000000000000000000000000000000000110000010001000000000000000000000000000000000100011110010000000000000000000000000000001010010100110000000000000000000000000000000000000000000010000000100000000000000000000000000000000000100010000011100000000000000000000000000000000
000000000100010000000000000000000000000000000000000000000000110010000000000000000000000000000000000001010000000010000000000000000000000000000000000000001001010000000000000000000000000000000000000000000000011100100000000000000000000000000000000101000000010010000000000000000000000000000000000010000000010011000000000000000000000000000000
000001000010000000000000000000000000000000000000000000000000000000000000000000000000000000000000000000000000000010000000000000000000000000000000000000000000000100000000000000000000000000000000000000000000000000000000000000000000000000000000000000000001101000000000000000000000000000000000000000000010100100000000000000000000000000000000
000000000000001000011000000000000000000000000000000001000000000000000000000000000000000000000000000000000000000010000000010000000000000000000000000100001001001010110000000000000000000000000000000000001010001000000000000000000000000000000000000000000000000000000000000000000000000000000000000000000000000000000000000000000000000000000000
000000000100000100010000000000000000000000000000000000000010001110000000000000000000000000000000100000000010001000000000000000000000000000000000100000000000000100000000000000000000000000000000000000000010001000000000000000000000000000000000000001000010000001100000000000000000000000000000000000001001000000000000000000000000000000000000
000000010001000001000000000000000000000000000000000000100001010000000000000000000000000000000000000001000000000010100000000000000000000000000000000000000010000010010000000000000000000000000000000000000000000100000000000000000000000000000000000000000100001000000000000000000000000000000000000000000000100101000000000000000000000000000000
000000000010000000000000000000000000000000000000000000000100000000100100000000000000000000000000000000001000000000000000000000000000000000000000100000000100000000000000000000000000000000000000000000000001011000000000000000000000000000000000000000001000000100000000000000000000000000000000100000000000000010100000000000000000000000000000
010001000000000000000000000000000000000000000000000000000000001010000000000000000000000000000000000000000000011100000000000000000000000000000000100000001000000000000000000000000000000000000000000000000000000000000000000000000000000000000000000000000000000001100000000000000000000000000000000000000000100100000000000000000000000000000000
000000000010000000000000000000000000000000000000000000000000000100000010000000000000000000000000000000000000000101000100000000000000000000000000000000000100000010000000000000000000000000000000010000000000100000000000000000000000000000000000000000000000110010000000000000000000000000000000000000000000010000000000001000000000000000000000
000000000000000011100000000000000000000000000000000000000000000000000000000000000000000000000000000000000001010000000000000000000000000000000000000000000000000000000100000000000000000000000000000000000000000000000100000000000000000000000000000000000000000000000000000000000000000000000000000000000000001110000000000000000000000000000000
000000001000011000000000000000000000000000000000000000000000000000000000000000000000000000000000000000000110000000000000000000000000000000000000001100000000000100000000000000000000000000000000000000000000010000000000000000000000000000000000000000000000000001000000000000000000000000000000000000000000000010010000000000000000000000000000
000000000000000000000000000000000000000000000000000001010000001000100000000000000000000000000000000010100000000000100000000001000000000000000000000000000100000000000000000000000000000000000000000000100010100010000000000000000000000000010000000000000000000000000000000000000000000000000000000000000000000010010010000000000000000000000000
000000010000000010100000000000000000000000000000000000000011100000100100000000000000000000000000000100000000101001000000000000000000000000000000001000000000011000000000000000000000000000000000000000000000101010010000000000000000000000000000000000000000100000000000000000000000000000000000000000000000000100000000000000000000000000000000
000000010000010000100000000000000000000000000000000000000000010001100000000000000000000000000000000000100010000010000000000000000000000000000000000000000000100100001000000000000000000000000000000000000100000100000001000000000000000000000000000000000000000000000000000000000000000000000000000000100000100000000000000000000000000000000000
000000000000010001000000000000000000000000000000000000000000010100000000000000000000000000000000000000000010100000000000000000000000000000000000000001000000001001000000000000000000000000000000000000000000010000001000000010000000000000000000000000000000000011000000000000000000000000000000000000000010000010001000000000000000000000000000
000000000000001100000000000000000000000000000000000000000000000010100000000000000000000000000000000000000000010110000000000000000000000000000000100000100000001100000000000000000000000000000000000000010000010100000000000000000000000000000000000000000000001001000000000000000000000000000000000000000100100000000000000000000000000000000000
000000000011100100000000000000000000000000000000010000000000000000000000000000000000000000000000000000000000000100000000000000000000000000000000000000000001000000001010000000000000000000000000000000000000001001100100000000000000000000000000000000000000011000000000000000000000000000000000000000000010010110001000010000000000000000000000
000000000000001000000011000000000000000000000000000000000000000000100000000000000000000001000000000000000000000100000100000000000000000000000000000000000000000111000000000000000000000000000000000000100000000110001100000000000000000000000001000000000100000011100000000000000000000000001100010000101000000100001000000100000000000000000000
000000010001000100000100000000000000000000000000000101000100010100000000000000000000000000000000000000100011011000000100000000000000000000000000000000000000000011100100000000000000000000000000000000001001000000001100000000000000000000000000000001100000010000011000000000000000000000000000000000000100100001010011000000000000000000000000
000000010000011010010000000000000000000000000000010000000000000110000000000000000000000000000000000000000000000000010000000000000000000000000000000000000000000000000000000000000000000000000000000000100000000000000000000000000000000000000000000001000000000001010000000000000000000000000000000000000000000000000000000000000000000000000000
000101000000000000000000000000000000000000000000000010001111000110000000000000000000000000000000000001000110000001110010000000000000000000000000010000000000011000010001000000000000000000000000000100000100010100010100000000000000000000000000001000000110001100000000000000000000000000000000000000010011000100000000000000000000000000000000
000100000000101000000000000000000000000000000000000100000010100100000000000000000000000000000000001100000100001100010000000000000000000000000000000000000011011100000000000000000000000000000000000000000010000010000000000000000000000000000000100000001100000100000000000000000000000000000000000000010110000000000000000000000000000000000000
000000000000010000000001000000000000000000000000000000000000000000000000000000000000000000000000000000000001101001010000000000000000000000000000000001110010000100001000000000000000000000000000000000000000110010110000000000000000000000000000000001010000100111010000000000000000000000000000000000001000100001001000000000000000000000000000
001000000000000001000110001000000000000000000000000000100000000111001000000000000000000000000000000000001000000100001000100000000000000000000000000000101000000100010000001000000000000000000000000000001000000111000000000000000000000000000000000001100100001000000000000000000000000000000000000000000000000110010010000000000000000000000000
000000000000000000000000000000000000000000000000000000000000000110001100000000000000000000000000000000111000000010100000000000000000000000000000000001100010100000000000000000000000000000000000000001010111000010001000000000000000000000000000010000000000000001000000000000000000000000000000000000000000000000000000000000000000000000000000
000000000000000000000000000000000000000000000000000000000011000001000000000000000000000000000000000000000000000010000000000000000000000000000000000000000000000000001000000000000000000000000001000001000001011101000000000000000000000000100000000000000000000001000000000100000000000000000000001000000000000000010001000000000000000000000000
000000000000000110000000000000000000000000000000000000000000100100000001000000000000000000000000000000001001110001000000000000000000000000000000001000010110010010000000000000000000000000000000000001100010001000000000000000000000000000000000000000000010000110010000000000000000000000000000000000000000000100000000000000000000000000000000
000000000000000000000000000010000000000000001001000000000100000000000000000000000000000000000000000000000010000010000000000000000000101000000000000001010000010000010100000000000000000000000000110000000000000010100101000000000000000000000000000000001010000000000111010000000000000000000000000001000000010110000100000000000000000000000000
000000000000000100000100000000000000000000000000000100000000000100000001000000000000000000000000000000000000010110000000100000000000000000000000000000010010100010000000000000000000000000000000110000000000000000110000000000000000000000000000000000000000000001100000000000000000000000000000000000010100000010110000000000000000000000000000
000000000000001110000001000000000000000000000000000000000000000000110000000000000000000000000000000000001000100000000000000000000000000000000000000000001001000010000000000000000000000001000000000000000010000001000000000000000000000000000000000000000001010000000000000000000000000000000000000010000010000000000001000000000000000000000000
000000010000000000100100000000000000000000000000000000000100000000011000000000000000000000000000000000000000000001000000000000000000000000000000000000000000000000111000000000000000000000000000000000000001010000100000000000000000000000000000000000000000000000000000000000000000000000000000000000000001010100000000000000000000000000000000
000000000011101000000000000000000000000000000000000000010110001000100000000000000000000000000000000011010000001001100000000000000000000000000000000000000001100001000000000000000000000000000000000000000000001110000000000000000000000000000000000000000000001000011000000000000000000000000000000001000000000000000010000000000000100000000000
000000000100001100010000000000000000000000000100000000000000000000000000000000000000000000000000000010000000000010000000000000000000000000000000001000000000000100000000000000000000000000000000000010000000000000000000000000000000000000000000000000001000000000000000000000000000000000000000000000000001000110000000000000000000000000000000
000000000000000100001100000000000000000000000000000000000000000001010000000000000000000000000000000000000000000100011000000000000000000000000000010001000000110000100000000000000000000000000000000000000000011001000010100000000000000000000000000000000010000101100000001000000000000000000000000000000001000100000000000000000000000000000000
000001000000000000100000000000000000000000000000001000000000010001000000000000000000000000000000000000000000010000011000000000000000000000000000000000000000000000000000000000000000000000000010000000010000100011000000000000000000000000000000001000000010000000000000000000000000000000000000000010000000000101010010000000000000000000000000
010000000110111000000000000000000000000000000000000000000110101010100000000000000000000000000000000000010000100111000000000000000000000000000000001000010001100011000000000000000000000000000010000000010001000100000000000000000000000000000000000100000000100010000000000000000000000000000000000000000000000000000000000000000000000000000000
000000010000010001110110000000000000000000000000001000101000100001000000000000000000000000000000000000000100000000001000000000000000000000000000000000000000001000000000000000000000000000000000000000000000000000100000000000000000000000000000000000001000101000000000000000000000000000000001000000000000001000000000000000000000000000000000
000010100000000000100000000000000000000000000000000000000000001010100000000000000000000000000000000000000000000000100000000000000000000000000000000000100000000000100000000000000000000000000000000000000000000001001010100000000000000000000000000001001001000000000000000000000000000000000000000000000000010000100000000000000000000000000000
000000000000001010000110000000000000000000000000000010000001000100000100000000000000000000000000000001000010101010000000000000000000000000000000000000000100001011000000000000000000000000000000000000000010111100000000000000000000000000000000000001001000000001000000000000000000000000000000000000000000001100000000000000000000000000000000
000000000000001000010000000000000000000000000000000000000000000000100000000000000000000000000000000000000100001000000000000000000000000000000000000000000000001000010000010000000000000000000000000000001000000000000000000000000000000000000000000000000000000000100000000000000000000000000000000000000000000010011000000000000010010000000000
000000000000001111100000000000000000000000000000000000000000100001000000001000000000000000000000000000000010010111000000010000000000000000000000000000000011000001101100000000000000000000000000000000000000001011110000000000000000000000000000000000000000000011010010000000000000000000000000000000000000001000100110000000000000000000000000
000100110001000011000000000000000000000000000000000000000101000111100010000000000000000000000000000000000000000011000001000000000000000000000000000001100001000001010000001100000000000000000000000011100000000111000000000000000000000000000000000000000000000001100010111000000000000000010000000000000000000000000000000000000000000000000000
000000000000001110000000000000000000000000000000000000000000000111100110000000000000000000000000000000001001010110000101000000000000000000000000000000000000000001110011110100000000000000000000010010000000001111010100010100000000000000000000000000001000001110101001100100000000000000000000000000000000100111011011101100000000000000000000
000100101000101100101011000000000000000000000000000001000000000000011000001000000000000000000000100000000000000110101111101000000000000000000000000000000101000010011001000000000000000001011100000000000000000000101000000000000000000000000000000000000000000000000000110000000000000000000000000000000000000000000000000100000000000000000000
000000000000000011110011011110000000000000000000000000000000000000000000000011100000000000000000000000000000000000000111101010000000000000000000000000000000110000000000000000000000000000000000000000000000000001100101001110000000000000000000000010101000000110010000000000000000000000000000000000000000000000000000000000000000000000000000
000000000001100000000000000000000000000000000000000000000000000000000000000000000000000000000000000000000000000000000000000000000000000000000000000000000000000001001000000000000000000000000000000000000000000000000011111000000000000000000000000000000000000011110100000000000000000000000000000000000000000000000000011100000000000000000000
000000000000000000000000000000000000000000000000000000000000000000011010000000000000000000000000000000000000000000000000000000000000000000000000000000110111011100110000000000000000000000000000000000000000000000000000000000000000000000000000000000000000001110010110000000000000000000000000000000000000100000000001110000000000000000000000
000000000000000000000111110100000000000000000000000000000000000000000001000000000000000000000000000000000000000011010100000000000000000000000000000000000000000100000000111100000000000000000000000000000000000110000000000000000000000000000000000000000000000010110000000000000000000000000100100000100000000110100011110000000000000000000000
000000000000000001100000000000000000000000000000000000000101000001000011111000000000000000000000000000000000000100000110000000000000000000000000000000000000001000111000010010100000000000000000000000000000000000011010000000000000000000000000000001000000000010001100010000001000000000000000000010000000010100001000001101010010000001000000
000000000000000000000000000000000000000000000000000000000000000010101111011000000000101000000000000000000000000000000000000110010001001000000000000000000010000101110101101101000000000000010000010110010000000100110000000010000000000000000110000000010101000010000000000000000000000000010001100000000100100001000000000000000000000000000000
100101000000000000010000000000000000000000000010000000000001000000001100000010000000000001100000001010000000011001000000000000000000000000000010000010101001000000010000010000000010000000011010011000001001000000111000000000000000000000011000010101010000000000000000000000000000000000000000000000000000000000001000000000000000000001100000
000000010010001000000010000000000000000000110000010000100000101011000000000001000000000000000000001000101000011000000000000000000000000000000101011000000000000001000000000000000000000000000000000010000000000000000000000000000000000000000000011011011000100101000100000000000000000000000000000000000001110011011010000000000000000001111100
000000000010011101010011000000000000000000000000001000101010100000000000000000000000000000000000000000000000000000000000000000000000000000000000000000000000000000000000000000000000000000000001101001000000010000010010010000000000000000000000000000000001001101000000011000000000000000000000000000000100011000001001111111000000000000000000
000000000000000000000000000000000000000000000000000000000000000000000000000000000000000000000000000000000000000000000000000000000000000000000000000000000000000000000000000000000000000000000000000000000000000000000000000000000000000000000000000000000000000000000000000000000000000000000000000000000000000000000000000000000000000000000000
000000000000000000000000000000000000000000000000000000000000000000000000000000000000000000000000000000000000000000000000000000000000000000000000000000000000000000000000000000000000000000000000000000000000000000000000000000000000000000000000000000000000000000000000000000000000000000000000000000000000000000000000000000000000000000000000
000000000000000000000000000000000000000000000000000000000000000000000000000000000000000000000000000000000000000000000000000000000000000000000000000000000000000000000000000000000000000000000000000000000000000000000000000000000000000000000000000000000000000000000000000000000000000000000000000000000000000000000000000000000000000000000000
000000000000000000000000000000000000000000000000000000000000000000000000000000000000000000000000000000000000000000000000000000000000000000000000000000000000000000000000000000000000000000000000000000000000000000000000000000000000000000000000000000000000000000000000000000000000000000000000000000000000000000000000000000000000000000000000
000000000000000000000000000000000000000000000000000000000000000000000000000000000000000000000000000000000000000000000000000000000000000000000000000000000000000000000000000000000000000000000000000000000000000000000000000000000000000000000000000000000000000000000000000000000000000000000000000000000000000000000000000000000000000000000000
000000000000000000000000000000000000000000000000000000000000000000000000000000000000000000000000000000000000000000000000000000000000000000000000000000000000000000000000000000000000000000000000000000000000000000000000000000000000000000000000000000000000000000000000000000000000000000000000000000000000000000000000000000000000000000000000
000000000000000000000000000000000000000000000000000000000000000000000000000000000000000000000000000000000000000000000000000000000000000000000000000000000000000000000000000000000000000000000000000000000000000000000000000000000000000000000000000000000000000000000000000000000000000000000000000000000000000000000000000000000000000000000000
000000000000000000000000000000000000000000000000000000000000000000000000000000000000000000000000000000000000000000000000000000000000000000000000000000000000000000000000000000000000000000000000000000000000000000000000000000000000000000000000000000000000000000000000000000000000000000000000000000000000000000000000000000000000000000000000
000000000000000000000000000000000000000000000000000000000000000000000000000000000000000000000000000000000000000000000000000000000000000000000000000000000000000000000000000000000000000000000000000000000000000000000000000000000000000000000000000000000000000000000000000000000000000000000000000000000000000000000000000000000000000000000000
000000000000000000000000000000000000000000000000000000000000000000000000000000000000000000000000000000000000000000000000000000000000000000000000000000000000000000000000000000000000000000000000000000000000000000000000000000000000000000000000000000000000000000000000000000000000000000000000000000000000000000000000000000000000000000000000
000000000000000000000000000000000000000000000000000000000000000000000000000000000000000000000000000000000000000000000000000000000000000000000000000000000000000000000000000000000000000000000000000000000000000000000000000000000000000000000000000000000000000000000000000000000000000000000000000000000000000000000000000000000000000000000000
000000000000000000000000000000000000000000000000000000000000000000000000000000000000000000000000000000000000000000000000000000000000000000000000000000000000000000000000000000000000000000000000000000000000000000000000000000000000000000000000000000000000000000000000000000000000000000000000000000000000000000000000000000000000000000000000
000000000000000000000000000000000000000000000000000000000000000000000000000000000000000000000000000000000000000000000000000000000000000000000000000000000000000000000000000000000000000000000000000000000000000000000000000000000000000000000000000000000000000000000000000000000000000000000000000000000000000000000000000000000000000000000000
000000000000000000000000000000000000000000000000000000000000000000000000000000000000000000000000000000000000000000000000000000000000000000000000000000000000000000000000000000000000000000000000000000000000000000000000000000000000000000000000000000000000000000000000000000000000000000000000000000000000000000000000000000000000000000000000
000000000000000000000000000000000000000000000000000000000000000000000000000000000000000000000000000000000000000000000000000000000000000000000000000000000000000000000000000000000000000000000000000000000000000000000000000000000000000000000000000000000000000000000000000000000000000000000000000000000000000000000000000000000000000000000000
000000000000000000000000000000000000000000000000000000000000000000000000000000000000000000000000000000000000000000000000000000000000000000000000000000000000000000000000000000000000000000000000000000000000000000000000000000000000000000000000000000000000000000000000000000000000000000000000000000000000000000000000000000000000000000000000
000000000000000000000000000000000000000000000000000000000000000000000000000000000000000000000000000000000000000000000000000000000000000000000000000000000000000000000000000000000000000000000000000000000000000000000000000000000000000000000000000000000000000000000000000000000000000000000000000000000000000000000000000000000000000000000000
000000000000000000000000000000000000000000000000000000000000000000000000000000000000000000000000000000000000000000000000000000000000000000000000000000000000000000000000000000000000000000000000000000000000000000000000000000000000000000000000000000000000000000000000000000000000000000000000000000000000000000000000000000000000000000000000
000000000000000000000000000000000000000000000000000000000000000000000000000000000000000000000000000000000000000000000000000000000000000000000000000000000000000000000000000000000000000000000000000000000000000000000000000000000000000000000000000000000000000000000000000000000000000000000000000000000000000000000000000000000000000000000000
000000000000000000000000000000000000000000000000000000000000000000000000000000000000000000000000000000000000000000000000000000000000000000000000000000000000000000000000000000000000000000000000000000000000000000000000000000000000000000000000000000000000000000000000000000000000000000000000000000000000000000000000000000000000000000000000
000000000000000000000000000000000000000000000000000000000000000000000000000000000000000000000000000000000000000000000000000000000000000000000000000000000000000000000000000000000000000000000000000000000000000000000000000000000000000000000000000000000000000000000000000000000000000000000000000000000000000000000000000000000000000000000000
000000000000000000000000000000000000000000000000000000000000000000000000000000000000000000000000000000000000000000000000000000000000000000000000000000000000000000000000000000000000000000000000000000000000000000000000000000000000000000000000000000000000000000000000000000000000000000000000000000000000000000000000000000000000000000000000
000000000000000000000000000000000000000000000000000000000000000000000000000000000000000000000000000000000000000000000000000000000000000000000000000000000000000000000000000000000000000000000000000000000000000000000000000000000000000000000000000000000000000000000000000000000000000000000000000000000000000000000000000000000000000000000000
000000000000000000000000000000000000000000000000000000000000000000000000000000000000000000000000000000000000000000000000000000000000000000000000000000000000000000000000000000000000000000000000000000000000000000000000000000000000000000000000000000000000000000000000000000000000000000000000000000000000000000000000000000000000000000000000
000000000000000000000000000000000000000000000000000000000000000000000000000000000000000000000000000000000000000000000000000000000000000000000000000000000000000000000000000000000000000000000000000000000000000000000000000000000000000000000000000000000000000000000000000000000000000000000000000000000000000000000000000000000000000000000000
000000000000000000000000000000000000000000000000000000000000000000000000000000000000000000000000000000000000000000000000000000000000000000000000000000000000000000000000000000000000000000000000000000000000000000000000000000000000000000000000000000000000000000000000000000000000000000000000000000000000000000000000000000000000000000000000
000000000000000000000000000000000000000000000000000000000000000000000000000000000000000000000000000000000000000000000000000000000000000000000000000000000000000000000000000000000000000000000000000000000000000000000000000000000000000000000000000000000000000000000000000000000000000000000000000000000000000000000000000000000000000000000000
000000000000000000000000000000000000000000000000000000000000000000000000000000000000000000000000000000000000000000000000000000000000000000000000000000000000000000000000000000000000000000000000000000000000000000000000000000000000000000000000000000000000000000000000000000000000000000000000000000000000000000000000000000000000000000000000
000000000000000000000000000000000000000000000000000000000000000000000000000000000000000000000000000000000000000000000000000000000000000000000000000000000000000000000000000000000000000000000000000000000000000000000000000000000000000000000000000000000000000000000000000000000000000000000000000000000000000000000000000000000000000000000000
000000000000000000000000000000000000000000000000000000000000000000000000000000000000000000000000000000000000000000000000000000000000000000000000000000000000000000000000000000000000000000000000000000000000000000000000000000000000000000000000000000000000000000000000000000000000000000000000000000000000000000000000000000000000000000000000
000000000000000000000000000000000000000000000000000000000000000000000000000000000000000000000000000000000000000000000000000000000000000000000000000000000000000000000000000000000000000000000000000000000000000000000000000000000000000000000000000000000000000000000000000000000000000000000000000000000000000000000000000000000000000000000000
000000000000000000000000000000000000000000000000000000000000000000000000000000000000000000000000000000000000000000000000000000000000000000000000000000000000000000000000000000000000000000000000000000000000000000000000000000000000000000000000000000000000000000000000000000000000000000000000000000000000000000000000000000000000000000000000
000000000000000000000000000000000000000000000000000000000000000000000000000000000000000000000000000000000000000000000000000000000000000000000000000000000000000000000000000000000000000000000000000000000000000000000000000000000000000000000000000000000000000000000000000000000000000000000000000000000000000000000000000000000000000000000000
000000000000000000000000000000000000000000000000000000000000000000000000000000000000000000000000000000000000000000000000000000000000000000000000000000000000000000000000000000000000000000000000000000000000000000000000000000000000000000000000000000000000000000000000000000000000000000000000000000000000000000000000000000000000000000000000
000000000000000000000000000000000000000000000000000000000000000000000000000000000000000000000000000000000000000000000000000000000000000000000000000000000000000000000000000000000000000000000000000000000000000000000000000000000000000000000000000000000000000000000000000000000000000000000000000000000000000000000000000000000000000000000000
000000000000000000000000000000000000000000000000000000000000000000000000000000000000000000000000000000000000000000000000000000000000000000000000000000000000000000000000000000000000000000000000000000000000000000000000000000000000000000000000000000000000000000000000000000000000000000000000000000000000000000000000000000000000000000000000
000000000000000000000000000000000000000000000000000000000000000000000000000000000000000000000000000000000000000000000000000000000000000000000000000000000000000000000000000000000000000000000000000000000000000000000000000000000000000000000000000000000000000000000000000000000000000000000000000000000000000000000000000000000000000000000000
000000000000000000000000000000000000000000000000000000000000000000000000000000000000000000000000000000000000000000000000000000000000000000000000000000000000000000000000000000000000000000000000000000000000000000000000000000000000000000000000000000000000000000000000000000000000000000000000000000000000000000000000000000000000000000000000
000000000000000000000000000000000000000000000000000000000000000000000000000000000000000000000000000000000000000000000000000000000000000000000000000000000000000000000000000000000000000000000000000000000000000000000000000000000000000000000000000000000000000000000000000000000000000000000000000000000000000000000000000000000000000000000000
000000000000000000000000000000000000000000000000000000000000000000000000000000000000000000000000000000000000000000000000000000000000000000000000000000000000000000000000000000000000000000000000000000000000000000000000000000000000000000000000000000000000000000000000000000000000000000000000000000000000000000000000000000000000000000000000
